id,provincia,propauto,cantmiem,gastot,gastotpc,gc_01,gc_02,gc_03,gc_04,gc_05,gc_06,gc_07,gc_08,gc_09,gc_10,gc_11,gc_12,ingtoth,ingpch,tn_restaurant,tn_internet,cat_gastos_internet,cat_gastos_restaurant,cat_gc_01
40359439,6,1,2,3860.15,1930.075,1970.15,0,0,1050,0,0,0,200,520,0,0,120,12000,6000,0,0,0,0,1
10041988,6,2,1,39422.0779,39422.0779,4796.0379,467.64,0,1257,2400,800,11258,0,643,0,0,17800.4,33816.6666666667,33816.6666666667,0,0,0,0,0
432086526,6,1,1,5361.0089,5361.0089,4011.0089,0,0,1350,0,0,0,0,0,0,0,0,21239.08,21239.08,0,0,0,0,1
394534580,6,2,3,48409.6078,16136.5359333333,6453.6918,0,1605,4945.4,6666.638,0,10062.4,3639,4936.85,3200,2524.39,4376.238,29583.3333333333,9861.11111111111,1667.05,0,0,1,0
595206210,6,1,7,26853.13,3836.16142857143,7001.61,0,400,2724,96,2558.8,2788.52,2380,1220,0,7534.2,150,101599.833333333,14514.2619047619,0,0,0,0,0
857320528,6,1,3,14582.35,4860.78333333333,2273.25,0,2250,7050,940,0,1169.1,0,900,0,0,0,23733.3333333333,7911.11111111111,0,0,0,0,0
556375951,6,1,3,10395.44,3465.14666666667,2134.69,0,0,397,216.97,0,1732,650,216,0,4702.38,346.4,8400,2800,4702.38,0,0,1,0
887707012,6,3,3,13950.866,4650.28866666667,1796.95,0,1080,2230,1990,1200,1852.35,1175,1633,0,736.1,257.466,46475,15491.6666666667,0,0,0,0,0
798074862,6,2,2,10099.8312,5049.9156,5700.6182,519.6,0,867,83.569,0,1299,215,220.83,0,0,1194.214,26360,13180,0,0,0,0,1
391703076,6,1,2,25736.01,12868.005,1545.81,0,0,8656,75.2,0,2827,4691,7791,0,0,150,62200,31100,0,3650,1,0,0
273007766,6,2,5,22941.145,4588.229,8296.28,1480.86,1500,2100,1680,0,3464.065,866,3356,0,0,197.94,24700,4940,0,0,0,0,0
878104203,6,2,5,17966.668,3593.3336,1290.34,1710.35,0,2286.5,0,450,3256.278,605,495,7500,173.2,200,42500,8500,0,0,0,0,0
664427579,6,1,2,10121.4298,5060.7149,6800.265,411.35,160,702.21,116.72,0,224,480,877,0,173.2,176.6848,15409,7704.5,0,0,0,0,1
232364139,6,1,4,23256.9,5814.225,3741.12,0,4200,7879.5,2050.56,0,1629.51,900,1280,0,160,1416.21,27000,6750,0,0,0,0,0
229828486,6,1,2,19926.0019,9963.00095,2693.26,0,0,1460,735.89,11922.3519,1732,300,0,0,1082.5,0,23833.3333333333,11916.6666666667,1255.7,0,0,1,0
511918326,6,1,1,18421.8,18421.8,5771.89,0,0,9478,0,389.7,1450.55,250,340,0,441.66,300,29000,29000,0,0,0,0,0
321767589,6,2,2,31706.2845,15853.14225,10915.93,0,2500,5047.55,332.977,2060.8635,5723.8,1400,950,0,714.45,2060.714,25334.3333333333,12667.1666666667,0,0,0,0,0
916729245,6,1,1,6493.115,6493.115,3262.655,0,630,445,246.81,203.51,384,550,240,0,0,531.14,8000,8000,0,0,0,0,1
665711534,6,1,5,12527.985,2505.597,5702.61,0,2270,1350,205,0,2435.625,0,200,0,0,364.75,21920,4384,0,0,0,0,0
409819114,6,1,4,14077.36,3519.34,5204.66,0,1400,2300,0,1216.5,1472.2,0,1590,28,866,0,4000,1000,0,0,0,0,0
366077281,6,1,4,11019.215,2754.80375,4840.94,160.21,0,1870.5,1125.55,0,595.375,300,1736.94,0,121.24,268.46,9071,2267.75,0,0,0,0,0
344496043,6,2,3,49440.5085,16480.1695,6156.0043,0,6840,1691,744,1047.63,7219.03,1100,14401,0,7105.53,3136.3142,43333.3333333333,14444.4444444444,6585.93,0,0,1,0
206011978,6,2,2,13665.981,6832.9905,3919.083,1224.524,4080,1340,219.964,0,346.4,2116,69.28,0,0,350.73,44500,22250,0,0,0,0,0
875219637,6,2,2,30058.67,15029.335,8346.075,1610.76,1000,2230,0,0,8999.848,3875,1945,0,1147.45,904.537,16266.6666666667,8133.33333333333,0,0,0,0,0
427107131,6,1,2,5710.5,2855.25,3247.5,0,0,1650,0,0,0,0,663,0,0,150,38133.3333333333,19066.6666666667,0,0,0,0,1
680480346,6,1,5,25315.2975,5063.0595,5838.139,0,640,1586,3203.767,0,1899.7875,1400,700,700,8724.95,622.654,30000,6000,4373.3,0,0,1,0
409086116,6,3,3,32706.58,10902.1933333333,9543.32,0,2150,2357.5,634.71,1856.2,2640.1,885,3140,0,649.5,8850.25,24000,8000,0,0,0,0,0
776125685,6,1,1,4040.25,4040.25,1840.25,0,0,1800,0,0,0,400,0,0,0,0,7483.33333333333,7483.33333333333,0,0,0,0,0
626827879,6,1,2,8861.36,4430.68,956.93,1606.43,0,3250,1648,0,0,900,500,0,0,0,34784.9633333333,17392.4816666667,0,0,0,0,0
541267546,6,1,2,6209.593,3104.7965,2277.58,0,250,1740.753,206.6,320,519.6,540,0,0,0,355.06,16700,8350,0,0,0,0,0
627945327,6,1,4,15740.642,3935.1605,4910.22,740.43,3100,4470,220,0,365.452,400,800,0,0,734.54,27460.34,6865.085,0,0,0,0,0
218315793,6,2,4,4432.51,1108.1275,671.15,0,0,2480,0,0,831.36,0,450,0,0,0,49500,12375,0,0,0,0,0
402767383,6,1,3,17073.57,5691.19,3719.47,389.7,550,2670,670,100,411.35,1270,2940,1200,2533.05,620,8666.66666666667,2888.88888888889,844.35,0,0,1,0
970321815,6,1,10,8839.096,883.9096,2381.5,1091.16,0,4740,51.96,0,74.476,300,200,0,0,0,17988,1798.8,0,0,0,0,0
688429900,6,2,3,46898.555,15632.8516666667,1861.9,0,3300,1693.3,176.21,5933,20253.4,1474,1490,2310,2000.46,6406.285,55934.6666666667,18644.8888888889,2000.46,350,1,1,0
445461823,6,1,3,24068.3146,8022.77153333333,8218.34,0,350,1657.71,1622.9,3486.6,414.0346,2347.26,1080.31,2300,866,1725.16,38600,12866.6666666667,0,0,0,0,0
155438766,6,1,1,23269.24,23269.24,12461.74,649.5,1780,3056,1472,50,0,1712.5,2087.5,0,0,0,30833.3333333333,30833.3333333333,0,1300,1,0,1
438355177,6,1,1,18728.9407,18728.9407,5553.225,0,0,2189.52,1308,5361.2454,1403,522.73,1600,0,129.9,661.3203,16706,16706,0,0,0,0,0
285416849,6,1,3,18831.02,6277.00666666667,4503.2,0,950,6275,2135,0,1835.92,970,300,0,1861.9,0,36833.3333333333,12277.7777777778,1169.1,0,0,1,0
683002648,6,1,4,18409.72,4602.43,3416.37,281.45,0,10512,997.8,433,1169.1,400,1200,0,0,0,19951,4987.75,0,0,0,0,0
314487047,6,1,1,87047.0075,87047.0075,15626.97,0,12760,27637,104,3000,4822.5375,1340,5105.2,0,6971.3,9680,26367.8333333333,26367.8333333333,6971.3,0,0,1,0
866070440,6,2,2,34397.3533,17198.67665,5486.1533,0,0,600,1547.86,576,21469.14,1120,1495,0,692.8,1410.4,34183.3333333333,17091.6666666667,0,0,0,0,0
24751039,6,1,4,24146.245,6036.56125,12037.4,0,1200,4894,523.93,0,1309.825,1816,1525.07,0,0,840.02,14016.6666666667,3504.16666666667,0,0,0,0,0
908967590,6,1,2,13834.959,6917.4795,597.3235,1082.5,0,1578.33,70.3625,0,4284.968,0,1079.6,0,5066.1,75.775,25576.6666666667,12788.3333333333,3767.1,0,0,1,0
581187672,6,2,1,19940.768,19940.768,1060.85,0,320,778.12,2800,4537.84,2405,1053.02,5095.94,0,1381.27,508.728,33539.1666666667,33539.1666666667,1381.27,0,0,1,0
2657758,6,1,1,11330.18,11330.18,2719.24,0,0,6900,238.15,151.55,121.24,660,540,0,0,0,14783.3333333333,14783.3333333333,0,0,0,0,0
474810619,6,2,7,19717.35,2816.76428571429,3866.69,0,6900,2180,943.94,866,3269.15,650,433,0,0,608.57,59674.0966666667,8524.87095238095,0,0,0,0,0
792140220,6,2,3,24635.44,8211.81333333333,2918.42,571.56,1300,7637.99,2906.58,2200,3485.65,1863,1180,0,0,572.24,26916.6666666667,8972.22222222222,0,0,0,0,0
977252456,6,1,4,8789.076,2197.269,2563.36,173.2,1460,240,0,0,1321.516,0,0,0,1818.6,1212.4,13083.3333333333,3270.83333333333,1818.6,0,0,1,0
850011868,6,2,1,23304.93,23304.93,3667.51,0,3830,8000,476.3,0,2525,1680,1250,0,1440,436.12,17168,17168,0,0,0,0,0
188124729,6,1,2,2730.15,1365.075,1450.55,0,250,320,129.9,0,389.7,0,190,0,0,0,9301.33,4650.665,0,0,0,0,1
261834128,6,1,3,10297.19,3432.39666666667,3966.28,766.41,0,3490,0,300,0,525,450,0,649.5,150,17900,5966.66666666667,0,0,0,0,0
761756307,6,1,4,13644.3809,3411.095225,5097.0595,0,3440,632,1428.0224,0,0,878,1092,0,770.74,306.559,15000,3750,0,0,0,0,0
527782588,6,2,1,26320.128,26320.128,6027.36,0,1300,868,1711.23,2500.79,9111.008,1530,420,0,0,2851.74,8100,8100,0,0,0,0,0
258716310,6,3,3,43547.518,14515.8393333333,8613.4092,0,4671,6757.06,835.73,1797.85,11258.6928,1380,540,0,1337.97,6355.806,51577,17192.3333333333,866,0,0,1,0
552924435,6,1,1,8444.17,8444.17,1407.25,0,0,5800,0,0,536.92,0,700,0,0,0,20000,20000,0,0,0,0,0
368965687,6,2,4,18847.42,4711.855,5334.56,0,1600,1650,0,303.1,5680.96,1500,700,520,1558.8,0,28136.1233333333,7034.03083333333,346.4,0,0,1,0
296218005,6,1,4,32558.47,8139.61749999999,3890.505,3758.44,2410,8600,2190.97,0,1169.1,1507,1285,6300,1201.575,245.88,17666.6666666667,4416.66666666667,595.375,0,0,1,0
705120898,6,2,1,12800.77,12800.77,2476.76,194.85,250,640,1320,0,1124,500,2000,0,3897,398.16,22500,22500,3897,0,0,1,0
818428879,6,2,4,75449.03,18862.2575,20926.89,822.7,700,6153.15,11543.03,363.72,6178.76,495.25,3999.75,18200,4243.4,1822.38,84475.6666666667,21118.9166666667,0,0,0,0,0
813167106,6,2,3,35862.562,11954.1873333333,6284.3022,0,1780,8865,607.932,1391.2891,3464,3000,2100,0,2403.15,5966.8887,34666.6666666667,11555.5555555556,2251.6,0,0,1,0
870842861,6,2,2,16247.1522,8123.5761,627.85,0,1350,4050,0,560,1426.6322,1579,4290,0,519.6,1844.07,25333.3333333333,12666.6666666667,259.8,0,0,1,0
414025632,6,1,1,9894.195,9894.195,2589.34,0,0,4800,0,0,136.395,600,0,1500,0,268.46,4000,4000,0,0,0,0,0
635188819,6,2,4,17360.18,4340.045,6421.39,2091.39,0,2700,0,0,1991.8,1970,630,0,1385.6,170,39600,9900,0,0,0,0,0
290708165,6,1,3,9223.685,3074.56166666667,2251.6,562.9,1400,632,242.48,0,1755.815,1250,40,0,368.05,720.84,26583.3333333333,8861.11111111111,0,0,0,0,0
979633957,6,1,5,7901.794,1580.3588,4342.99,0,0,644.5,43.3,0,601.004,1370,900,0,0,0,10000,2000,0,0,0,0,1
562152689,6,1,1,32001.348,32001.348,10868.3,0,0,1552.04,2537.38,5877.148,3265.35,360,4451,0,1749.32,1340.81,28823.8333333333,28823.8333333333,1749.32,0,0,1,0
967034189,6,1,5,10214.161,2042.8322,6808.925,194.85,0,854,233.82,0,1226.256,216.5,99.59,0,389.7,190.52,46100,9220,0,0,0,0,1
399597162,6,1,5,28546.188,5709.2376,9655.9,519.6,2740,2360,6194.85,412,1128.398,1075,1824.2,0,2121.7,514.54,22833.3333333333,4566.66666666667,1688.7,0,0,1,0
10571098,6,1,2,16915.608,8457.804,2929.678,5044.45,200,6785.48,0,0,0,986,970,0,0,0,4166.66666666667,2083.33333333333,0,0,0,0,0
821648222,6,3,2,19506.8083,9753.40415,5577.2565,0,220,1837.8,844.502,726.35,4713.4648,1814,3065,0,0,708.435,34670.8333333333,17335.4166666667,0,0,0,0,0
533305903,6,2,2,31220.35,15610.175,9075.68,303.1,2960,3060.88,1126.69,1292.8,3480.2,1080,4411.55,1360,1169.1,1900.35,26786.6666666667,13393.3333333333,952.6,0,0,1,0
706444628,6,1,1,4810.59,4810.59,324.75,0,0,2820.34,0,0,0,442,923.5,0,0,300,7300,7300,0,0,0,0,0
70846043,6,1,2,11368.957,5684.4785,2160.67,0,0,1500,3686.687,1602.1,0,649.5,1500,0,0,270,16612.5,8306.25,0,0,0,0,0
274126716,6,2,4,16333.763,4083.44075,4589.8,194.85,250,2564.375,0,0,4245.592,2083,1241.25,0,779.4,385.496,12000,3000,0,0,0,0,0
104951866,6,1,4,7775.93,1943.9825,1493.85,277.12,500,4920,303.1,0,0,100,0,0,0,181.86,7336,1834,0,0,0,0,0
667485111,6,1,3,13883.85,4627.95,7291.72,0,1100,1352,0,0,160,1600,1101.55,0,736.1,542.48,34341.6666666667,11447.2222222222,736.1,0,0,1,1
152287395,6,1,3,16198.16,5399.38666666667,3524.62,0,0,9020,80,0,1463.54,1910,0,0,0,200,7583.33333333333,2527.77777777778,0,0,0,0,0
543673862,6,3,2,29182.4548,14591.2274,2564.5724,0,6820,940,866,2100,2601.031,2153,7194,1264,844.35,1835.5014,25466.6666666667,12733.3333333333,0,1900,1,0,0
416006619,6,1,1,19091.9214,19091.9214,1840.25,1952.83,0,10500,242.48,240,0,1213,448,0,2424.8,230.5614,13500,13500,2424.8,0,0,1,0
141231520,6,2,3,42012.1227,14004.0409,11103.8087,0,0,5229,4664.027,556.46,14415.4,1382,1494,0,0,3167.427,21666.6666666667,7222.22222222222,0,0,0,0,0
437194181,6,1,1,3439.2,3439.2,173.2,0,0,1600,0,0,0,1666,0,0,0,0,7900,7900,0,0,0,0,0
188461510,6,1,1,3192.076,3192.076,1290.34,303.1,0,0,0,0,342.936,0,0,0,1255.7,0,5000,5000,1255.7,0,0,1,0
287835954,6,1,1,11663.226,11663.226,3065.64,0,300,850,1108.48,900.64,519.6,3500,1100,0,0,318.866,8470,8470,0,0,0,0,0
333440312,6,1,3,10317.451,3439.15033333333,3111.971,0,1710,945.2,573.31,0,584.55,1340,0,0,1169.1,883.32,24433.3333333333,8144.44444444444,346.4,0,0,1,0
961775411,6,1,5,38172.1752,7634.43504,18852.82,0,2560,1400,848.68,121.24,4405.5152,360,830.38,1600,3442.35,3751.19,15000,3000,649.5,0,0,1,0
313391683,6,2,2,19346.44,9673.22,4581.14,0,1650,730,216.5,0,9160,800,692.8,0,0,1516,17333.3333333333,8666.66666666667,0,692.8,1,0,0
872611042,6,1,4,18672.59,4668.1475,4801.97,762.08,2000,1300,0,0,1528.49,1850,0,0,6430.05,0,27500,6875,714.45,0,0,1,0
582846155,6,2,5,42016.894,8403.3788,2528.72,0,0,6485,0,12684.6,8191.81,2132,7000,0,2424.8,569.964,52333.3333333333,10466.6666666667,2424.8,10000,1,1,0
188792199,6,1,3,16753.246,5584.41533333334,8538.76,363.72,2420,1035,731.56,0,290.976,220,1600,0,303.1,1250.13,20391.6866666667,6797.22888888889,0,0,0,0,1
226791096,6,1,1,13225.89,13225.89,3433.69,0,0,2150,129.9,6769.1,0,0,570,0,0,173.2,32133.3333333333,32133.3333333333,0,0,0,0,0
620435318,6,1,3,16940.33,5646.77666666667,2461.605,1818.6,0,6540,330,0,920.125,500,3600,40,0,730,1480.16666666667,493.388888888889,0,0,0,0,0
852665611,6,2,2,26486.592,13243.296,7774.082,0,0,6510,294.44,0,4430,1624,1676.3,600,2684.6,893.17,58875,29437.5,1623.75,0,0,1,0
698710570,6,1,2,10796.584,5398.292,2814.5,0,2175,1619.2,1078.7,943.94,904.104,740,170,0,0,351.14,42942,21471,0,0,0,0,0
399189436,6,2,2,9249.105,4624.5525,2591.505,493.62,320,545,563.1,0,2445,280,680,0,0,1330.88,22500,11250,0,0,0,0,0
104455734,6,1,2,51363.3841,25681.69205,10129.6886,0,3620,9030,6361.2867,9668.5798,1715.113,2375,3828.156,0,3247.5,1388.06,46050,23025,1818.6,800,1,1,0
613011955,6,2,5,52801.2033,10560.24066,14505.5,688.47,9840,3550,729.78,0,7878.7133,3090,7840,0,2498.41,2180.33,40000,8000,930.95,0,0,1,0
774568180,6,2,5,27370.47,5474.094,5343.22,753.42,1600,8035,1147.35,300,3481.32,2811.7,2968.46,430,0,500,52350,10470,0,288,1,0,0
625357027,6,1,3,12693.505,4231.16833333333,4154.635,0,0,1840,0,0,1688.7,1512.9,1250,0,2247.27,0,19416.6666666667,6472.22222222222,1104.15,216.5,1,1,0
941817755,6,1,3,15602.95,5200.98333333333,5680.96,0,0,962.395,2790.22,464,1943.75,2326.5,85,0,476.3,873.825,31200,10400,476.3,0,0,1,0
260615937,6,2,3,19000.952,6333.65066666667,4936.2,0,2610,2030,0,0,6441.15,1103.1,1300,60,0,520.502,11130,3710,0,0,0,0,0
712306876,6,2,3,36218.76,12072.92,5087.75,0,5300,3800,1264.15,10000,6676.86,2590,800,700,0,0,35000,11666.6666666667,0,0,0,0,0
717936459,6,2,1,14438.1009,14438.1009,3805.0308,471.97,0,1311.54,3863.508,194.417,285.78,915,2390,0,183.8951,1016.96,32966.6666666667,32966.6666666667,0,0,0,0,0
149669940,6,2,4,50559.7276,12639.9319,14990.8497,3232.0419,4620,2900,959.1383,3723.8,1381.27,1590,2800.95,7848,5131.05,1382.6277,40078.21,10019.5525,0,0,0,0,0
343954443,6,1,1,12552.59,12552.59,2446.45,0,350,6950,0,0,606.2,300,975,0,562.9,362.04,7900,7900,714.45,0,0,1,0
288293342,6,1,1,11666.851,11666.851,1757.98,259.8,700,200,378.235,4546.5,2672.476,700,0,0,0,451.86,7200,7200,0,0,0,0,0
853547365,6,1,5,36770.1,7354.02,15427.79,476.3,2000,2300,1525.74,4490.21,2576.35,1250,1980,0,1299,3444.71,20261.63,4052.326,0,0,0,0,0
765184814,6,2,4,25057.393,6264.34825,2833.985,0,0,2850,896.31,0,7038.848,5300,1000,0,4330,808.25,82100,20525,519.6,0,0,1,0
227945253,6,2,5,28501.1265,5700.2253,6061.9134,0,250,5504,277.12,0,8726.9425,173.2,416.5,0,2727.9,4363.5506,54812.2066666667,10962.4413333333,2078.4,0,0,1,0
678843842,6,1,8,4848.23,606.02875,1493.85,0,0,950,389.7,0,1714.68,150,150,0,0,0,53283.3333333333,6660.41666666667,0,0,0,0,0
872828341,6,1,1,5485.15,5485.15,2576.35,0,0,650,788.06,0,372.38,700,0,0,0,398.36,4800,4800,0,0,0,0,0
659996122,6,2,2,13314.704,6657.352,4711.04,0,1500,1017.5,504.71,0,0,433,2481.174,0,2468.1,199.18,28954.1666666667,14477.0833333333,1558.8,0,0,1,0
877807782,6,2,2,4156.896,2078.448,601.87,359.39,0,59,0,540,204.376,1674,315,0,0,403.26,20300,10150,0,0,0,0,0
9674069,6,2,7,29429.2,4204.17142857143,7317.7,0,600,8700,168.87,600,5906.12,820,0,0,4026.9,1289.61,51750,7392.85714285714,3377.4,0,0,1,0
310196701,6,1,4,19735.1,4933.775,5434.15,0,1208,1022.4,2436.57,129.9,801.05,2280.96,6080,0,0,342.07,11000,2750,0,0,0,0,0
649447249,6,2,3,14051.346,4683.782,1493.85,0,1370,1444,112,0,2365.046,2040,3568.2,1550,108.25,0,21666.6666666667,7222.22222222222,0,0,0,0,0
656366760,6,2,2,16407.397,8203.6985,2884.646,0,0,1161.5,558,2035.1,4026.564,3370.8,1700,0,0,670.787,25857.6666666667,12928.8333333333,649.5,1420.8,1,1,0
263337675,6,2,3,6237.851,2079.28366666667,2619.65,0,0,550,0,0,0,1222,812,800,0,234.201,32166.6666666667,10722.2222222222,0,0,0,0,0
263169573,6,1,2,9572.94,4786.47,3018.01,272.79,0,2200,614.86,840,0,1300,1160,0,0,167.28,22916.6666666667,11458.3333333333,0,0,0,0,0
198506496,6,1,2,7835.036,3917.518,4031.23,0,300,1073,475.4,1310,165.406,280,200,0,0,0,13883.3333333333,6941.66666666667,0,0,0,0,1
12148548,6,2,3,84990.3913,28330.1304333334,12165.1783,368.05,2250,4298.4,5632.276,3000,29481.936,3100,14718.707,0,5888.8,4087.044,115655.5,38551.8333333333,5282.6,6000,1,1,0
461014285,6,1,5,10830.85,2166.17,1255.7,0,540,1050,3350,0,0,0,885,0,0,3750.15,20466.6666666667,4093.33333333333,0,0,0,0,0
247629613,6,2,2,33262.5985,16631.29925,11042.5825,519.6,1650,1825,1767.06,2706.8,3476.26,1750,2550,1200,1840.25,2935.046,32550,16275,0,0,0,0,0
58286228,6,2,3,29019.2606,9673.08686666667,11465.84,0,0,4309.32,841.5,600,5888.8,1730,3160,400,0,623.8006,31936.1666666667,10645.3888888889,0,0,0,0,0
721141589,6,1,1,7251.9375,7251.9375,2642.3825,0,150,1704.805,1719.85,0,259.8,158.5,0,0,0,616.6,12686,12686,0,0,0,0,0
870338041,6,1,5,20509.39,4101.878,9244.55,1788.29,1460,620,0,0,952.6,340,795,0,4503.2,805.75,16276.5,3255.3,4503.2,0,0,1,0
196966080,6,3,2,69989.2024,34994.6012,9759.3004,1861.9,480,4707.52,4853.02,10819,13893.722,3971,17983,650,0,1010.74,53378.21,26689.105,0,2184,1,0,0
464049374,6,1,7,11577.9289,1653.98984285714,4899.5249,0,1800,1920,0,0,644.304,1533,45,0,736.1,0,29078.99,4154.14142857143,0,0,0,0,0
411328946,6,1,2,6658.1,3329.05,1169.1,0,0,3440,0,0,0,320,1729,0,0,0,10208.3333333333,5104.16666666667,0,207.84,1,0,0
17363623,6,3,5,105185.48,21037.096,20260.07,2771.2,24720,3562.62,8486.11,200,10560,5500,15788.28,1700,9474.3,2162.9,107150,21430,2641.3,0,0,1,0
128491762,6,1,2,6618.47,3309.235,4243.4,0,0,1160,40,0,90.93,433,0,0,0,651.14,7500,3750,0,0,0,0,1
17600218,6,1,2,2974.47,1487.235,1641.07,0,0,360,308,0,410.4,0,215,0,0,40,2216.66666666667,1108.33333333333,0,0,0,0,1
453906931,6,2,4,21591.735,5397.93375,2706.25,281.45,1500,9253,2256,120,188.355,3100,600,500,0,1086.68,33556.8333333333,8389.20833333333,0,0,0,0,0
266984655,6,1,1,6277.2108,6277.2108,3931.5101,0,240,0,38.0607,467.64,0,650,800,0,0,150,9666.66666666667,9666.66666666667,0,0,0,0,1
645013362,6,2,6,10620.418,1770.06966666667,5293.858,575.89,0,1916,0,500,861.67,433,1040,0,0,0,16283.3333333333,2713.88888888889,0,0,0,0,0
828986958,6,2,4,32912.69,8228.1725,2035.1,0,520,11625,836,3000,5716.19,1666,800,4396,1905.2,413.2,27000,6750,0,560,1,0,0
147186970,6,1,3,8391.54,2797.18,2740.89,0,1000,2030,0,250,1169.1,800,150,0,0,251.55,36500,12166.6666666667,0,0,0,0,0
461519983,6,1,3,11489.91,3829.97,4572.48,1147.45,0,763.5,567.23,1619.42,779.4,715,922.74,0,402.69,0,15000,5000,0,0,0,0,0
768918003,6,2,4,54221.1635,13555.290875,30067.52,3767.1,5900,4460,112,0,4589.8,1659.4,1930,1234,0,501.3435,37448,9362,0,0,0,0,1
798922944,6,2,5,15239.6693,3047.93386,3988.0599,1804.6574,365,3570.7,0,0,148.952,1422,2424.8,0,1515.5,0,25000,5000,0,2424.8,1,0,0
980387529,6,2,3,67164.3375,22388.1125,4168.7075,0,13800,718.33,1600,5400,3464,2500,11000,0,4892.9,19620.4,14700,4900,2598,0,0,1,0
639088760,6,1,1,28545.19,28545.19,6451.7,0,1740,3340,8662.49,5905,0,400,600,0,0,1446,34226.6666666667,34226.6666666667,0,0,0,0,0
776341790,6,1,1,28615.72,28615.72,1511.17,0,200,11172.35,0,2800,7154.2,850,950,0,3117.6,860.4,34000,34000,1818.6,0,0,1,0
898447011,6,2,2,25055.9331,12527.96655,2770.5505,0,0,824,0,17152.54,1649.73,937,770,0,0,952.1126,38150,19075,0,0,0,0,0
651593186,6,2,2,20085.972,10042.986,4416.167,0,0,2643,0,0,12420.605,0,0,0,606.2,0,52791.3333333333,26395.6666666667,0,0,0,0,0
990100965,6,1,3,24752.49,8250.83,7349.309,3758.44,5200,404.05,190.52,0,2424.8,0,2400,0,1744.99,1280.381,4150,1383.33333333333,0,0,0,0,0
989784226,6,1,4,12017.228,3004.307,4381.96,0,100,801,0,0,2596.268,830,1650,0,1428.9,229.1,41733.3333333333,10433.3333333333,1082.5,0,0,1,0
894156214,6,1,4,19794.8278,4948.70695,5656.7553,606.2,0,5704.4,2531.84,0,222.5375,943,1213,0,0,2917.095,27217.3333333333,6804.33333333333,0,0,0,0,0
944895001,6,1,2,8833.35,4416.675,3494.31,0,200,1670,1020.04,0,692.8,447,1090,0,0,219.2,16166.6666666667,8083.33333333333,0,0,0,0,0
585189360,6,1,4,5682.062,1420.5155,2216.96,0,0,480,0,0,924.022,0,0,0,2061.08,0,3100,775,779.4,0,0,1,0
765982444,6,2,3,14386.3544,4795.45146666667,4878.6976,736.1,0,1920,363.5901,0,2598,350,1845,0,952.6,742.3667,18437.5,6145.83333333333,995.9,0,0,1,0
105136088,6,1,2,24638.293,12319.1465,8440.469,467.64,3400,1790,2612.91,700,1193.5,2364.4,2050,0,1169.1,450.274,10000,5000,389.7,0,0,1,0
705210016,6,1,12,53908.2276,4492.3523,24742.919,179.695,0,10830.32,1546.1997,1516.7557,1842.415,1521.91,1972.35,0,2606.66,7149.0032,81608.3333333333,6800.69444444445,3212.86,0,0,1,0
136339949,6,2,4,18931,4732.75,1498.18,0,0,1700,0,0,3031,1400,440,2059,8616.7,186.12,52911.5433333333,13227.8858333333,6495,0,0,1,0
313950000,6,2,3,13937.412,4645.804,2294.9,324.75,2450,3855,181,1039.2,2117.788,280,1280,0,0,114.774,9400,3133.33333333333,0,0,0,0,0
511076048,6,2,3,12510.405,4170.135,7127.18,0,0,2700,576,0,283.615,775.62,1047.99,0,0,0,18000,6000,0,60.62,1,0,1
673597422,6,1,1,30214.704,30214.704,541.25,0,120,384.5,893.2,24750,830.494,800,1800,0,64.95,30.31,4000,4000,64.95,0,0,1,0
885262934,6,2,3,17409.151,5803.05033333333,3082.96,0,4350,2400,997.604,0,3528.95,900,1500,0,0,649.637,22000,7333.33333333333,0,0,0,0,0
74823770,6,2,8,17587.529,2198.441125,8854.417,0,1260,300,35,0,5908.212,0,667,0,303.1,259.8,24900,3112.5,0,0,0,0,1
144601871,6,2,2,21010.468,10505.234,8045.14,0,300,1045,1679.06,0,3494.638,1510,3820.8,0,0,1115.83,38300,19150,0,0,0,0,0
997304716,6,2,9,13349.54,1483.28222222222,3723.8,0,0,3070,160,0,4975.54,991,119,0,0,310.2,29616.6666666667,3290.74074074074,0,0,0,0,0
93612336,6,1,6,10800.7,1800.11666666667,6018.7,0,0,3050,0,0,1732,0,0,0,0,0,9600,1600,0,0,0,0,1
306263052,6,2,5,25612.46,5122.492,2572.02,0,8500,1235,800,0,4840.94,1750,3100,0,2814.5,0,51000,10200,1039.2,0,0,1,0
934773748,6,2,2,29727.525,14863.7625,1651.895,0,0,9450,260,2300,3140,2245,9125,0,0,1555.63,31666.6666666667,15833.3333333333,0,0,0,0,0
127743999,6,2,2,53201.0033,26600.50165,4690.2993,736.1,2233,4350,8758.4,0,22702.624,2232,4742,0,1593.44,1163.14,1022578.21,511289.105,1593.44,0,0,1,0
58740151,6,1,1,12583.1,12583.1,3031,0,0,5720,0,0,0,825,1175,0,1602.1,230,23833.3333333333,23833.3333333333,1602.1,0,0,1,0
450560367,6,2,2,28452.49,14226.245,4542.17,0,0,9021,0,4087.24,2667.28,2400,700,2000,2411.81,622.99,34000,17000,0,0,0,0,0
139098529,6,1,3,9570.41999999999,3190.14,4065.87,0,2640,1060,0,0,519.6,900,320,0,64.95,0,16583.6866666667,5527.89555555556,0,0,0,0,0
852960250,6,1,2,10678.2395,5339.11975,5084.286,2976.875,0,379,537.5695,450,0,988,0,0,0,262.509,15090,7545,0,0,0,0,0
434142008,6,2,3,21520.4221,7173.47403333333,11851.2966,766.41,30,382.715,2086.5565,2190,830.494,1162.5,1783.5,0,25.6,411.35,24221.75,8073.91666666667,0,950.4,1,0,1
606920582,6,1,5,30407.19,6081.438,7205.12,389.7,6880,9782,587.3,281.45,259.8,1500,725,0,1428.9,1367.92,25005.5,5001.1,129.9,65,1,1,0
919086691,6,2,3,21221.34,7073.78,9703.53,428.67,0,4100,0,2511.4,1299,600,600,0,1082.5,896.24,54116.6666666667,18038.8888888889,1082.5,0,0,1,0
915875993,6,1,3,5978.05,1992.68333333333,2420.47,0,300,300,80,0,909.3,300,150,0,1039.2,479.08,19166.6666666667,6388.88888888889,519.6,0,0,1,0
150936872,6,2,3,49824.68,16608.2266666667,5338.89,558.57,0,14968.79,1723.62,2129.9,14730.4,950,220,2500,4806.3,1898.21,50083.3333333333,16694.4444444444,5260.95,48,1,1,0
653050890,6,2,5,15741.92,3148.384,5369.2,0,0,4000,95.26,3370.74,779.4,520,1607.32,0,0,0,25783.3333333333,5156.66666666667,0,0,0,0,0
737014228,6,3,3,8710.418,2903.47266666667,2779.86,0,1340,900,554.8,281.45,1282.05,0,750,0,0,822.258,32083.3333333333,10694.4444444444,0,0,0,0,0
338757758,6,1,4,7105.53,1776.3825,4403.61,0,0,0,688.47,1008.89,796.72,0,0,0,129.9,77.94,20000,5000,0,0,0,0,1
656890959,6,2,3,10593.63,3531.21,2649.96,0,1550,2000,168.87,259.8,2165,1300,500,0,0,0,32666.6666666667,10888.8888888889,0,0,0,0,0
536394337,6,2,6,17466.522,2911.087,9019.39,0,2500,3559.24,96,0,649.5,200,1169.8,0,129.9,142.692,26250,4375,0,0,0,0,1
897362158,6,2,1,9438.455,9438.455,1950.665,0,45,1904,704,0,649.5,1536.4,850,0,1169.1,629.79,15708.3333333333,15708.3333333333,389.7,0,0,1,0
299153747,6,1,3,5135.03,1711.67666666667,2255.93,0,0,550,0,0,433,736.1,1160,0,0,0,13200,4400,0,0,0,0,0
123815380,6,1,1,8313.7405,8313.7405,3281.4905,0,700,968.98,199.525,0,0,281.2,2015,0,0,867.545,9650.17,9650.17,0,0,0,0,0
940688915,6,2,3,78612.5441,26204.1813666667,14100.6883,0,8800,1540,7671.5302,9030.3016,16581.347,1800,3688,0,5611.68,9788.997,83633.3333333333,27877.7777777778,1065.18,6800,1,1,0
522989118,6,1,3,9392,3130.66666666667,1450.55,0,1950,1008,562,0,2521.45,715,1185,0,0,0,15000,5000,0,0,0,0,0
141019121,6,1,3,21057.69,7019.23,8963.1,1255.7,1350,944.89,861.74,0,822.7,2025,2660.6,0,562.9,1611.06,16416.6666666667,5472.22222222222,562.9,0,0,1,0
478182419,6,2,2,6492.61,3246.305,2338.2,974.25,0,1600,138.56,0,0,580,706.5,0,0,155.1,39101.6666666667,19550.8333333333,0,0,0,0,0
703947185,6,1,4,12685.22,3171.305,3199.87,7599.15,0,780,0,0,606.2,0,500,0,0,0,26000,6500,0,0,0,0,0
771727851,6,1,4,10596.564,2649.141,2169.33,0,600,3765,0,160,107.384,1200,1800,0,194.85,600,7724.09666666667,1931.02416666667,0,0,0,0,0
840305743,6,2,1,45326.4351,45326.4351,20293.2378,259.8,800,6002.44,4631.6171,0,8719.485,1202,2249,0,0,1168.8552,54687.3333333333,54687.3333333333,0,0,0,0,0
447478807,6,1,1,5860.3666,5860.3666,3398.7469,0,99,935,422.6197,0,0,425,580,0,0,0,7000,7000,0,0,0,0,1
265459304,6,2,2,26097.255,13048.6275,3782.255,0,0,2513.1,86.6,0,15930,970,2120,0,0,695.3,28450,14225,0,0,0,0,0
672516431,6,1,1,9136.8057,9136.8057,1915.3322,0,1050,1580,36,0,1299,2011.84,450,300,0,494.6335,11000,11000,0,0,0,0,0
600382671,6,2,4,6939.128,1734.782,1694.0259,0,0,1130,47.63,0,3417.9721,0,0,0,0,649.5,19993.23,4998.3075,0,0,0,0,0
405352646,6,1,1,19006.25,19006.25,3827.72,0,1600,8530,151.55,1586.22,1480.86,1070,630,0,0,129.9,25602,25602,0,0,0,0,0
656317137,6,1,2,14250.898,7125.449,1184.688,0,600,6860,539.64,0,866,1400,1250,0,0,1550.57,18000,9000,0,0,0,0,0
292801060,6,2,12,10409.2,867.433333333333,5507.76,0,240,3424,0,0,727.44,210,300,0,0,0,25625,2135.41666666667,0,0,0,0,1
530696158,6,2,3,43353.7504,14451.2501333333,3931.64,0,3308,890,2965.6,20827.41,2528.6,2059.6,3433,0,0,3409.9004,42600,14200,0,0,0,0,0
575068585,6,1,5,8172.68,1634.536,4793.31,0,0,745,385.37,0,1299,400,550,0,0,0,20000,4000,0,0,0,0,1
8804512,6,1,1,3500.642,3500.642,1339.702,0,0,550,337.74,423.2,0,350,300,0,0,200,8416.66666666667,8416.66666666667,0,0,0,0,0
912468577,6,2,2,21819.042,10909.521,2901.1,0,1459,739.25,273.84,1818,4671.392,2715,2471,0,4239.2,531.26,34333.3333333333,17166.6666666667,1039.2,800,1,1,0
578900584,6,2,6,7094.37,1182.395,3983.6,0,0,360,0,0,1541.27,360,200,0,649.5,0,23817,3969.5,0,0,0,0,1
222665194,6,2,4,65206.16,16301.54,13704.45,0,3600,2473.4,1667.05,25433,7482.24,3765,2998,0,2260.26,1822.76,13783.3333333333,3445.83333333333,0,0,0,0,0
123438279,6,2,3,19418.54,6472.84666666667,3819.06,909.3,0,1025,440,3500,5073.88,1270,0,0,2466,915.3,32466.6666666667,10822.2222222222,0,0,0,0,0
787891155,6,2,3,28769.9898,9589.9966,9881.06,584.55,0,7400,1866.325,0,870.33,400,4090,0,1039.2,2638.5248,47000,15666.6666666667,519.6,0,0,1,0
792694170,6,2,3,15940.01,5313.33666666667,6265.51,0,1850,2334,1082.5,0,0,1658,1950,0,0,800,27058.3333333333,9019.44444444444,0,0,0,0,0
87541041,6,2,4,42310.4853,10577.621325,9974.6313,424.34,1850,6192,3003.018,4000,3518,1600,6120,2500,1775.3,1353.196,19500,4875,692.8,0,0,1,0
601636013,6,2,1,9131.052,9131.052,3437.587,1693.03,0,825,395.615,150,596,600,1200,0,0,233.82,16000,16000,0,0,0,0,0
584811881,6,2,4,39209.71,9802.4275,3572.25,4416.6,1000,1604,3920,0,20830.6,1030,2000,0,433,403.26,25833.3333333333,6458.33333333333,0,0,0,0,0
835203925,6,2,1,19825.84,19825.84,5533.74,0,3240,2297.2,200,0,2287.06,1200,2000,0,2251.6,816.24,15600,15600,2251.6,0,0,1,0
917215493,6,2,3,23798.7189,7932.9063,1848.91,0,4650,1525,684,392.8609,2467.188,935,4035,4000,1515.5,1745.26,52500,17500,389.7,0,0,1,0
433064473,6,2,3,24280.11,8093.37,7798.33,0,4800,2480,683.08,0,5239.3,1570,205,0,0,1504.4,20000,6666.66666666667,0,0,0,0,0
22815446,6,3,5,153620.0982,30724.01964,25535.1358,1342.1268,0,10691.7,20170.6064,9487.6926,22820,3303.5,4898.5,37000,6293.95,12076.8866,50000,10000,4698.05,6704,1,1,0
904136986,6,1,5,16122.258,3224.4516,2550.37,0,1400,6350.8,423.26,1461,1512.4,720,1349,0,0,355.428,21322.1066666667,4264.42133333333,0,0,0,0,0
41746788,6,1,4,14927.57,3731.8925,9365.79,0,250,833.11,259.8,1234.05,536.92,0,725,0,1104.15,618.75,19610.1666666667,4902.54166666667,1732,0,0,1,1
66384054,6,2,1,33789.72,33789.72,4022.57,0,7600,5189,2592,5300,7648.4,750,300,0,0,387.75,33818.3333333333,33818.3333333333,0,0,0,0,0
976613879,6,1,1,1622.4835,1622.4835,243.1295,579.354,0,0,0,0,0,0,800,0,0,0,35000,35000,0,0,0,0,0
401277966,6,2,3,19389.55,6463.18333333333,2100.05,0,0,2050,0,0,12990,880,720,0,649.5,0,11262.5,3754.16666666667,0,0,0,0,0
808967355,6,1,1,9374.01,9374.01,3580.91,0,780,1232,645.17,0,1649.73,813,0,0,0,673.2,7500,7500,0,0,0,0,0
763055440,6,2,2,17376.2132,8688.1066,5958.08,0,0,985,1342.3,2167.05,3832.483,1029.5,660.325,0,389.7,1011.7752,17516.6666666667,8758.33333333333,0,433,1,0,0
679845453,6,2,2,47509.2311,23754.61555,5316.0709,252.439,1035,1788.75,2200,16000,8775.8,1534,1451,0,7026.8,2129.3712,67396.3333333333,33698.1666666667,6629.23,0,0,1,0
808189570,6,1,2,29813.054,14906.527,10811.7069,0,0,1667.5,3365,11372.9921,0,508,1245.055,0,519.6,323.2,20778.3333333333,10389.1666666667,519.6,0,0,1,0
212461978,6,2,3,9526.17,3175.39,2602.33,0,0,1563,0,194.85,3256,946,770,0,0,193.99,9800,3266.66666666667,0,0,0,0,0
361003460,6,2,3,17530.5521,5843.51736666667,7293.8417,0,2050,1413.37,1490.11,0,411.4,1247.5,1255.96,0,2338.2,30.1704,24025.8333333333,8008.61111111111,1299,0,0,1,0
986013272,6,1,2,17270.146,8635.073,11703.99,216.5,552,2300,475.9,263.55,511.806,0,500,0,0,746.4,37722.8333333333,18861.4166666667,0,0,0,0,1
507051448,6,2,4,48636.3041,12159.076025,16759.3083,4243.4,2600,2050.59,1554.5,368,6357.55,2754.53,4825.7,0,1710.35,5412.3758,30900,7725,0,0,0,0,0
833673928,6,1,1,15720.94,15720.94,1346.63,2844.81,2800,4800,0,0,0,2880,400,0,0,649.5,10083.3333333333,10083.3333333333,0,0,0,0,0
860628243,6,2,2,30411.9249,15205.96245,8225.4412,1978.81,1150,764.855,3688,4822.8527,3879.496,1210,1701.25,0,1580.45,1410.77,32520.6666666667,16260.3333333333,1580.45,1310.02,1,1,0
936324153,6,1,2,7035.02,3517.51,2160.67,0,230,2350,108.25,0,649.5,910,540,0,0,86.6,35000,17500,0,0,0,0,0
515181335,6,1,3,7039.24,2346.41333333333,4347.32,0,500,1190,557.38,0,0,280,0,0,0,164.54,31000,10333.3333333333,0,0,0,0,1
477026984,6,2,2,13790.3964,6895.1982,2364.18,0,1100,1117,1424,1208.07,4045.952,1210,820,0,86.6,414.5944,32174.3333333333,16087.1666666667,0,0,0,0,0
596074073,6,1,3,22087.59,7362.53,4676.4,727.44,5775,650,415,641.2,666.82,1750,1830,3500,575.89,879.84,15000,5000,433,0,0,1,0
54548489,6,1,6,13121.475,2186.9125,5888.8,0,0,1443,150,614.86,1496.015,1450,300,100,1558.8,120,29901.0833333333,4983.51388888889,0,0,0,0,0
355781441,6,1,1,4053.54,4053.54,1030.54,0,0,836,230,0,0,225,0,0,1732,0,6000,6000,0,0,0,0,0
272877104,6,1,4,18287.6118,4571.90295,5146.8978,623.52,1150,638.5,5008.33,876.1,108.25,949,1717,1720,173.2,176.814,69833.3333333333,17458.3333333333,0,1440,1,0,0
636709491,6,2,2,46418.98683,23209.493415,18327.37883,1281.247,1440,2351.33,631.86,3010.5191,9380.5,1275.82,2749.99,0,2876.3,3094.0419,41366.6666666667,20683.3333333333,0,900,1,0,0
82444334,6,1,5,7460.42,1492.084,948.27,606.2,0,1310,0,0,3095.95,1500,0,0,0,0,25000,5000,0,0,0,0,0
519609123,6,2,1,28053.3071,28053.3071,7683.6716,1249.205,2400,1805,1056.52,4210.5245,0,1640,1257.02,0,5629,1122.366,41166.6666666667,41166.6666666667,6278.5,0,0,1,0
698928981,6,2,4,35864.6852,8966.1713,10478.5567,1134.46,6300,1351.69,1077.94,446.4,8370.95,1483,1244,0,2359.85,1617.8385,40176.3333333333,10044.0833333333,0,0,0,0,0
871268737,6,1,2,12738.7578,6369.3789,6185.7514,255.47,0,2380,1430.632,779.4,285.347,429.9,400,0,454.65,137.6074,29000,14500,173.2,0,0,1,0
704340554,6,2,4,15205.1,3801.275,4685.06,259.8,1350,2500,1350,0,1700.49,1300,1314.95,0,389.7,355.1,20000,5000,0,0,0,0,0
434226844,6,1,1,5622.42,5622.42,1125.8,0,200,2700,106.29,0,199.18,620,0,0,606.2,64.95,2666.66666666667,2666.66666666667,0,0,0,0,0
224906445,6,1,3,5954.794,1984.93133333333,2026.44,454.65,0,1703.83,285.78,0,484.094,0,1000,0,0,0,15914,5304.66666666667,0,0,0,0,0
667134668,6,2,4,31372.902,7843.2255,7137.7885,281.45,1000,5265.94,3591.2174,320,7731.89,694,1700,0,1991.8,1658.8161,56370.6666666667,14092.6666666667,0,0,0,0,0
583358988,6,1,5,20004.8035,4000.9607,3541.94,225.16,0,9500,110,0,3691.3535,360,0,0,2273.25,303.1,26630,5326,584.55,0,0,1,0
159798470,6,2,4,47346.7,11836.675,3637.2,0,860,4069,2580,6826.4,17631,1000,3482,1700,3207.9,2353.2,50000,12500,2056.75,0,0,1,0
250470087,6,1,1,6625.934,6625.934,2619.65,0,800,1900,0,0,0,416,840,0,0,50.284,6900,6900,0,0,0,0,0
185039913,6,1,1,8085.5389,8085.5389,519.6,0,0,0,0,7436.0389,0,129.9,0,0,0,0,3250,3250,0,0,0,0,0
47926881,6,1,3,11498.35,3832.78333333333,6464.69,0,350,730,260,300,1307.66,866,1220,0,0,0,6666.66666666667,2222.22222222222,0,0,0,0,1
945513779,6,1,5,7276.392,1455.2784,3392.122,1164.77,0,1220,0,0,0,649.5,850,0,0,0,10950,2190,0,0,0,0,0
700137108,6,2,3,29570.9828,9856.99426666667,8258.8688,1104.15,0,10725,0,0,5830,1750,1393.3,8,0,501.664,37916.6666666667,12638.8888888889,0,0,0,0,0
795057960,6,1,6,10832.33,1805.38833333333,5425.49,0,0,2119.84,0,500,0,962,1650,25,0,150,34250,5708.33333333333,0,0,0,0,1
131206727,6,1,6,18417.99,3069.665,4187.11,0,1500,590,2500.26,1200,3194.6,1255,1285,0,0,2706.02,16700,2783.33333333333,0,0,0,0,0
833349161,6,2,6,19221.594,3203.599,5221.98,1970.15,300,2596,527,800,4697,0,2009.9,240,173.2,686.364,13116.6666666667,2186.11111111111,173.2,0,0,1,0
469392351,6,1,4,20233.46,5058.365,3615.55,0,4150,1138,151.55,0,1818.6,500,1800,5508,1177.76,374,28500,7125,0,0,0,0,0
94517774,6,3,6,176269.4415,29378.24025,7945.3335,0,0,32757,22072.03,17000,34093.728,2580,46960,0,9049.7,3811.65,140667.876666667,23444.6461111111,4719.7,0,0,1,0
890930288,6,2,2,32718.1225,16359.06125,8903.5625,1472.2,600,7784,400,2000,8330,1500,570,0,0,1158.36,40000,20000,0,0,0,0,0
92997606,6,2,2,22962.495,11481.2475,3935.97,437.33,0,5142.375,886.1,1100,2901.1,2300,3420,0,1732,1107.62,31666.6666666667,15833.3333333333,866,0,0,1,0
934584887,6,1,2,22215.7173,11107.85865,11745.3848,4035.56,0,1796.98,638.31,718.78,355.0064,1400,1040,0,0,485.6961,22003.3333333333,11001.6666666667,0,0,0,0,1
520563765,6,3,3,32095.9067,10698.6355666667,5399.4667,0,3550,3374.5,0,900,4296.18,2280,1699.98,2020,6971.3,1604.48,45000,15000,2598,0,0,1,0
252089722,6,1,5,29764.6745,5952.9349,8553.2655,0,2450,4630,3290.093,400,2227.352,1715,5495,0,145.488,858.476,11398.3333333333,2279.66666666667,0,0,0,0,0
212124553,6,1,2,8589.51,4294.755,2688.93,545.58,1700,1655,0,0,0,1000,1000,0,0,0,25600,12800,0,0,0,0,0
867102630,6,1,4,8317.2,2079.3,2559.03,272.79,0,2157.79,294.44,0,0,0,630,0,2403.15,0,10000,2500,1039.2,0,0,1,0
740859625,6,2,3,25150.16,8383.38666666667,4191.44,433,600,1865,608.25,3300,5068.54,1840,1300,0,4178.45,1765.48,29716.6666666667,9905.55555555556,2359.85,600,1,1,0
522233863,6,1,5,14169.881,2833.9762,5616.01,0,1040,2640.3,342,229.28,427.371,500,80,160,3134.92,0,8034.66666666667,1606.93333333333,1104.15,0,0,1,0
2540911,6,2,3,11896.106,3965.36866666667,3000.69,1299,0,984,864.84,0,3207.536,1326,400,0,108.25,705.79,10866.6666666667,3622.22222222222,108.25,0,0,1,0
871319111,6,2,1,8668.86,8668.86,606.2,0,400,900,0,966,1299,450,3000,0,649.5,398.16,15930,15930,649.5,0,0,1,0
726397895,6,2,3,58101.482,19367.1606666667,18623.33,4414.868,5730,1112,1674.6,4299.25,8143.866,2007,3806,0,6533.97,1756.598,26826.5,8942.16666666667,5884.47,1000,1,1,0
690811445,6,1,3,8553.8434,2851.28113333333,3396.5819,712.5015,0,1592.34,0,0,190.52,0,800,0,1861.9,0,30420.5,10140.1666666667,0,0,0,0,0
223419151,6,2,4,29668.09,7417.0225,9149.29,0,0,2460,0,0,14400,2100,0,0,0,1558.8,15166.6666666667,3791.66666666667,0,0,0,0,0
225536180,6,3,3,102421.08,34140.36,194.85,0,6890,3878.5,1903,1700,16713.84,3850,50782.2,5800,8240.35,2468.34,84666.6666666667,28222.2222222222,4156.8,0,0,1,0
293506582,6,3,3,43302.813316,14434.2711053333,4633.1,0,0,5478.755,9575.36,11253,845.99,2951.178,5383.96,0,0,3181.470316,124500,41500,0,0,0,0,0
592466565,6,1,5,24947.275,4989.455,3163.065,1593.44,4610,3929,0,217,958.57,1253,9050,0,173.2,0,26766.6666666667,5353.33333333333,0,0,0,0,0
709635871,6,1,5,13282.465,2656.493,4607.12,0,910,1358.645,216.5,0,363.72,2140,950,648,2026.44,62.04,20666.6666666667,4133.33333333333,1125.8,0,0,1,0
601541358,6,3,5,154874.4269,30974.88538,31618.2229,2748.684,0,5420,12117.6,17098.34,21227.3,1290,30803.5,12544,19138.6,868.18,172707.5,34541.5,3853.7,0,0,1,0
418208851,6,1,4,11637.2769,2909.319225,5268.0079,0,0,1196,155.88,259.8,1903.468,270,887.627,0,1342.3,354.194,6310,1577.5,0,0,0,0,0
148437106,6,1,1,7625.7743,7625.7743,3631.6143,0,455,538.8,484.96,1578.9,0,216.5,720,0,0,0,8097.5,8097.5,0,0,0,0,0
552365792,6,2,2,26516.32,13258.16,1965.82,0,200,2140,389.7,3000,2381.5,1340,1200,0,13899.3,0,43766.3333333333,21883.1666666667,13899.3,0,0,1,0
217378941,6,2,3,8112.64,2704.21333333333,2520.06,0,0,1275,69.28,0,1732,350,1450,0,476.3,240,17333.3333333333,5777.77777777778,0,0,0,0,0
644841525,6,1,3,8759.448,2919.816,3775.76,0,300,1400,229.49,0,1063.448,611,865,0,0,514.75,3333.33333333333,1111.11111111111,0,0,0,0,0
91748307,6,1,3,20392.8,6797.6,5282.6,216.5,200,1424.5,3125,5979.5,389.7,975,2800,0,0,0,25333.3333333333,8444.44444444445,0,0,0,0,0
374544588,6,2,2,68574.9794,34287.4897,16507.4755,8364.9538,5499,9782,3015.16,2034.9438,9807.5,2106,6682,0,2859.2289,1916.7174,55286,27643,2121.7,0,0,1,0
840910275,6,1,1,14526.147,14526.147,4048.55,0,400,5644.86,0,844.35,1125.8,300,590,0,889.382,683.205,11858.1666666667,11858.1666666667,0,0,0,0,0
471561443,6,2,6,10720.805,1786.80083333333,2240.775,0,3310,1240.77,640,0,2118.976,1040,0,0,0,130.284,20250,3375,0,0,0,0,0
588153493,6,2,3,32782.6312,10927.5437333333,9741.8505,0,120,4852.64,270.625,7674.0157,1827.72,1800,1350,0,3602.56,1543.22,54900,18300,2693.26,0,0,1,0
266932581,6,1,1,10876,10876,5416.83,0,0,2590,824.18,792.39,0,300,0,0,0,952.6,14083.3333333333,14083.3333333333,0,0,0,0,0
309074938,6,1,2,8166.25,4083.125,2190.98,831.36,0,190,1140,129.9,3187.2,250,0,0,0,246.81,14999,7499.5,0,0,0,0,0
86276711,6,2,4,16460.3284,4115.0821,5983.194,337.307,0,6683.615,116.0007,0,408.1,1534,1001.96,0,324.75,71.4017,50521.6666666667,12630.4166666667,324.75,0,0,1,0
972538652,6,1,3,29299.1961,9766.3987,1479.4744,0,5050,5410,450,4260,1076.005,2900,3500,3000,1491.57,682.1467,22333.3333333333,7444.44444444444,1273.02,0,0,1,0
984195574,6,2,6,49291.7251,8215.28751666666,11035.3947,757.75,800,4154,632.6634,0,7351.71,2140,6780,6300,7395.64,1944.567,44833.3333333333,7472.22222222222,6165.92,0,0,1,0
471314423,6,2,1,14392.37,14392.37,3247.5,1125.8,1000,95,854.24,0,5963,150,650,0,887.65,419.18,12745.8333333333,12745.8333333333,0,0,0,0,0
528124521,6,2,2,24798.7844,12399.3922,1332.2544,0,8900,1250,761.47,0,6362,1522.8,733.2,0,779.4,3157.66,34000,17000,779.4,0,0,1,0
309335978,6,3,4,68249.0685,17062.267125,11293.7658,0,3680,1750,164.54,5036.8441,21087.825,2620,18067.5,2344,1554.05,650.5436,48916.6666666667,12229.1666666667,0,0,0,0,0
693171651,6,2,4,25971.11,6492.7775,10617.16,519.6,315,2278,207.58,1800,5563,1170,849.9,1569,519.6,562.27,18600,4650,0,0,0,0,0
544982480,6,2,2,33815.847,16907.9235,2389.727,433,700,2200,673.2,731.77,19052,1800,3000,0,2576.35,259.8,45250,22625,2035.1,0,0,1,0
308417851,6,2,2,44717.3398,22358.6699,6001.6398,1809.94,0,557,6929,8200,8299.75,2410,5518.208,0,3274.07,1717.732,47266.6666666667,23633.3333333333,1177.76,0,0,1,0
902888589,6,2,6,17882.69,2980.44833333333,3507.3,0,4000,6800,0,0,1125.8,1800,510,0,0,139.59,23480,3913.33333333333,0,0,0,0,0
182902448,6,1,3,8176.2659,2725.42196666667,3746.6191,199.0934,1150,405,60,0,433,300,870,0,337.74,674.8134,10902,3634,0,0,0,0,0
587957579,6,2,3,8863.926,2954.642,2818.83,0,0,1450,523.93,0,3485.65,0,0,0,0,585.516,31283.3333333333,10427.7777777778,0,0,0,0,0
866147840,6,1,4,15126.84,3781.71,8478.14,0,700,1284,273.9,0,0,440,360,0,3074.3,516.5,29083.3333333333,7270.83333333333,0,0,0,0,1
321568277,6,1,4,31427.075,7856.76875,6276.335,281.45,2212,4240,1675.94,651.14,1467.45,5159,410.36,0,7382.65,1670.75,18333.3333333333,4583.33333333333,1428.9,960,1,1,0
