id,provincia,propauto,cantmiem,gastot,gastotpc,gc_01,gc_02,gc_03,gc_04,gc_05,gc_06,gc_07,gc_08,gc_09,gc_10,gc_11,gc_12,ingtoth,ingpch,tn_restaurant,tn_internet,cat_gastos_internet,cat_gastos_restaurant,cat_gc_01
652636880,86,1,6,18652.4589,3108.74315,9298.8482,0,1880,1200,738.155,800,2726.955,0,810,0,0,1198.5007,10600,1766.66666666667,0,0,0,0,0
265738093,86,2,2,48422.6341,24211.31705,4403.8698,0,6290,2557.265,11243.76,3483.05,8639,562.9,3212.79,0,736.1,7293.8993,54083.3333333333,27041.6666666667,0,0,0,0,0
925446054,86,2,4,19947.47,4986.8675,5997.05,251.14,900,1922,586.61,1602.1,3904.81,1169.1,575,0,2208.3,831.36,29020,7255,0,0,0,0,0
279249733,86,1,3,14205.89,4735.29666666667,5083.42,0,1210,855.41,818.71,822.7,1976,488,695,0,1537.15,719.5,14120,4706.66666666667,974.25,0,0,1,0
538581398,86,1,3,26446.978,8815.65933333333,6902.02,173.2,1400,8038,121.69,86.6,1825.528,1690.5,1721.39,656,2922.75,909.3,25116.6666666667,8372.22222222222,1905.2,0,0,1,0
109723145,86,1,4,17033.724,4258.431,8352.57,0,0,2201.32,1151.78,0,649.5,216.5,937.74,40,1991.8,1492.514,26000,6500,606.2,0,0,1,0
805169711,86,2,2,42000.9932,21000.4966,3485.65,0,0,2922.655,15786.6,12022.0802,4026,1128.43,670,480,1281.05,198.528,72579.1666666667,36289.5833333333,801.05,0,0,1,0
538395084,86,1,2,21292.4317,10646.21585,6185.9246,0,1840,2996.42,2400.9395,3685.5226,1316.32,2011.99,515.115,0,0,340.2,6700,3350,0,0,0,0,0
879473525,86,1,5,46824.026,9364.80520000001,15854.728,1667.05,1660,2664.11,4070.86,952.6,7003.524,1476.5,2016.2,28,5499.1,3931.354,26395.8333333333,5279.16666666667,4719.7,0,0,1,0
392118637,86,1,1,9834.69,9834.69,3918.65,0,0,3370,398.36,129.9,519.6,0,0,0,649.5,848.68,11000,11000,0,0,0,0,0
588854098,86,1,4,6147.83,1536.9575,3464,0,0,670,172.58,0,0,0,800,500,346.4,194.85,6500,1625,0,0,0,0,1
738818626,86,3,6,50207.22,8367.87,10439.63,519.6,4140,488,666.82,2572,24067.05,346.4,2530,0,2121.7,2316.02,36761.6666666667,6126.94444444445,1255.7,0,0,1,0
7999833,86,1,2,13369.1047,6684.55235,5934.698,1102.8077,2140,615,652.849,200,866,466.5,400,0,129.9,861.35,8733.33333333333,4366.66666666667,0,0,0,0,0
173420094,86,1,1,8576.735,8576.735,4522.685,0,1350,1041.13,0,0,969.92,83,610,0,0,0,17812.4966666667,17812.4966666667,0,0,0,0,1
311172567,86,2,4,16117.0715,4029.267875,9205.58,0,1120,1382,370.54,400,1489.4515,500,1000,0,649.5,0,20446.6666666667,5111.66666666667,0,200,1,0,1
236834059,86,1,1,9008.40000000001,9008.40000000001,2325.21,0,800,1222.6,730,3130.59,0,0,800,0,0,0,15700,15700,0,0,0,0,0
106694618,86,1,5,15325.8535,3065.1707,7391.31,0,770,978.34,494.34,0,3526.0435,584.55,200,0,216.5,1164.77,14716.6666666667,2943.33333333333,216.5,0,0,1,0
258638656,86,3,5,70702.7865,14140.5573,14199.5855,528.26,7080,1609.15,4853.307,11575.22,22882,1689,5259.95,0,0,1026.314,26773.3333333333,5354.66666666667,0,0,0,0,0
419598379,86,1,7,16808.541,2401.22014285714,6763.46,0,0,2950,0,135,2728.081,500,1920,80,1732,0,9883.33333333333,1411.90476190476,1169.1,0,0,1,0
379764348,86,2,1,6498.94,6498.94,368.05,0,0,867.84,121.24,200,2445,710.8,560.62,0,1225.39,0,26250,26250,1225.39,60.8,1,1,0
120074572,86,2,4,16016.38,4004.095,5514.255,0,1200,1617.5,208,95,2511.4,1531.45,1338.775,2000,0,0,41500,10375,0,0,0,0,0
78219722,86,1,5,14988.995,2997.799,5050.945,433,2382,1190,1672.92,2050,259.8,606.2,1003.3,0,0,340.83,13700,2740,0,0,0,0,0
765231157,86,2,2,21146.3773,10573.18865,7813.5283,2987.7866,330,140,2671.4894,0,5798,270,365,0,0,770.573,8166.66666666667,4083.33333333333,0,0,0,0,0
639867500,86,1,2,11165.032,5582.516,5867.15,0,0,1370,411.35,346.4,1127.532,1532.9,120,0,389.7,0,5700,2850,0,0,0,0,1
29809776,86,1,4,7149.714,1787.4285,5187.34,481.496,0,280,259.8,0,937.878,3.2,0,0,0,0,13200,3300,0,0,0,0,1
575432462,86,1,8,11355.15,1419.39375,7373.99,0,0,1130,247.9,300,690.45,433,677.12,100,0,402.69,16000,2000,0,0,0,0,1
605257289,86,2,5,15341.126,3068.2252,3360.08,0,1120,839.84,1030.74,1397.4,2199.012,970,2015.27,636,1039.2,733.584,33636.6666666667,6727.33333333333,0,0,0,0,0
642866667,86,1,2,8981.0595,4490.52975,4957.85,173.2,380,535,587.43,1392.1635,0,433,522.416,0,0,0,30616.6666666667,15308.3333333333,0,0,0,0,1
620652631,86,1,4,10943.121,2735.78025,5899.625,173.2,2252,327,371.79,429.9,706.656,0,718,0,0,64.95,16358.3333333333,4089.58333333333,0,0,0,0,1
97362291,86,2,3,57293.9711,19097.9903666667,21167.9411,0,2700,3400,13977.32,1991.8,3031,1215,1500,0,1732,6578.91,32964.3333333333,10988.1111111111,1732,0,0,1,0
794378491,86,1,4,14653.505,3663.37625,6005.71,0,0,5230,129.9,0,1097.655,508.2,261.8,0,1082.5,337.74,20550,5137.5,1082.5,0,0,1,0
323973975,86,1,7,6105.616,872.230857142858,3078.63,0,0,850,0,0,1057.386,0,600,0,519.6,0,15350,2192.85714285714,0,0,0,0,1
791006513,86,2,1,19444.38,19444.38,6001.38,1299,0,2170,340,0,1016,1500,5250,1000,562.9,305.1,59700,59700,0,0,0,0,0
190991926,86,2,2,9227.19,4613.595,4061.54,0,510,1206.6,305.6,0,907.75,250,730,0,1255.7,0,7500,3750,692.8,0,0,1,0
94366571,86,1,4,11418.446,2854.6115,6789.44,0,90,1380,693.41,300,524.796,546,506,0,0,588.8,15250,3812.5,0,0,0,0,1
336484490,86,1,3,12295.18,4098.39333333333,3754.11,0,1200,800,583.61,0,4054.65,621.45,480.31,0,0,801.05,12000,4000,0,0,0,0,0
943162279,86,2,2,12831.266,6415.633,3533.28,216.5,1700,1670,1408,230,1178.762,1020,1018.524,0,606.2,250,13403.5066666667,6701.75333333333,0,0,0,0,0
422107040,86,2,1,8084.195,8084.195,2998.525,714.45,0,760,1665,100,1106,636.3,103.92,0,0,0,12100,12100,0,0,0,0,0
580500176,86,1,4,14337.897,3584.47425,6750.47,0,1080,1346,804.885,200,0,1387.65,753.51,0,606.2,1409.182,21700,5425,0,0,0,0,0
989341089,86,1,6,9214.336,1535.72266666667,6672.53,373.246,500,711.22,411.35,0,445.99,100,0,0,0,0,14550,2425,0,0,0,0,1
268712449,86,1,1,6824.76,6824.76,1732,0,760,1012.02,125.94,0,633,441.5,561.5,0,1558.8,0,8000,8000,0,0,0,0,0
524519029,86,2,1,37082.35,37082.35,3961.95,346.4,2200,3132,7192,0,260,1018.6,13708.4,0,4763,500,41651,41651,0,0,0,0,0
104392139,86,2,8,11094.456,1386.807,4936.2,1524.16,500,1500,0,0,2039.384,250,77.94,0,0,266.772,23300,2912.5,0,0,0,0,0
799441295,86,1,4,8243.315,2060.82875,4501.035,753.42,400,895,145.9,138.56,648.05,0,458.25,0,0,303.1,11700,2925,0,0,0,0,1
521763156,86,1,1,4364.505,4364.505,2158.505,0,0,370,70,981.2,259.8,210,315,0,0,0,11100,11100,0,0,0,0,0
291148530,86,2,2,25294.75,12647.375,10149.52,684.14,1750,198,3028.67,138.56,4599.64,1994.87,622.27,1800,216.5,112.58,6000,3000,129.9,0,0,1,0
935595416,86,1,7,20815.5255,2973.6465,6938.825,389.7,650,1210,718.05,450,1575.4705,1977.45,1101.05,0,5585.7,219.28,40700,5814.28571428571,0,433,1,0,0
78566925,86,1,3,9526.85,3175.61666666667,5174.35,649.5,800,570,0,0,0,1200,700,0,433,0,15900,5300,0,0,0,0,1
482718445,86,1,4,6775.654,1693.9135,2914.09,0,0,1680,195.6,0,358.524,273.2,1354.24,0,0,0,9600,2400,0,0,0,0,0
347958971,86,2,4,11101.496,2775.374,6083.65,0,0,1380,473.2,0,1400.196,1014.45,700,0,0,50,18000,4500,0,0,0,0,1
474801083,86,2,3,23742.078,7914.026,4737.02,0,6900,3565,3586.28,0,715.188,1350,450,80,1299,1059.59,32273.3333333333,10757.7777777778,0,0,0,0,0
639649865,86,1,2,13982.23,6991.115,4845.27,0,495,420,4173.41,1320.65,0,0,0,0,0,2727.9,8566.66666666667,4283.33333333333,0,0,0,0,0
610971904,86,1,1,4706.65,4706.65,2078.4,0,0,2520,0,0,0,0,0,0,0,108.25,7100,7100,0,0,0,0,0
70907196,86,1,5,23047.5115,4609.5023,8720.62,1818.6,0,2300,821.93,660,3252.1115,350,750,2900,866,608.25,25183.3333333333,5036.66666666667,0,0,0,0,0
811298889,86,1,5,22897.54,4579.508,5087.75,259.8,350,6119,1221.99,0,1688.7,433,3096,1300,2338.2,1003.1,34400,6880,433,0,0,1,0
124813130,86,1,2,16016.48,8008.24,4468.56,0,0,3200,80,2381.5,1300,216.5,2751.96,0,866,751.96,13000,6500,173.2,0,0,1,0
919702515,86,3,5,22127.712,4425.5424,9337.645,2875.12,2125,2568,72,0,1844.147,1680,433,0,692.8,500,50183.3333333333,10036.6666666667,692.8,0,0,1,0
690443270,86,1,5,10597.75,2119.55,6438.71,0,1200,495,204.54,0,800,368.05,918.25,0,0,173.2,9000,1800,0,0,0,0,1
607671126,86,1,1,5443.64,5443.64,2082.73,0,250,512,0,100,739.06,766.6,365.4,0,627.85,0,7583.33333333333,7583.33333333333,627.85,0,0,1,0
985809694,86,3,2,40949.5559,20474.77795,4875.2769,0,0,2737.42,2411.35,3520,9852,2041.54,12640,0,519.6,2352.369,72892,36446,1818.6,0,0,1,0
611199783,86,1,2,7309.74,3654.87,1766.64,909.3,890,1186.6,1159.7,230,649.5,0,450,8,0,60,4616.66666666667,2308.33333333333,0,0,0,0,0
114396687,86,1,1,22074.64,22074.64,6919.34,0,2650,2784,6570,237,909.3,1395,410,0,0,200,23000,23000,0,0,0,0,0
256064419,86,2,3,10407.682,3469.22733333333,4758.67,281.45,0,1859.48,0,0,839.482,850,692.8,0,1125.8,0,30000,10000,0,0,0,0,0
292963237,86,2,2,16160.46,8080.23,8582.06,0,0,1015,261.55,121.24,3965,0,1160,0,0,1055.61,30633.3333333333,15316.6666666667,0,0,0,0,1
262483052,86,2,3,13106.26,4368.75333333333,6334.79,216.5,600,600,583.95,0,3226.5,200,1190.52,4,0,150,12690.6666666667,4230.22222222222,0,0,0,0,0
820455617,86,1,7,12005.12,1715.01714285714,7053.57,0,0,1790,410,200,0,1460,940,0,0,151.55,8700.85,1242.97857142857,0,0,0,0,1
959513842,86,1,6,22168.222,3694.70366666667,7138.005,0,5298,1433,3153,0,2720.377,1102,1052,64,0,207.84,33042,5507,0,0,0,0,0
786717677,86,1,6,11875.6595,1979.27658333333,4983.83,0,800,1320,948.11,1089.5755,832.184,920.5,607.5,0,0,373.96,24400,4066.66666666667,0,0,0,0,0
905830489,86,1,6,16694.2535,2782.37558333333,5814.9735,0,2490,1159.75,1930.25,0,520.5,465,1566.1,600,1645.4,502.28,10600,1766.66666666667,0,0,0,0,0
143547495,86,1,1,5784.13,5784.13,1610.76,151.55,200,1053.42,86.6,519.6,173.2,207,1482,0,0,300,9550,9550,0,0,0,0,0
672016848,86,2,3,13936.414,4645.47133333333,1805.61,225.16,1500,1100,409.9,0,737.584,800,3670,2800,640,248.16,38814,12938,0,0,0,0,0
597850647,86,1,5,12015.838,2403.1676,5942.925,207.84,360,1070,836.96,1266,268.893,866,1032.27,0,64.95,100,13850,2770,0,0,0,0,0
221156046,86,2,7,23644.175,3377.73928571428,13771.565,0,310,710,2898.39,0,2514.864,1143.56,660,24,649.5,962.296,15766.6666666667,2252.38095238095,649.5,173.2,1,1,1
253159656,86,2,4,13558.65,3389.6625,8123.08,0,600,580,990.02,69.28,881.36,917.96,450,0,0,946.95,16733.3333333333,4183.33333333333,0,0,0,0,1
897710247,86,1,2,10689.907,5344.9535,3520.29,0,1000,880,108.25,2378.4,1929.881,425,404.786,0,0,43.3,13000,6500,0,0,0,0,0
5430176,86,2,4,57225.73,14306.4325,12266.89,1255.7,3710,3466,1220,2454.88,14878.32,1428,6841,2300,7187.8,217.14,52825.83,13206.4575,0,0,0,0,0
957043631,86,2,5,14436.22,2887.244,7638.12,0,0,1310,259.8,400,1838.7,1437.2,340,0,1212.4,0,35845,7169,346.4,0,0,1,1
725514619,86,1,2,7199.894,3599.947,3663.18,225.16,0,1201.66,103.92,0,1159.574,500,0,0,0,346.4,4131,2065.5,0,0,0,0,1
499810378,86,1,3,2548.41,849.47,1918.19,0,0,50,134.23,0,0,216.5,164.54,0,64.95,0,11483.3333333333,3827.77777777778,0,0,0,0,1
19875058,86,1,5,9687.922,1937.5844,3862.36,108.25,0,1120.18,0,270,1325.032,350,1050,0,1602.1,0,21516.6666666667,4303.33333333333,1710.35,0,0,1,0
999641068,86,1,4,17405.44,4351.36,9127.64,0,0,1573.7,1847.55,290,1645.4,0,2050,200,0,671.15,15235.8333333333,3808.95833333333,0,0,0,0,1
280630046,86,1,3,9052.612,3017.53733333333,5087.75,0,0,1340,129.9,400,612.262,0,660,0,692.8,129.9,26500,8833.33333333333,0,0,0,0,1
659019420,86,2,4,12710.2852,3177.5713,5308.58,0,600,989.21,100,1131.3102,2549.115,1178.15,600,0,0,253.92,32773.3333333333,8193.33333333333,0,0,0,0,0
951740958,86,1,3,12166.7965,4055.59883333333,3741.12,0,1770,930,1050,0,2336.1665,500,770,0,0,1069.51,5835.5,1945.16666666667,0,0,0,0,0
746628874,86,1,6,12257.865,2042.9775,7752.865,0,440,1680,264.85,0,0,799.5,0,0,1212.4,108.25,13502.6666666667,2250.44444444444,1212.4,0,0,1,1
276047743,86,1,7,17877.422,2553.91742857143,7166.15,0,2250,230,1423.65,446.6,2993,1344,910,0,0,1114.022,10133.3333333333,1447.61904761905,0,0,0,0,0
485430746,86,1,3,25515.04,8505.01333333333,11015.52,0,0,870,2199.84,2646.86,909.3,550,2004,2500,0,2819.52,26516.6666666667,8838.88888888889,0,0,0,0,0
465844137,86,1,1,13721.93,13721.93,3814.73,1970.15,1650,1443.2,539.15,324.75,0,649.5,0,820,2359.85,150.6,5750,5750,0,0,0,0,0
464104824,86,1,4,11590.319,2897.57975,4659.08,0,0,582.895,319.8,173.2,3887.474,0,500,0,1082.5,385.37,16416.6666666667,4104.16666666667,0,0,0,0,0
774804973,86,1,3,5438.895,1812.965,3461.835,0,130,962,496.91,0,0,238.15,0,0,0,150,11113.3333333333,3704.44444444444,0,0,0,0,1
734430172,86,1,4,18946.78,4736.695,1740.66,0,50,2646.48,3250.8,1274.6,1142.54,3840,1117.2,940,1428.9,1515.6,20679.9,5169.975,433,1200,1,1,0
471136136,86,1,6,18025.7921,3004.29868333333,8290.5211,0,1750,2030,0,1125.8,1400.755,400,651.55,1700,389.7,287.466,21516.6666666667,3586.11111111111,0,0,0,0,0
545230143,86,1,5,12421.578,2484.3156,4550.83,0,3540,683,407.14,0,1977.608,733,330,0,0,200,16500,3300,0,0,0,0,0
612990701,86,1,8,18607.132,2325.8915,4862.59,0,2900,3418.08,2362,411.35,1062.582,1000,950,902,562.9,175.63,9600,1200,173.2,0,0,1,0
706937084,86,1,3,10682.68,3560.89333333333,5105.07,458.98,1300,840,468.79,129.9,609.6,303.1,430,0,822.7,214.54,11100,3700,0,0,0,0,0
207095158,86,2,3,25592.675,8530.89166666666,4117.83,0,6400,1049,420.01,300,5836.2,2200,770.215,2000,1515.5,983.92,25000,8333.33333333333,0,0,0,0,0
817767162,86,2,4,9347.43,2336.8575,2680.27,0,1300,1954.96,0,340,120,550,850,946,606.2,0,32645.3333333333,8161.33333333333,0,0,0,0,0
791787107,86,1,2,5026.4497,2513.22485,2514.2578,0,0,829,300,0,405.0715,0,0,0,692.8,285.3204,19093,9546.5,0,0,0,0,1
523250856,86,1,3,17035.428,5678.476,10184.16,216.5,200,2764.785,281.45,0,1046.128,1311.99,787.115,0,0,243.3,6233.33333333333,2077.77777777778,0,0,0,0,1
779801807,86,1,4,7685.025,1921.25625,3373.07,0,0,779.04,50,0,881.155,506,1152.4,0,866,77.36,8183.33333333333,2045.83333333333,0,0,0,0,0
416684731,86,2,3,47321.785,15773.9283333333,5581.37,0,5200,5640,1165.65,7700,8801,2499,4151.305,4560,1775.3,248.16,11475.8333333333,3825.27777777778,649.5,0,0,1,0
512129695,86,1,1,3470.83,3470.83,1519.83,0,350,635,0,0,0,100,0,0,866,0,9000,9000,866,0,0,1,0
138088794,86,2,3,32978.14,10992.7133333333,8036.48,0,0,12377.47,428.05,0,1077.99,2532,1280,0,96,7150.15,19866.6666666667,6622.22222222222,0,432,1,0,0
320557328,86,1,10,9317.12,931.712,5871.48,0,0,380,0,0,1550.14,497.95,0,0,649.5,368.05,7455.32,745.532,0,0,0,0,1
207788735,86,1,2,9706.73000000001,4853.365,3693.49,0,1500,992,2791.24,0,0,200,450,0,0,80,3000,1500,0,0,0,0,0
594242549,86,2,4,25163.62,6290.905,7555.85,0,1400,990,0,0,2771.2,3793,1263,2800,4026.9,563.67,43066.6666666667,10766.6666666667,2727.9,0,0,1,0
176724365,86,1,9,18908.28,2100.92,10764.38,454.65,1440,2260,138.56,389.7,1515.5,844.35,550,0,0,551.14,45833.3333333333,5092.59259259259,0,0,0,0,1
523527984,86,2,5,30770.924,6154.1848,6529.64,251.14,7200,3118,3649.39,4190,204.744,875,2881.86,1000,433,438.15,36650,7330,433,0,0,1,0
547057421,86,1,3,14523.63,4841.21,4256.39,251.14,170,7510,173.2,0,562.9,800,500,0,0,300,21075.7333333333,7025.24444444444,0,0,0,0,0
695389932,86,2,3,21939.69,7313.23,5486.11,0,5350,1670,1708.08,180,2754.2,649.5,936.5,1200,1775.3,230,15000,5000,649.5,0,0,1,0
860325708,86,2,5,72370.9049,14474.18098,19557.6141,0,635,2482.4515,5123.0341,6110.89,19798.586,3946,4069.3,3700,3356.05,3591.9792,83692.5,16738.5,0,0,0,0,0
437849487,86,1,4,22706.35,5676.5875,11123.77,0,1750,719.5,510.32,4052.88,2563.36,0,0,64,216.5,1706.02,6600,1650,0,0,0,0,0
164087713,86,1,3,13081.03,4360.34333333333,5278.27,121.24,930,1910,453.49,0,1316.32,620.99,257.27,60,1732,401.45,12000,4000,1732,0,0,1,0
217765011,86,1,7,11104.404,1586.34342857143,6529.64,200.046,0,900,0,0,2111.518,1160,150,53.2,0,0,25510.6,3644.37142857143,0,0,0,0,1
455470877,86,1,2,4184.266,2092.133,1437.56,0,0,410,120,0,1555.336,245.49,240,0,86.6,89.28,10623.9766666667,5311.98833333333,0,0,0,0,0
78732205,86,1,4,20699.56,5174.89,7521.21,0,165,763.55,2958.8,2200,1710,832,3240,532,433,344,9601.46666666667,2400.36666666667,0,1300,1,0,0
456922662,86,2,3,16352.27,5450.75666666667,4624.44,0,910,1236,2911.55,0,2704.99,450,1970,0,1255.7,289.59,25000,8333.33333333333,0,0,0,0,0
88682758,86,1,2,8352.9,4176.45,4410.971,0,300,1299.6,225.16,0,806.679,48,600,0,519.6,142.89,9720,4860,0,0,0,0,1
642916052,86,2,3,15761.23,5253.74333333333,7720.39,0,1200,1930,84.8,1866,554.24,779.4,695,0,0,931.4,14000,4666.66666666667,0,0,0,0,0
493399761,86,1,4,7289.9725,1822.493125,5113.73,0,570,500,577.53,0,0,150,378.7125,0,0,0,12300,3075,0,0,0,0,1
883354637,86,3,5,50828.53,10165.706,6611.91,0,0,3390,16037.2,150,4610,2650,9781.04,2600,2468.1,2530.28,109650,21930,1645.4,0,0,1,0
832309820,86,1,3,16622.79,5540.93,7088.21,519.6,3960,1079.2,393.78,0,1399,1030,540,0,433,180,7833.33333333333,2611.11111111111,0,0,0,0,0
505267376,86,2,4,37714.0498,9428.51245,5104.204,259.8,1870,1600.75,1257.927,1880,19875.664,1902.38,530,0,2468.1,965.2248,21116.6666666667,5279.16666666667,1602.1,0,0,1,0
562254408,86,1,3,22802.488,7600.82933333333,7503.89,259.8,5500,1953.12,558.44,1723.34,2288.838,1437,971.86,0,0,606.2,12741.6666666667,4247.22222222222,0,0,0,0,0
680906049,86,1,4,22254.735,5563.68375,5271.775,480.63,970,4449.8,2116.34,0,4364.64,740,1110,2600,0,151.55,28501.6666666667,7125.41666666667,0,0,0,0,0
293850856,86,1,5,24696.0794,4939.21588,3524.62,467.64,1230,1262.95,3513.9,2205.7834,2520.926,1629.8,724.76,12,3810.4,3793.3,33117,6623.4,0,0,0,0,0
573900578,86,1,12,13864.106,1155.34216666667,9370.12,0,320,362,96,0,2875.986,0,800,40,0,0,34250,2854.16666666667,0,0,0,0,1
253120006,86,2,2,5593.28,2796.64,1602.1,0,1000,351,138.56,0,911.268,300,630,0,606.2,54.152,13975,6987.5,0,0,0,0,0
265240771,86,1,4,25056.75,6264.1875,7157.49,2121.7,4600,331.87,1301.16,866,5515.4,224,167,16,1623.75,1132.38,10000,2500,1190.75,0,0,1,0
37734680,86,1,1,9821.53,9821.53,2537.38,0,1190,4140,0,0,0,425,425,0,714.45,389.7,5633.33333333333,5633.33333333333,194.85,0,0,1,0
101621813,86,1,3,6348.912,2116.304,4332.165,0,0,378,348.565,0,716.182,24,550,0,0,0,9000,3000,0,0,0,0,1
762927424,86,2,2,32209.752,16104.876,2459.44,0,2340,5827.35,2982,4596.7,9334.792,1248,2411.5,8,433,568.97,22133.3333333333,11066.6666666667,433,0,0,1,0
247850046,86,1,3,5561.94,1853.98,2242.94,0,0,629,0,0,100,445,445,1700,0,0,5483.33333333333,1827.77777777778,0,0,0,0,0
638473989,86,2,3,33276.15,11092.05,5689.62,194.85,3400,2086.03,150,3198.5,7741,1990,390,5600,2836.15,0,21416.6666666667,7138.88888888889,3615.55,0,0,1,0
70469900,86,2,4,37762.07,9440.51749999999,8759.59,0,10860,3100,108.25,2229.9,3247.5,2548.5,2007.23,0,2901.1,2000,15113.42,3778.355,2901.1,0,0,1,0
749231352,86,1,6,31560.666,5260.111,6674.695,0,8850,2574.4,2834.4,1073.2,1642.403,2749.5,2213,1060,1060.85,828.218,26223.3333333333,4370.55555555556,1299,0,0,1,0
708590884,86,1,4,19834.849,4958.71225,7657.605,0,1700,1563.91,407.02,1866.2,2255.064,1491.5,287.2,0,2173.66,432.69,22962,5740.5,3082.96,0,0,1,0
821198230,86,2,2,3656.472,1828.236,809.71,0,0,531.59,70,0,1579.492,0,650,0,0,15.68,13383.3333333333,6691.66666666667,0,0,0,0,0
577446428,86,2,5,17863.242,3572.6484,6711.5,0,4550,1590,1041.64,433,1298.832,952.6,548.9,0,129.9,606.87,22416.6666666667,4483.33333333333,0,0,0,0,0
773586009,86,1,6,10368.4887,1728.08145,4327.7917,0,740,586.83,286.4,0,1998.887,600,889.6,72,562.9,304.08,15616.6666666667,2602.77777777778,0,0,0,0,0
655521886,86,1,5,22701.086,4540.2172,2909.76,606.2,2400,1367,1340,230,492.754,3441.1,9100,0,0,814.272,20986.6666666667,4197.33333333333,0,0,0,0,0
462271354,86,2,3,26417.59,8805.86333333333,3823.39,173.2,1800,2269,4500,600,2500,2459.8,7550,136,606.2,0,32335,10778.3333333333,0,0,0,0,0
162545721,86,1,6,11257.703,1876.28383333333,5897.46,0,400,1787.69,0,866,710.553,577.5,472.5,546,0,0,12133.3333333333,2022.22222222222,0,0,0,0,1
200565449,86,2,6,26464.502,4410.75033333333,11102.12,0,5790,2552.72,352,0,2910.762,407,550,72,2727.9,0,36333.3333333333,6055.55555555556,186.19,64.95,1,1,0
634680948,86,3,9,23756.498,2639.61088888889,9326.82,519.6,0,3170,1326.46,372.38,3590.1,522.5,1499.5,0,995.9,2433.238,35416.6666666667,3935.18518518518,0,0,0,0,0
717450701,86,1,3,5674.866,1891.622,4086.654,0,0,478,0,0,893.712,0,216.5,0,0,0,10100,3366.66666666667,0,0,0,0,1
733808454,86,2,2,7287.535,3643.7675,4944.86,0,0,598,0,467.64,433,389.7,454.335,0,0,0,19500,9750,0,0,0,0,1
635193406,86,2,4,14775.74,3693.935,6564.28,0,0,3360,3151.55,0,0,450,600,0,0,649.91,20000,5000,0,0,0,0,0
396159376,86,2,3,18236.686,6078.89533333333,5758.9,0,850,1681,572,506.61,3815.32,0,3520,400,866,266.856,31416.6666666667,10472.2222222222,0,0,0,0,0
966737357,86,1,3,12460.074,4153.358,6979.96,0,500,790,368.05,650,1387.514,1200,0,0,433,151.55,15366.6666666667,5122.22222222222,0,0,0,0,1
603493639,86,1,4,12942.905,3235.72625,5113.73,303.1,1490,726,893.53,0,1942.005,2100,210,0,0,164.54,22000,5500,0,0,0,0,0
741308927,86,1,2,7325.29,3662.645,4412.27,329.08,820,290,181.86,337.74,95.26,0,625.26,0,0,233.82,13650,6825,0,0,0,0,1
442160962,86,1,5,28909.933,5781.9866,13540.5595,510.94,2240,1290.98,3236.28,1347.34,938.3,1599.5,937.0625,32,108.25,3128.721,25000,5000,0,0,0,0,0
371307648,86,1,1,12336.632,12336.632,3230.18,0,2280,1871.8,1391.17,0,1482.592,0,1505,0,0,575.89,13944.1666666667,13944.1666666667,0,0,0,0,0
881431054,86,2,2,12028.0284,6014.0142,6590.26,0,0,736.21,373.55,642,1472.2,546.81,710,0,562.9,394.0984,5550,2775,562.9,0,0,1,1
482876434,86,1,5,17220.82,3444.164,6945.32,0,1600,2410,653.04,980,411.35,606.2,911.35,300,1623.75,779.81,24850,4970,692.8,0,0,1,0
861664947,86,1,4,22575.816,5643.954,8859.18,0,0,2180,503.1,400,8979,300,1000,0,0,354.536,32083.3333333333,8020.83333333333,0,0,0,0,0
152597115,86,1,3,10408.621,3469.54033333333,4433.92,0,1850,1353,837.82,0,260.666,1103,405.675,0,0,164.54,16545.3333333333,5515.11111111111,0,0,0,0,0
44480890,86,1,4,13709.3821,3427.345525,5081.5581,0,1250,1081.77,2784.85,433,1042.464,606.2,1188.15,4,0,237.39,9166.66666666667,2291.66666666667,0,0,0,0,0
298846288,86,1,3,15493.604,5164.53466666667,3459.67,303.1,180,2798.73,3288,1662.6,759.6,1096.8,997.904,0,0,947.2,50814.1666666667,16938.0555555556,0,0,0,0,0
73422790,86,2,4,22023.278,5505.8195,2836.15,0,5850,1454.4,1065,0,3180.398,900,3102.4,1258,1775.3,601.63,14033.3333333333,3508.33333333333,562.9,0,0,1,0
461733613,86,1,1,15058.19,15058.19,2554.7,0,1180,3149.2,465,3882.25,216.5,62.64,820,0,1775.3,952.6,12293,12293,1515.5,0,0,1,0
856678870,86,1,4,15005.154,3751.2885,8772.58,0,310,1860.38,1375.3,0,1363.1,409.8,398.624,0,0,515.37,6400,1600,0,0,0,0,1
367579579,86,2,4,28890.64,7222.66,7659.77,0,1000,1659.82,617.45,2183.85,9055.6,1084,3660,0,1255.7,714.45,34131,8532.75,216.5,0,0,1,0
508513357,86,1,2,10287.6842,5143.8421,2602.33,0,2515,920,90,557.82,448.155,0,1395,0,1732,27.3792,4866.66666666667,2433.33333333333,1082.5,0,0,1,0
248061447,86,1,4,6501.6,1625.4,4243.4,1125.8,0,986.5,0,0,0,0,0,16,129.9,0,2433.33333333333,608.333333333333,0,0,0,0,1
563693485,86,1,1,5674.619,5674.619,2498.41,0,1600,988,80,200,179.199,0,0,0,0,129.01,5066.66666666667,5066.66666666667,0,0,0,0,0
838782471,86,1,4,15220.015,3805.00375,7313.37,433,4090,1140,789.7,0,439.495,300,714.45,0,0,0,11400,2850,0,0,0,0,0
450394657,86,1,4,17325.529,4331.38225,10422.31,259.8,0,1098.55,0,562.9,1930.314,48,839.695,0,1428.9,735.06,8200,2050,0,380,1,0,1
211310372,86,2,3,18355.802,6118.60066666667,6910.68,0,480,2300,1371.12,0,2557.542,550,1320,0,2598,268.46,33283.3333333333,11094.4444444444,0,0,0,0,0
951875957,86,1,3,10904.284,3634.76133333333,5429.82,259.8,745,1384.7,246.81,125.57,540.384,150,550,0,1342.3,129.9,22232.31,7410.77,1342.3,0,0,1,0
540103197,86,1,5,8542.991,1708.5982,2957.39,0,1550,390,185.26,200,2346.791,162,600,0,0,151.55,13840,2768,0,0,0,0,0
435867623,86,1,1,4564.82,4564.82,2533.05,0,0,702.17,0,0,519.6,260,550,0,0,0,6443.33333333333,6443.33333333333,0,0,0,0,1
676612125,86,1,3,10171.83,3390.61,5464.46,0,380,1237,0,779.4,0,0,973,0,606.2,731.77,6252,2084,433,0,0,1,1
457897122,86,1,2,11985.493,5992.7465,8891.655,203.51,0,505,0,1623.75,0,0,328.578,0,433,0,14500,7250,0,0,0,0,1
330357926,86,2,3,60145.7141,20048.5713666667,5628.8701,303.1,1800,2229.37,8844.495,114.24,28736.255,2763,4740,0,3114.464,1871.92,80216.6666666667,26738.8888888889,2632.64,0,0,1,0
822687951,86,2,4,21240.723,5310.18075,6577.27,0,3020,3712,0,0,4892.348,2271.99,67.115,0,0,700,7200,1800,0,0,0,0,0
718032337,86,1,1,5759.3,5759.3,2892.44,0,440,705,108.25,73.61,0,700,840,0,0,0,7865,7865,0,0,0,0,1
168813331,86,1,10,15952.767,1595.2767,8146.895,0,800,230,838,600,2489.372,200,700,0,1948.5,0,29306.6666666667,2930.66666666667,1082.5,0,0,1,1
370232901,86,1,3,37693.79,12564.5966666667,6663.87,4200.1,5200,2832,1488.15,60,4918.2,1132,7807.5,500,2424.8,467.17,47592.3333333333,15864.1111111111,2251.6,0,0,1,0
54365940,86,1,1,6981.35,6981.35,2901.1,0,480,610,408.25,0,866,425,425,0,801.05,64.95,9200,9200,194.85,0,0,1,0
259395143,86,1,5,6839.05,1367.81,5564.05,0,0,575,0,0,0,0,700,0,0,0,7200,1440,0,0,0,0,1
287136690,86,1,4,22251.186,5562.7965,6486.34,519.6,7500,1168,844.23,0,360.256,655,655,570,2966.05,526.71,21740.7966666667,5435.19916666667,2403.15,0,0,1,0
331263059,86,2,8,33255.194,4156.89925,11812.24,1060.85,3910,2884.37,1747.14,1800,3902.264,405,2120,32,1796.95,1784.38,48707.3333333333,6088.41666666667,1428.9,0,0,1,0
86219555,86,1,2,12128.51,6064.255,6122.62,0,0,2240,712.89,0,0,350,1870,0,433,400,17000,8500,0,0,0,0,1
991593616,86,1,4,14564.355,3641.08875,3970.61,0,3270,480,246.81,207.84,1855.405,627.85,1956.84,650,1299,0,13000,3250,433,0,0,1,0
278955180,86,1,5,11211.888,2242.3776,4161.13,0,1410,550,957.78,0,1158.708,1454.15,510,0,497.95,512.17,25000,5000,0,0,0,0,0
993413750,86,1,3,9850.342,3283.44733333333,3745.45,0,1910,578.8,77.94,0,2232.662,1076,0,0,0,229.49,47000,15666.6666666667,0,0,0,0,0
370422695,86,1,4,16066.784,4016.696,4373.3,0,2810,1214.39,1400,949.5,954.304,720,2996,0,368.05,281.24,15985.8333333333,3996.45833333333,0,0,0,0,0
680751904,86,1,5,23218.777,4643.7554,8685.98,0,1050,6140,1076.35,480,1389.497,1005,995,600,1472.2,324.75,34916.6666666667,6983.33333333333,1472.2,0,0,1,0
187870731,86,1,2,6418.565,3209.2825,3457.505,259.8,0,1080,77.94,0,450.32,0,660,0,433,0,4100,2050,433,0,0,1,1
493769056,86,1,4,11640.2,2910.05,5442.81,0,1240,615,608.4,0,1185.5,812.9,806.19,150,779.4,0,9700,2425,779.4,0,0,1,0
568528283,86,2,5,11370.2835,2274.0567,5966.74,0,0,1894,169.9,0,1969.9335,841.45,43.3,0,0,484.96,15916.6666666667,3183.33333333333,0,0,0,0,1
859944930,86,1,4,18922.5325,4730.633125,3165.23,0,3630,615.8,240,2473.64,436,1054.65,2165.2125,692,3377.4,1072.6,16483.3333333333,4120.83333333333,3031,0,0,1,0
12926686,86,1,5,15270.055,3054.011,7627.295,0,1210,930,406.81,129.9,692.8,562.9,1399.5,150,649.5,1511.35,18300,3660,0,0,0,0,0
286225195,86,1,5,20461.005,4092.201,7800.495,200.046,450,3044.4,660.53,5555.39,323.594,400,650,0,25,1351.55,9350,1870,0,0,0,0,0
604310594,86,2,4,11160.91,2790.2275,5715.6,0,1000,610,188.355,0,1437.56,1233,490,350,0,136.395,19000,4750,0,0,0,0,1
773638661,86,1,3,7151.29,2383.76333333333,4429.59,0,240,967,435,0,0,324.75,690,0,0,64.95,6200,2066.66666666667,0,0,0,0,1
532583791,86,1,5,20545.921,4109.1842,9837.76,290.11,1600,628,663.99,500,2901.1,1372.7,630.561,0,1948.5,173.2,51350,10270,1342.3,0,0,1,0
392084595,86,1,4,25423.978,6355.9945,10331.38,0,3550,1130,1708.4,0,5279.498,2465.3,180,0,779.4,0,31600,7900,0,0,0,0,0
591357830,86,1,8,17040.87,2130.10875,7399.97,757.75,1350,1155,696.79,1524.16,952.6,1428.9,400,0,866,509.7,26700,3337.5,0,0,0,0,0
525554980,86,1,2,7044.368,3522.184,3570.085,0,0,395.5,199.18,125,1741.093,562.4,0,0,303.1,148.01,17833.3333333333,8916.66666666667,0,0,0,0,1
584535459,86,3,3,71282.7975,23760.9325,8997.74,0,0,1638,9340.97,0,45499.0775,2423,537,0,960,1887.01,88080,29360,0,0,0,0,0
808945318,86,1,1,3638.09,3638.09,2247.27,0,0,515,140.25,0,0,0,610,0,0,125.57,11000,11000,0,0,0,0,1
997044037,86,1,8,37980.6532,4747.58165,13492.0635,541.25,2150,542.01,2007.774,3480.75,6750.1,1766,2430,50,3299.46,1471.2457,51680,6460,3212.86,433,1,1,0
249105227,86,1,6,12861.57,2143.595,5685.29,2554.7,0,1430,268.46,0,978.58,502.65,0,0,671.15,770.74,41995.83,6999.305,562.9,48,1,1,0
313808206,86,2,7,36228.296,5175.47085714285,13773.73,129.9,800,3682.26,360,90,4176.9,980,3400,0,7079.55,1755.956,32763.1666666667,4680.45238095238,4091.85,0,0,1,0
863808793,86,1,7,12841.835,1834.54785714286,4557.325,0,2310,359.45,619.2,0,1732,1179.39,409.9,0,952.6,721.97,14377.6666666667,2053.95238095238,584.55,0,0,1,0
603341047,86,1,1,7973.1,7973.1,2879.45,0,845,2413.09,1493.6,0,0,0,251.96,0,0,90,6766.66666666667,6766.66666666667,0,0,0,0,0
333243038,86,1,2,9927.074,4963.537,3355.75,0,0,2056.6,525,0,358.524,1550,675,500,606.2,300,25133.3333333333,12566.6666666667,0,0,0,0,0
493914600,86,1,5,10708.902,2141.7804,6611.91,0,0,1391.22,473.2,0,577.622,302.15,660,0,692.8,0,12103.86,2420.772,692.8,0,0,1,1
44033559,86,1,4,19596.8953,4899.223825,8256.877,200.046,0,1930,1390.4929,0,3338.246,220,780,0,995.9,2485.3334,12609.8,3152.45,736.1,0,0,1,0
55883501,86,1,4,21318.264,5329.566,11565.43,779.4,880,2254,567.23,1000,601.004,1206.2,300,0,0,2165,22131,5532.75,0,0,0,0,1
905332012,86,1,5,7783.33,1556.666,4148.14,0,400,642,326.44,0,853.01,541.25,396.19,0,0,476.3,14000,2800,0,0,0,0,1
422502284,86,3,2,235363.78,117681.89,15860.79,2857.8,53600,14303,27443.47,400,28305.5,7740,59555,0,13969.1,11329.12,91833.3333333333,45916.6666666667,0,0,0,0,0
47031207,86,1,5,13500.476,2700.0952,4399.28,0,1800,850,562.9,0,827.896,536,626,88,3810.4,0,11666.6666666667,2333.33333333333,3031,0,0,1,0
659959199,86,1,2,3758.474,1879.237,1896.54,0,0,470,0,77.94,523.064,0,725.98,0,0,64.95,4000,2000,0,0,0,0,1
318287733,86,2,5,65462.5925,13092.5185,9599.61,1775.3,5737,4039.61,1216.6,4022,26847.0185,1223.2,1100,800,6733.15,2369.104,28712.5,5742.5,2489.75,2647,1,1,0
516961403,86,2,7,42433.24,6061.89142857143,16644.52,519.6,0,3563.57,1645.9,2165,4948.5,2300,4160,3344,1948.5,1193.65,59205.7533333333,8457.96476190476,2914.09,0,0,1,0
350914932,86,1,5,15070.355,3014.071,8239.99,640.84,1150,1555.5,647.38,160,0,519.6,918.665,0,822.7,415.68,24000,4800,0,0,0,0,1
964098815,86,2,2,11953.15,5976.575,4659.08,0,0,1864.33,1240.63,140,2577,320,430,0,0,722.11,18049.1666666667,9024.58333333333,0,0,0,0,0
146562795,86,1,2,10818.35,5409.175,5111.565,194.85,1400,397,67.115,200,407.02,16,600,0,2424.8,0,11491.6666666667,5745.83333333333,2424.8,0,0,1,0
134760508,86,1,4,16046.659,4011.66475,4442.58,0,100,2384.2,857.975,300,2914.404,700,640,0,3160.9,546.6,22683.3333333333,5670.83333333333,995.9,0,0,1,0
392467483,86,1,3,16961.133,5653.711,10366.02,389.7,0,1361.5,1232.39,1073.84,489.723,635,415,0,216.5,781.46,17250,5750,0,0,0,0,1
707380741,86,1,1,9086.791,9086.791,2779.86,389.7,0,581,86.6,4860,89.631,0,300,0,0,0,4333.33333333333,4333.33333333333,0,0,0,0,0
49060731,86,2,2,24942.19,12471.095,6884.7,0,1630,3385,108.25,377.94,5698.28,775,2645,0,1299,2139.02,21375,10687.5,2121.7,0,0,1,0
458831440,86,3,1,37099.76,37099.76,943.94,0,1900,7015,1436.1,3926.6,6589,440,1468.25,3336,8876.5,1168.37,51666.6666666667,51666.6666666667,8356.9,0,0,1,0
809966558,86,1,9,21697.33,2410.81444444445,8499.79,2489.75,1950,890,0,0,0,1362.49,400,0,6105.3,0,26903,2989.22222222222,6365.1,0,0,1,0
653381366,86,1,2,11470.64,5735.32,6053.34,584.55,0,1845,40,1233,0,700,906.5,0,0,108.25,14000,7000,0,0,0,0,1
815193005,86,1,2,8139.425,4069.7125,4918.88,233.82,0,950,0,0,448.155,655,375,0,368.05,190.52,10650,5325,1169.1,0,0,1,1
884262543,86,1,4,14531.99,3632.9975,7638.12,433,400,1018.27,30,30.31,973.2,0,2040,24,1190.75,754.34,23700,5925,476.3,0,0,1,1
499490299,86,2,2,47625.95,23812.975,7044.91,0,1600,750,129.9,890,32444,400,900,0,2294.9,1172.24,37100,18550,1775.3,0,0,1,0
486608525,86,2,3,18227.487,6075.829,5157.03,259.8,1400,2097,77.94,703.1,3160.007,900,2094.85,600,974.25,803.51,33716.6666666667,11238.8888888889,930.95,0,0,1,0
92350291,86,1,1,10788.369,10788.369,2136.855,0,135,697.12,346.4,6806.394,0,0,580,0,0,86.6,9125,9125,0,0,0,0,0
313276381,86,1,5,11295.42,2259.084,5823.85,0,1030,2030,86.6,0,389.7,521.85,660,0,692.8,60.62,10200,2040,562.9,0,0,1,1
318017123,86,1,7,23873.88,3410.55428571429,6204.89,0,2850,3757.64,7081.89,1349.5,624,1480,351.96,8,0,166,16203.3166666667,2314.75952380952,0,0,0,0,0
211502706,86,2,2,40631.561,20315.7805,7902.25,0,2491,3379.64,14992.7784,210,1823.58,530.794,2588.996,0,0,6712.5226,61814.3333333333,30907.1666666667,0,0,0,0,0
899129482,86,2,9,39665.952,4407.328,13306.09,519.6,900,2170.04,3851.2,1989.25,4365.122,1089.75,915.25,1090,7642.45,1827.2,48441.6666666667,5382.40740740741,3961.95,0,0,1,0
895989029,86,1,2,6350.974,3175.487,2662.95,0,0,1640,243.2,43.3,358.524,0,870,0,433,100,8333.33333333333,4166.66666666667,0,0,0,0,0
197887554,86,1,4,15396.194,3849.0485,10773.04,0,770,570,1225.13,0,358.524,799.5,900,0,0,0,20433.3333333333,5108.33333333333,0,0,0,0,1
853271497,86,1,4,9227.492,2306.873,3780.09,0,0,440,148.25,138.56,1478.262,216.5,769.9,0,2186.65,69.28,11300,2825,0,0,0,0,0
312220060,86,2,2,77004.9051,38502.45255,8357.6794,1558.8,12060,1642,12124.7095,4977.5,3842.695,3268.7,14089.6,7150,3918.87,4014.3512,26000,13000,3827.72,1854.3,1,1,0
289112906,86,2,4,31066.094,7766.5235,11591.41,0,2090,2900,900.98,1882,1732,3013,1899.824,1200,2251.6,1605.28,34270,8567.5,0,0,0,0,0
176843825,86,2,7,14927.323,2132.47471428571,4745.68,129.9,700,1945.45,454.65,129.9,1792.128,1478.99,954.125,72,216.5,2308,17475,2496.42857142857,0,0,0,0,0
258459774,86,2,4,24211.175,6052.79375,9244.55000000001,0,2000,760,0,0,6775.975,1620,999.75,516,2078.4,216.5,19500,4875,779.4,0,0,1,0
561015566,86,1,4,11668.87,2917.2175,6248.19,0,750,1048,0,2085.78,0,606.2,220.83,0,346.4,363.47,6693.33333333333,1673.33333333333,0,0,0,0,1
785063613,86,1,5,9587.81,1917.562,2619.65,0,0,3078.5,0,0,995.9,300,666.91,0,1926.85,0,16450,3290,1060.85,0,0,1,0
639754699,86,2,3,20254.0083,6751.3361,6724.49,0,1100,2420,0,2246.0143,3285.604,1683,500,0,2294.9,0,42250,14083.3333333333,0,0,0,0,0
285634569,86,1,7,11431.445,1633.06357142857,5702.61,0,1100,560,1505.16,216.5,259.8,435,1061.145,24,324.75,242.48,22166.6666666667,3166.66666666667,0,0,0,0,0
682982331,86,1,7,27392.039,3913.14842857143,13474.96,1125.8,3100,613.8,798.105,0,2614,1775.7,2591.344,8,0,1290.33,22350,3192.85714285714,0,0,0,0,0
343053017,86,1,5,8327.598,1665.5196,2810.17,173.2,150,869.33,116.91,0,717.048,1000,1570.52,0,0,920.42,17250.8333333333,3450.16666666667,0,0,0,0,0
637399322,86,1,9,14983.85,1664.87222222222,8980.42,259.8,1560,1275,381.63,0,0,0,1180,48,1299,0,20554.81,2283.86777777778,0,0,0,0,1
454555369,86,2,12,22245.851,1853.82091666667,5399.51,0,3650,2140,1019.15,0,3044.108,2909.99,801.96,800,1602.1,879.033,51666.6666666667,4305.55555555556,822.7,0,0,1,0
123934511,86,2,4,13817.916,3454.479,3286.47,909.3,1550,859.045,420.85,455,2604.521,1101.5,565,0,519.6,1546.63,13866.6666666667,3466.66666666667,0,0,0,0,0
331339224,86,1,7,10587.55,1512.50714285714,7339.35,0,875,630,456.8,250,0,0,950,0,0,86.4,27433.3333333333,3919.04761904762,0,0,0,0,1
179090789,86,2,1,27254.74,27254.74,3775.76,0,5400,1145,344.54,0,13253.7,1049.5,0,0,2078.4,207.84,25000,25000,0,0,0,0,0
961746092,86,1,2,2425.8,1212.9,1827.26,0,0,511.94,0,0,0,0,0,0,0,86.6,15700,7850,0,0,0,0,1
420462280,86,1,3,16467.74,5489.24666666667,3108.94,259.8,3740,6153,54,550,0,0,1200,1402,0,0,25434.3333333333,8478.11111111111,0,0,0,0,0
257331673,86,1,2,4904.09,2452.045,437.33,649.5,700,714.95,0,0,0,578.56,0,0,1623.75,200,5583.33333333333,2791.66666666667,0,0,0,0,0
306431068,86,1,2,9493.291,4746.6455,2714.91,0,1330,465,60,200,1237.081,1505,775,0,476.3,730,11666.6666666667,5833.33333333333,476.3,0,0,1,0
636333679,86,1,7,19275.535,2753.64785714286,9279.19,194.85,5350,1600,303.1,105,389.7,779.4,866.295,200,0,208,9000,1285.71428571429,0,0,0,0,0
493692902,86,2,5,21793.372,4358.6744,6763.46,0,800,2418,870.75,420,2759.942,1243,1550,24,3680.5,1263.72,21131.09,4226.218,3377.4,0,0,1,0
855462396,86,1,5,13502.432,2700.4864,8768.25,0,0,2200,216.5,424.34,179.262,200,1185,0,0,329.08,33500,6700,0,0,0,0,1
510069756,86,1,4,15288.2603,3822.065075,7988.4603,476.3,1910,1557,236.05,0,779.4,266.5,530,800,497.95,246.6,14000,3500,303.1,0,0,1,1
107811076,86,1,1,6607.31,6607.31,2407.48,0,850,1280,150,0,0,151.55,400,0,1299,69.28,9000,9000,562.9,0,0,1,0
842295629,86,1,4,8775.179,2193.79475,3238.84,0,1600,1220,0,0,1248.339,978,450,40,0,0,16731,4182.75,0,0,0,0,0
785425818,86,1,5,24288.6675,4857.7335,4783.351,0,2900,5245,1491.9045,481.4,2690.262,4640,0,0,1905.2,151.55,28515.2333333333,5703.04666666667,0,0,0,0,0
345892882,86,1,3,22278.6597,7426.2199,4377.63,0,1430,2370,0,6097.0297,3983.6,270,2156,32,1212.4,350,21566.6666666667,7188.88888888889,0,0,0,0,0
341283367,86,1,3,15542.346,5180.782,7659.77,0,830,775,2169.08,0,2122.566,216.5,1063.64,0,281.45,424.34,19283.3333333333,6427.77777777778,0,0,0,0,0
125314821,86,1,4,5668.885,1417.22125,2533.05,129.9,0,5.6,1920,86.6,86.6,0,0,0,519.6,387.535,12000,3000,0,0,0,0,0
16255568,86,1,4,6018.16,1504.54,4304.02,0,400,1063,147.22,0,0,0,0,0,0,103.92,3900,975,0,0,0,0,1
955082651,86,1,5,16170.44,3234.088,4953.52,671.15,1900,1124,559.29,3961.9,2255,238.15,200,0,0,307.43,7600,1520,0,0,0,0,0
949150078,86,1,1,8320.741,8320.741,2649.96,0,0,1678,1140.25,1800,89.631,433,400,0,0,129.9,4000,4000,0,0,0,0,0
83860005,86,2,4,35738.11,8934.5275,6663.87,0,2580,3103,1946.74,240,7794,4752.5,4768.1,1820,1861.9,208,18617.3333333333,4654.33333333333,1082.5,2240,1,1,0
384164244,86,1,6,14644.827,2440.8045,7386.98,0,990,1199.54,433,0,2588.907,935,765,0,108.25,238.15,7000,1166.66666666667,0,0,0,0,1
776397679,86,3,4,31054.61,7763.6525,13981.57,0,1200,4854,1968.58,320,3464,1375.5,450,320,2727.9,393.06,26195.83,6548.9575,2727.9,0,0,1,0
706262043,86,1,1,6189.832,6189.832,2719.24,251.14,0,998,909.3,0,270.192,470,520,0,0,51.96,9000,9000,0,0,0,0,0
809580661,86,1,1,3458.2,3458.2,2338.2,0,0,1120,0,0,0,0,0,0,0,0,3000,3000,0,0,0,0,1
732870728,86,1,7,8021.28,1145.89714285714,5490.44,0,0,890,360,103.92,1073,0,0,0,0,103.92,8733.33333333333,1247.61904761905,0,0,0,0,1
836858510,86,2,2,18326.695,9163.3475,5860.655,502.28,2335,1352,266.91,0,3531.36,800,1950,0,1407.25,321.24,25650,12825,1623.75,0,0,1,0
23939427,86,1,5,8498.071,1699.6142,4338.66,225.16,970,693,337.05,0,0,679.8,42.001,0,1039.2,173.2,18700,3740,0,0,0,0,1
11938492,86,1,5,29496.652,5899.3304,13345.06,0,1140,3599,616.85,6000,1352.792,511.5,918.5,216,1688.7,108.25,14941.6666666667,2988.33333333333,1363.95,0,0,1,0
724421571,86,1,4,11073.13,2768.2825,5221.98,108.25,0,33.6,1037.25,1342.3,1706,0,0,0,779.4,844.35,12000,3000,0,0,0,0,0
36767084,86,2,3,28492.1345,9497.37816666667,9042.1225,1147.45,840,5060,3394.18,520,612.262,1361.7,441,800,3442.35,1831.07,45416.6666666667,15138.8888888889,3442.35,0,0,1,0
432659540,86,1,2,10048.74,5024.37,3100.28,0,370,700,468.46,4530,0,380,500,0,0,0,24883.3333333333,12441.6666666667,0,200,1,0,0
228898519,86,1,4,7521.6,1880.4,5152.7,779.4,0,673,0,0,216.5,0,700,0,0,0,7500,1875,0,0,0,0,1
83569012,86,1,4,8651.84,2162.96,5317.24,0,0,1180,0,200,519.6,877.5,557.5,0,0,0,17300,4325,0,0,0,0,1
338193984,86,1,5,28819.99,5763.998,10218.8,0,1710,9315.8,2715.6,1460,517.7,1568.05,500,0,0,814.04,30050,6010,0,0,0,0,0
557898417,86,2,1,17090.42,17090.42,5390.85,0,0,3894.03,526.09,3550,2433.46,0,950,0,0,345.99,16916.6666666667,16916.6666666667,0,0,0,0,0
564892290,86,2,2,34644.2889,17322.14445,11760.1068,0,800,1924.815,4520.5469,380,7561,1750,990,1160,930.95,2866.8702,29636.3333333333,14818.1666666667,606.2,0,0,1,0
84666806,86,1,4,11514.1205,2878.530125,5724.26,129.9,1050,240,282.48,129.9,1114.2205,216.5,0,0,151.55,2475.31,14000,3500,0,0,0,0,0
511267329,86,1,4,29817.702,7454.4255,8508.45,0,3680,1545,5427.3,795,2439.522,1240,4840,0,952.6,389.83,19000,4750,0,0,0,0,0
28187546,86,1,5,11432.12,2286.424,3853.7,866,1750,1450,564.96,0,533,801.05,711.45,150,0,751.96,14100,2820,0,0,0,0,0
546048217,86,1,4,4254.19,1063.5475,3390.39,0,0,293,0,0,570.8,0,0,0,0,0,7083.33333333333,1770.83333333333,0,0,0,0,1
31604773,86,2,6,30690.3071,5115.05118333333,12785.3209,909.3,2500,2144.47,3102.4467,1623.75,3115.002,696.5,1578.4075,120,0,2115.11,10608.3333333333,1768.05555555556,0,0,0,0,0
289937087,86,1,3,29535.284,9845.09466666666,4304.02,0,3270,3906.84,2996.64,6386.3,5232.834,1027.5,527.5,0,1255.7,627.95,35866.6666666667,11955.5555555556,736.1,0,0,1,0
306152069,86,1,9,14648.681,1627.63122222222,6657.375,0,120,1540,3144,200,1242.5,719.6,657.156,0,368.05,0,34800,3866.66666666667,0,0,0,0,0
598964542,86,1,4,5012.69,1253.1725,4732.69,0,0,280,0,0,0,0,0,0,0,0,17983.3333333333,4495.83333333333,0,0,0,0,1
109076943,86,2,2,15390.97,7695.485,3236.675,0,600,1298.4,1040,810,2050.255,1364.65,500,0,1688.7,2802.29,34739,17369.5,1493.85,0,0,1,0
245375974,86,1,12,8583.549,715.29575,6031.69,0,0,680,173.2,0,442.959,1104.15,0,0,151.55,0,29404.6666666667,2450.38888888889,0,0,0,0,1
