id,provincia,propauto,cantmiem,gastot,gastotpc,gc_01,gc_02,gc_03,gc_04,gc_05,gc_06,gc_07,gc_08,gc_09,gc_10,gc_11,gc_12,ingtoth,ingpch,tn_restaurant,tn_internet,cat_gastos_internet,cat_gastos_restaurant,cat_gastos_alimentos
834081592,62,2,2,20922.67,10461.335,969.92,0,0,13580,1200,0,2381.5,1250,650,0,541.25,350,15000,7500,0,0,0,0,0
341917545,62,1,1,13450.3575,13450.3575,1251.37,0,470,441.5,7287.2955,1732,0,200,1200,0,0,868.192,18433.3333333333,18433.3333333333,0,0,0,0,0
495940038,62,1,1,10084.8052,10084.8052,1516.8856,0,0,1893.5,3600,776.8196,0,450,595,0,952.6,300,9100,9100,0,0,0,0,0
480420666,62,2,3,37150.4408,12383.4802666667,8173.5678,1486.056,2400,9879.99,2965.476,300,4458.6,1373,3755.2,0,1628.08,730.471,35916.6666666667,11972.2222222222,1732,86.6,1,1,0
732735415,62,3,3,36142.5946,12047.5315333333,9054.5496,562.9,0,7150,2128.47,10000,2293,2430,1200,0,519.6,804.075,99450,33150,519.6,0,0,1,0
810057272,62,2,2,20744.04756,10372.02378,10156.15356,449.454,1800,1016.5,1788.29,168.87,2549,933,1050,0,0,832.78,37916.6666666667,18958.3333333333,0,0,0,0,0
862677657,62,1,1,6696.86,6696.86,4511.86,0,0,925,0,0,0,360,900,0,0,0,9750,9750,0,0,0,0,1
367375858,62,2,2,18162.1941,9081.09705,6411.7341,0,2500,2545.2,3000,0,112,1290,1900,0,0,403.26,90016.6666666667,45008.3333333333,0,0,0,0,0
974665318,62,1,1,21793.9208,21793.9208,12185.0097,0,1249,950,0,2948.1671,852.144,455,300,0,2684.6,170,28575,28575,0,0,0,0,1
111473648,62,1,4,29969.517,7492.37925,15505.297,142.89,2380,2400,1030.54,1290.34,1142.7,1200,4120,0,0,757.75,30000,7500,0,0,0,0,1
505372938,62,1,1,6901.41,6901.41,2035.1,2424.8,200,765,586.71,0,0,259.8,480,0,0,150,10666.6666666667,10666.6666666667,0,0,0,0,0
228075867,62,1,1,11926.9292,11926.9292,1992.8392,1255.7,0,2620,0,0,526.89,0,3020,0,2381.5,130,32083.3333333333,32083.3333333333,2381.5,0,0,1,0
227195370,62,2,1,57081.1933,57081.1933,4361.3059,863.835,2900,17221,4683.958,6267.84,9996,1549,4949,0,0,4289.2544,54166.6666666667,54166.6666666667,0,0,0,0,0
16703459,62,2,1,60149.2,60149.2,281.45,4849.6,0,11925,1000,2775.53,28095,2099,2100,0,6062,961.62,82510.42,82510.42,0,0,0,0,0
856520807,62,2,2,83151.6616,41575.8308,15024.234,1918.19,12000,2138.9596,20880,7180,11623.1,3500,3796,0,838.288,4252.89,197500,98750,0,0,0,0,0
636231192,62,1,4,14029.9,3507.475,1359.62,0,1790,8010,190,0,433,553.2,1140,0,0,554.08,17283.3333333333,4320.83333333333,0,0,0,0,0
179821471,62,2,4,30370.0798,7592.51995,7027.8498,493.62,950,9740,729.24,0,800,2500,3980,300,1991.8,1857.57,56583.3333333333,14145.8333333333,1169.1,0,0,1,0
974764372,62,1,3,8551.6265,2850.54216666667,1242.9265,454.65,1000,3663.5,0,0,200,200,650,0,0,1140.55,13400,4466.66666666667,0,0,0,0,0
970648649,62,1,1,8275.68326666667,8275.68326666667,251.14,0,2100,334.19,2566,822.7,851.653266666667,1000,350,0,0,0,61250,61250,0,0,0,0,0
548610067,62,2,2,36598.2251666667,18299.1125833333,8071.4664,307.43,530,13233.82,168.87,575,7587.79776666667,1529,713.96,2550,106.085,1224.796,46916.6666666667,23458.3333333333,0,0,0,0,0
540273401,62,2,1,12904.6853,12904.6853,3880.5893,0,2300,821,732.8,0,0,433,1846,0,0,2891.296,10833.3333333333,10833.3333333333,0,0,0,0,0
25979596,62,2,1,14021.2247,14021.2247,2989.3887,0,590,2635.45,0,0,3880,699,1310,0,1428.9,488.486,32500,32500,1428.9,0,0,1,0
853761970,62,1,3,11078.305,3692.76833333333,3403.38,376.71,0,1191.525,1222.09,0,0,800,1000,0,1558.8,1525.8,16677.5,5559.16666666667,0,0,0,0,0
659358230,62,1,1,29193.16,29193.16,3710.81,0,3000,10090,40,584.55,1822,1069.7,2110,0,4849.6,1916.5,25738.1666666667,25738.1666666667,0,1700,1,0,0
749782651,62,1,1,3754.62,3754.62,987.24,0,350,1673.23,82.27,0,411.88,250,0,0,0,0,8216.66666666667,8216.66666666667,0,0,0,0,0
189660398,62,2,2,14791.64,7395.82,3035.33,0,900,1078.33,1082.03,450,5572,860,450,0,866,497.95,11666.6666666667,5833.33333333333,866,590,1,1,0
868275473,62,1,2,12350.077,6175.0385,1753.65,0,1000,2474,144,0,1047.427,2333,700,0,2598,300,20333.3333333333,10166.6666666667,2598,0,0,1,0
311931963,62,2,2,20162.2241,10081.11205,6407.4041,0,1600,1584.985,1707.2757,0,3416.37,2190.81,990,860,0,1405.3793,29000,14500,0,0,0,0,0
487707538,62,1,4,36574.13,9143.5325,9378.78,3377.4,13580,5975,779.4,0,346.4,600,1671.15,0,0,866,49833.3333333333,12458.3333333333,0,0,0,0,0
681180739,62,2,4,2566.66,641.665,441.66,0,0,425,0,0,0,580,1120,0,0,0,10716.6666666667,2679.16666666667,0,0,0,0,0
793172370,62,2,3,9455.14883333333,3151.71627777778,4490.21,0,0,878.79,0,0,2626.50583333333,0,952.6,0,0,507.043,24500,8166.66666666667,0,0,0,0,0
109066734,62,2,3,21541.1517,7180.3839,3492.1017,0,0,11230,0,1101.05,2598,1650,650,0,0,820,34650,11550,0,0,0,0,0
986483909,62,1,3,26493.7104,8831.2368,5515.9437,303.0567,1900,12802.59,360,0,1143.12,1759,2360,0,0,350,24916.6666666667,8305.55555555556,0,0,0,0,0
41173020,62,1,4,8643.8174,2160.95435,3802.4761,306.997,800,1200,371.1243,0,493.62,0,1519.6,0,0,150,8300,2075,0,0,0,0,0
972253689,62,3,4,63613.45,15903.3625,7326.36,0,0,1366,2350,8600,10994,2150,23300,1900,1991.8,3635.29,90000,22500,0,0,0,0,0
265538074,62,2,3,14774.5218333333,4924.84061111111,9479.236,952.6,150,736.1,0,0,872.855833333332,1849.5,600,0,0,134.23,8420,2806.66666666667,0,1428.9,1,0,1
796353316,62,2,2,12419.74,6209.87,2165,952.6,200,900,1440,0,2565,820,1660,0,0,1717.14,46291.6666666667,23145.8333333333,0,0,0,0,0
52791585,62,1,4,10680.0671333333,2670.01678333333,1366.5913,597.54,3100,807.15,700,0,872.855833333332,477.43,810,0,1948.5,0,15612,3903,1948.5,0,0,1,0
759097450,62,2,5,13129.9608,2625.99216,5186.3008,0,0,565.02,0,4260.72,1212.4,1732,64.95,0,0,108.57,59978.9066666667,11995.7813333333,0,0,0,0,0
967924728,62,2,2,18224.587878,9112.293939,5775.1808,1580.45,0,2165.775,2230,0,2944.4,2027.98,1150,0,0,350.802078,56833.3333333333,28416.6666666667,0,0,0,0,0
755996723,62,1,3,7272.79,2424.26333333333,3065.64,0,1570,599.2,250,0,0,490,300,0,0,997.95,18416.6666666667,6138.88888888889,0,0,0,0,0
456058718,62,3,3,39555.5038,13185.1679333333,3666.9038,0,300,4300,13024,0,1371.56,2400,7670,2500,1705.6,2617.44,79250,26416.6666666667,1385.6,0,0,1,0
22955311,62,2,4,59195.35,14798.8375,3217.19,0,5850,13967.8,4880,5433,5516,3700,7290,8000,433,908.36,79166.6666666667,19791.6666666667,0,2240,1,0,0
764311353,62,2,1,29430.686,29430.686,6695.046,675.48,1400,4364,1668.48,0,3465,3800,2990,0,411.35,3961.33,48000,48000,0,0,0,0,0
621667854,62,1,2,8262.8788,4131.4394,1475.9238,0,0,2226.955,112,0,0,1000,3448,0,0,0,22750,11375,0,0,0,0,0
980567099,62,1,1,14001.82,14001.82,2268.92,1299,0,1800,0,0,995.9,2180,1590,0,3718,150,26000,26000,1385.6,0,0,1,0
341529640,62,1,2,5188.2955,2594.14775,1101.3788,194.8067,0,1190.41,500,0,1039.2,290,722.5,0,0,150,22083.3333333333,11041.6666666667,0,0,0,0,0
492389437,62,2,2,37372.4904,18686.2452,6633.0837,1606.3867,0,5556,342.07,1260,15138.36,1890,2080,250,303.1,2313.49,72833.3333333333,36416.6666666667,0,0,0,0,0
78417117,62,2,4,17326.3692333333,4331.59230833333,5512.0467,389.7,2790,646.55,1518.57,878.99,2591.85583333333,1497.86,600,0,0,900.7967,18927.7,4731.925,0,736.1,1,0,0
184649756,62,1,4,3989.84,997.46,1939.84,0,350,1100,0,0,0,600,0,0,0,0,25666.6666666667,6416.66666666667,0,0,0,0,0
160479091,62,2,6,28982.96,4830.49333333333,10881.29,1732,2600,682.4,923.51,1733.82,4763,0,1440,0,0,4226.94,46950,7825,0,0,0,0,0
133736658,62,2,3,37742.3641,12580.7880333333,11293.3328,409.618,3000,8587.94,80,120,4679.3841,2451,1335,0,0,5786.0892,55166.6666666667,18388.8888888889,0,291.8982,1,0,0
608526778,62,2,4,84063.8,21015.95,1467.87,0,3300,1605,16000,6000,2814.5,2400,36500,6000,6949.65,1026.78,146750,36687.5,0,0,0,0,0
115416669,62,2,3,11179.64,3726.54666666667,1732,866,1000,987.64,88,250,1732,650,3674,0,0,200,28416.6666666667,9472.22222222222,0,0,0,0,0
106185664,62,1,1,18580.83,18580.83,5070.43,346.4,3160,6050,1288,0,866,1200,600,0,0,0,28169.5,28169.5,0,0,0,0,0
998058511,62,2,3,22234.85,7411.61666666667,6148.6,476.3,3700,1085,811.47,0,4631,2260,2480,400,0,242.48,43983.3333333333,14661.1111111111,0,0,0,0,0
815903667,62,2,1,29663.5577,29663.5577,8318.363,961.26,1950,9275,3873.6,0,2201.8,1300,600,0,0,1183.5347,34400,34400,0,0,0,0,0
972794811,62,2,2,21092.9548,10546.4774,7739.4853,0,0,1610,845.027,3328.4291,3117.6,2580,650,0,0,1222.4134,47966.6666666667,23983.3333333333,0,0,0,0,0
375875,62,2,2,14165.086,7082.543,2511.4,1363.95,0,1360,179.9,300,1915,1270,4434,0,0,830.836,36725,18362.5,0,0,0,0,0
65184525,62,2,3,9493.2285,3164.4095,3968.2285,0,0,600,0,0,2165,1290,1470,0,0,0,46000,15333.3333333333,0,0,0,0,0
987858082,62,1,1,9749.0573,9749.0573,1348.3187,0,419,3790,440,413.1686,448,400,200,0,562.9,1727.67,8000,8000,0,0,0,0,0
789820189,62,1,4,9768.2,2442.05,3442.35,0,750,382.5,400,0,0,800,1500,0,1299,1194.35,9333.33333333333,2333.33333333333,0,0,0,0,0
503036166,62,1,2,5904.686,2952.343,1533.686,0,0,970,0,3031,0,0,370,0,0,0,10500,5250,0,0,0,0,0
346117688,62,2,4,12676.9837,3169.245925,4617.3388,519.6,510,1375,0,0,3091.62,900,1300,0,0,363.4249,33370.7,8342.675,0,0,0,0,0
267918038,62,1,1,9925.421,9925.421,2579.381,0,2700,723.84,120,80,0,1116,767,0,1039.2,800,19750,19750,1039.2,0,0,1,0
925249128,62,2,2,12895.91,6447.955,6637.89,0,0,1055,547.8,0,866,1600,1700,0,0,489.22,42250,21125,0,0,0,0,1
463348858,62,1,2,8929.43,4464.715,4862.59,0,300,1318.34,0,0,1948.5,500,0,0,0,0,13000,6500,0,0,0,0,1
29654008,62,3,3,49612.2948,16537.4316,6255.984,0,3227,3289.1,5619.583,9398.647,6928,2088,3761.5,4900,60,4084.4808,57500,19166.6666666667,0,5198,1,0,0
514375134,62,1,8,10520.38,1315.0475,3160.9,0,1180,1006.07,528.25,320,2400,625.16,1300,0,0,0,26976.6666666667,3372.08333333333,0,0,0,0,0
940952450,62,1,1,6065.894,6065.894,1651.029,0,0,377.765,0,2468.1,1299,270,0,0,0,0,16000,16000,0,0,0,0,0
432878931,62,2,5,13848.6136,2769.72272,3259.624,0,570,964,786.557,0,2131.3126,2466.5,520,0,995.9,2154.72,42916.6666666667,8583.33333333333,1515.5,0,0,1,0
143297787,62,1,2,30327.3738,15163.6869,4022.3968,185.757,9426.2,608.11,2015.25,216.5,0,3790,2910,0,4589.8,2563.36,34546.6666666667,17273.3333333333,1602.1,0,0,1,0
90591143,62,2,2,11771.8655,5885.93275,1711.8655,684.14,270,1127.5,413.2,0,3031,2666,1320,0,0,548.16,34666.6666666667,17333.3333333333,0,0,0,0,0
300685589,62,2,2,14439.78,7219.89,4745.68,0,0,2700,200,0,4618,433,500,0,1088,155.1,23616.6666666667,11808.3333333333,0,0,0,0,0
862609103,62,2,3,12356.006,4118.66866666667,1883.55,0,900,1878,3115.08,480,2165,1600,0,0,0,334.376,28633.3333333333,9544.44444444445,324.75,0,0,1,0
144857374,62,1,4,46402.5494666667,11600.6373666667,9598.311,804.081,4710,11100,263.697,0,6747.07816666667,1850,3440,5000,1775.3,1114.0823,46333.3333333333,11583.3333333333,0,0,0,0,0
250147218,62,2,2,10865.465,5432.7325,3396.885,0,1800,903,250,590,1299,816.5,480,0,779.4,550.68,30166.6666666667,15083.3333333333,0,1800,1,0,0
930677329,62,2,5,16036.3896428571,3207.27792857143,4579.841,1415.91,119,595,821.75,0,4298.97864285714,3033,600,0,0,572.91,34800,6960,0,0,0,0,0
298711751,62,1,5,9937.064,1987.4128,2922.75,0,0,654.5,0,0,2146.814,433,1380,2400,0,0,21100,4220,0,0,0,0,0
321971656,62,2,5,17264.055,3452.811,7484.405,0,2050,1290.65,0,700,0,1580,2700,160,1299,0,9450,1890,1485.19,0,0,1,0
524058653,62,2,3,11225.5,3741.83333333333,3247.5,0,1960,2170,0,0,2165,700,0,0,0,983,19916.6666666667,6638.88888888889,0,0,0,0,0
398718114,62,1,1,3335.28,3335.28,1260.03,0,0,337.5,0,60,320,0,600,0,757.75,0,12416.6666666667,12416.6666666667,0,0,0,0,0
202604142,62,1,1,11773.9559,11773.9559,1113.8059,0,3690,401.5,0,714.45,1472.2,650,1200,0,1732,800,32500,32500,0,0,0,0,0
562912631,62,1,3,14647.7054,4882.56846666667,5037.6519,0,0,1600,0,5499.1,1350.96,1000,0,0,0,159.9935,16125,5375,0,0,0,0,0
217496373,62,1,6,18704.7145,3117.45241666667,9817.842,801.05,780,1839,1036.334,0,2797.18,0,800,0,0,833.3085,18250,3041.66666666667,0,0,0,0,1
890058969,62,1,2,14537.2693666667,7268.63468333333,3550.3402,0,500,500,146.276,1309.3,2042.63316666667,720,2600,0,1939,1229.72,20000,10000,0,0,0,0,0
649946822,62,2,4,28706.36,7176.59,9803.12,0,6200,7600,0,0,3031,700,1000,0,0,372.24,51666.6666666667,12916.6666666667,0,0,0,0,0
117399407,62,2,6,10797.4,1799.56666666667,3407.71,779.4,225,545.83,80,0,3031,2460,0,0,0,268.46,64639.3266666667,10773.2211111111,0,0,0,0,0
291385866,62,2,5,40316.0450666667,8063.20901333333,6274.7762,1594.6957,0,23992,0,0,2821.93316666667,1800,2582.5,0,433,817.14,45833.3333333333,9166.66666666667,0,0,0,0,0
128483005,62,2,2,17208.901,8604.4505,2927.08,381.04,1000,1775,779.4,0,6702,800,600,230,1147.45,866.931,26333.3333333333,13166.6666666667,1147.45,0,0,1,0
762715437,62,1,1,8220.557,8220.557,2024.275,304.832,1290,1968.45,0,0,433,400,1800,0,0,0,65283.3333333333,65283.3333333333,0,0,0,0,0
631380396,62,2,2,40894.2276,20447.1138,1977.9873,1007.158,400,2652,1423.79,16466.0983,2722.1,1430,12514.2,0,0,300.894,55000,27500,0,0,0,0,0
512031495,62,2,2,24794.289,12397.1445,7176.109,0,3070,8235,0,0,3464,1720,850,0,0,279.18,26000,13000,0,0,0,0,0
977890307,62,1,2,10179.06,5089.53,1463.54,0,1000,575,3000,850,0,900,1690.52,0,0,700,22966.6666666667,11483.3333333333,0,0,0,0,0
107338309,62,2,4,62837.7454,15709.43635,4842.5854,0,3000,3700,0,9480,13367,1800,2300,18000,6100,248.16,54250,13562.5,0,0,0,0,0
617529535,62,1,2,5332.539,2666.2695,2872.089,1970.15,0,490.3,0,0,0,0,0,0,0,0,4100,2050,0,0,0,0,1
621035608,62,2,3,19516.95,6505.65,3775.76,476.3,0,8196,3740,200,0,800,1000,0,0,1328.89,32166.6666666667,10722.2222222222,0,0,0,0,0
563265826,62,1,2,22323.31,11161.655,3832.05,4221.75,0,2315,6560,1112.81,0,0,1200,0,1688.7,1393,19083.3333333333,9541.66666666667,0,0,0,0,0
347123665,62,1,2,11889.195,5944.5975,1695.195,0,0,4655,0,0,940,1149.5,2800,0,649.5,0,7500,3750,649.5,0,0,1,0
385044060,62,2,2,54882.1984,27441.0992,9657.9784,0,2800,15860,3838.9,240,8964.1,3089.6,7274,0,1732,1425.62,60583.3333333333,30291.6666666667,649.5,1200,1,1,0
141588189,62,2,1,3724.75,3724.75,662.49,0,0,290,0,0,1299,330,740,0,0,403.26,29166.6666666667,29166.6666666667,0,0,0,0,0
807219554,62,2,2,14246.0999047619,7123.04995238095,3063.6915,346.4,1870,767.565,558.25,750,1166.4644047619,1190,630,0,1558.8,2344.929,23333.3333333333,11666.6666666667,0,0,0,0,0
876243411,62,1,2,6764.207,3382.1035,1858.869,136.828,200,500,582.642,684.14,0,916.6,1579.248,0,0,305.88,22333.3333333333,11166.6666666667,0,0,0,0,0
852174854,62,3,2,26577.1755,13288.58775,8250.1655,2273.25,0,2231,1120,0,4365,1670,3450,0,2814.5,403.26,52000,26000,2165,1120,1,1,0
906283162,62,2,1,32181.8162,32181.8162,5642.5962,627.85,4200,12832.5,2586.74,400,1800,1858,1200,0,316.09,718.04,42500,42500,0,0,0,0,0
915106234,62,1,2,11449.09,5724.545,749.09,0,0,8500,0,0,0,700,1500,0,0,0,42666.6666666667,21333.3333333333,0,0,0,0,0
915994137,62,1,2,9935.75,4967.875,519.6,0,1370,1650,230,0,3970.15,500,1396,0,0,300,14083.3333333333,7041.66666666667,0,0,0,0,0
308513561,62,1,1,15746.6732,15746.6732,1561.7877,0,1850,6625,179.4785,0,268.46,480,1395,600,2338.2,448.747,19500,19500,0,0,0,0,0
18050618,62,3,1,16330.9787,16330.9787,2699.1488,649.3701,2050,3441,800,0,4137,536,0,1600,0,418.4598,17000,17000,0,0,0,0,0
729145558,62,3,3,25220.1467,8406.71556666666,2489.7067,1251.37,0,1400,0,0,8916.5,2700,700,0,6837.07,925.5,59750,19916.6666666667,6317.47,0,0,1,0
36514723,62,2,1,13390.305,13390.305,929.651,2817.964,0,2689.28,281.45,0,0,500,5000,0,1120,51.96,20000,20000,0,0,0,0,0
619262761,62,2,4,13209.6248714286,3302.40621785714,4048.55,866,900,2002,0,1300,2026.95487142857,850,850,0,0,366.12,22300,5575,0,0,0,0,0
482800057,62,1,5,19708.0877529412,3941.61755058824,6564.28,658.16,4380,786.985,762.34,0,3288.24275294118,603.1,1320,0,0,1344.98,72287.3666666667,14457.4733333333,0,0,0,0,0
97696415,62,2,1,29206.0677,29206.0677,8069.7777,484.96,5410,5855,358.48,0,3031,1425.4,3070.5,0,0,1500.95,50833.3333333333,50833.3333333333,0,0,0,0,0
804491204,62,1,2,10757.6742,5378.8371,941.0822,461.578,4000,4000,59.754,0,0,1200,0,0,0,95.26,13000,6500,0,0,0,0,0
480398867,62,2,2,18036.1133,9018.05665,2651.3023,398.36,3700,1878.2,2730.427,0,3031,900,522.8,0,909.3,1314.724,39166.6666666667,19583.3333333333,0,2500,1,0,0
933149182,62,2,3,18108.65,6036.21666666667,5412.5,0,1250,5450,775.07,3464,0,600,600,0,0,557.08,9583.33333333333,3194.44444444444,0,0,0,0,0
235851331,62,2,2,38737.0765,19368.53825,6837.6329,510.94,300,8850,360.7756,3000,4103.6,2413,3160,1700,5711.27,1789.858,35000,17500,5711.27,0,0,1,0
513776912,62,1,5,7938.96143333333,1587.79228666667,2193.145,545.58,0,3635,35,0,1465.28643333334,0,0,0,0,64.95,29500,5900,0,0,0,0,0
343407302,62,2,3,16830.4605,5610.1535,6647.3727,0,900,985,168.6968,116.91,3897,1866,340,0,0,1909.481,17000,5666.66666666667,0,0,0,0,0
965957195,62,3,5,34012.9163333333,6802.58326666667,3897,0,5500,4025,0,320,4593.26633333334,1100,5350,0,6495,2732.65,52966.6666666667,10593.3333333333,0,0,0,0,0
911430178,62,1,3,25852.3,8617.43333333333,2074.07,779.4,1230,7695,1509.8,2080,0,1200,4060,500,3550.6,1173.43,43000,14333.3333333333,0,0,0,0,0
424094650,62,2,6,30727.6933,5121.28221666667,3130.3735,316.09,4887,4696.765,208,334,12108.25,3259.3648,960,0,519.6,308.25,35456.3333333333,5909.38888888889,0,0,0,0,0
822242059,62,1,1,25950.44,25950.44,2619.65,0,200,1650,120,1407.25,18186,300,870,0,597.54,0,16975,16975,0,0,0,0,0
440771635,62,2,3,34391.188,11463.7293333333,8567.771,0,1440,10805,360,0,395.2,1300,1030,0,0,10493.217,73666.6666666667,24555.5555555556,0,0,0,0,0
524194878,62,2,1,35082.86,35082.86,2598,0,6750,13200,3814.86,0,832,1538,5550,0,0,800,65000,65000,0,800,1,0,0
201793984,62,1,4,20267.5295333333,5066.88238333333,7461.023,324.75,2700,2302,780.21,0,1594.74253333333,1100,2061,300,0,1643.804,15000,3750,0,0,0,0,0
534247258,62,1,1,11929.898,11929.898,8757.858,0,1360,525.62,186.19,454.65,0,216.5,0,0,0,429.08,9600,9600,0,0,0,0,1
348463838,62,2,3,47893.036,15964.3453333333,9859.41,6668.2,0,19611,0,0,5004.7,2751,2888,0,0,1110.726,84591.6666666667,28197.2222222222,0,0,0,0,0
504348745,62,2,9,28230.8631666667,3136.76257407408,12392.46,346.4,500,3076.27,0,0,2166.63316666667,2598,1800,0,2598,2753.1,51700,5744.44444444444,2598,0,0,1,0
501541623,62,3,2,44788.988,22394.494,6315.738,1732,3292,13504,480,8288,4970,1200,3600,0,1407.25,0,70000,35000,0,0,0,0,0
116261180,62,1,2,15654.18,7827.09,3225.85,736.1,4900,2156.2,577.74,961.35,0,328.5,1310,0,1333.64,124.8,35466.6666666667,17733.3333333333,1333.64,124.8,1,1,0
882280847,62,1,3,9546.22,3182.07333333333,2888.11,0,0,198,290.11,3300,0,600,2270,0,0,0,13500,4500,0,0,0,0,0
780346982,62,2,3,10657.3959333333,3552.46531111111,3870.3705,0,0,360.02,515.27,0,3548.44943333334,1500,200,0,0,663.286,22083.3333333333,7361.11111111111,0,0,0,0,0
575860300,62,1,2,7010.53,3505.265,1987.47,0,0,740,2083.06,0,0,500,1700,0,0,0,45008.3333333333,22504.1666666667,0,0,0,0,0
19446117,62,2,1,16150.5999,16150.5999,1476.7032,225.1167,0,8500,15.68,0,2598,580,2600,0,0,155.1,19500,19500,0,0,0,0,0
559724257,62,2,2,20152.2864117647,10076.1432058824,2865.594,2022.11,1200,679.5,331.86,220,3122.87241176471,1097,1186.6,0,3009.35,4417.4,20016.6666666667,10008.3333333333,2727.9,0,0,1,0
141254449,62,2,1,43415.0866,43415.0866,5226.1801,0,1000,1175,3158.5635,0,28964,1000,1366,0,866,659.343,25333.3333333333,25333.3333333333,866,0,0,1,0
740835512,62,1,1,3930.86,3930.86,2346.86,0,0,394,0,0,0,80,860,0,0,250,12766.6666666667,12766.6666666667,0,0,0,0,1
579233054,62,2,1,13336.1772,13336.1772,4455.3102,3463.567,0,939,300,0,1200,433,2080,0,0,465.3,24916.6666666667,24916.6666666667,0,0,0,0,0
897151779,62,1,3,5840.34,1946.78,2290.57,1212.4,900,1224.37,0,0,0,213,0,0,0,0,7394.07333333333,2464.69111111111,0,0,0,0,0
136209067,62,2,2,39118.66,19559.33,1796.95,974.25,2650,15685,204.8,0,10027,2400,3350,0,1082.5,948.16,56333.3333333333,28166.6666666667,0,0,0,0,0
435568492,62,1,1,1635.394,1635.394,960.394,0,0,675,0,0,0,0,0,0,0,0,5400,5400,0,0,0,0,1
359352212,62,2,6,33513.3737666667,5585.56229444444,15341.623,0,3606,1415,1211.464,2121.7,5879.95576666667,560,750,0,0,2627.631,30158.3333333333,5026.38888888889,0,0,0,0,0
335863418,62,2,4,18225.6,4556.4,1796.95,0,2050,8692,194.85,0,1991.8,600,0,2900,0,0,41583.3333333333,10395.8333333333,0,0,0,0,0
221812986,62,1,4,18805.2,4701.3,7127.18,1229.72,1000,6732.5,0,0,866,1033,666.8,0,0,150,28833.3333333333,7208.33333333333,0,0,0,0,0
405140847,62,1,2,7186.61,3593.305,2489.75,866,1150,880.86,300,0,0,0,1500,0,0,0,43000,21500,0,0,0,0,0
184554160,62,2,2,38730.2396,19365.1198,9801.4746,216.5,500,4568.14,3342.285,0,300,2184.84,4748,1200,10781.7,1087.3,19500,9750,0,0,0,0,0
294102869,62,2,2,14271.054,7135.527,2264.59,2286.24,2500,1460,0,1862.8,0,1750,1200,0,0,947.424,30333.3333333333,15166.6666666667,0,0,0,0,0
139669868,62,1,1,22742.4006,22742.4006,9395.234,0,2950,3000,3158,0,433,1430,1099,0,0,1277.1666,32500,32500,0,0,0,0,0
959436750,62,1,5,7287.29,1457.458,1385.6,0,1300,1592.13,100,0,571.56,1133,805,0,0,400,15740,3148,0,0,0,0,0
542938699,62,1,1,20813.825,20813.825,3126.26,0,1300,12726.5,806.38,132.065,96,700,800,0,411.35,715.27,31333.3333333333,31333.3333333333,411.35,0,0,1,0
50560583,62,2,5,14694.32,2938.864,4096.18,281.45,200,3350,194.85,0,3654.7,1200,1500,0,0,217.14,28000,5600,0,0,0,0,0
565681619,62,1,2,14852.6404,7426.3202,7162.4695,368.05,0,1576.5,135.096,0,1732,810,1200,0,1012.9169,855.608,47016.6666666667,23508.3333333333,0,0,0,0,0
866767644,62,1,1,18580.415,18580.415,2879.45,0,1980,4196.345,3464,277.12,2598,420,900,0,1515.5,350,21016.6666666667,21016.6666666667,0,0,0,0,0
656000135,62,1,1,17819.7834,17819.7834,2485.3334,0,0,7070,0,0,714.45,950,4100,2500,0,0,24916.6666666667,24916.6666666667,0,0,0,0,0
791559519,62,1,4,9991.83,2497.9575,4074.53,259.8,0,5037.5,0,0,0,0,620,0,0,0,13575,3393.75,0,0,0,0,0
324799389,62,1,2,6330.68,3165.34,2580.68,0,0,2250,0,0,0,300,1200,0,0,0,6000,3000,0,0,0,0,0
234295401,62,1,2,2197.01,1098.505,186.19,194.85,530,630.5,0,0,0,100,0,0,0,555.47,13059.6433333333,6529.82166666667,0,0,0,0,0
269903133,62,2,6,26812.1815,4468.69691666667,6695.6955,0,640,10426.895,969.92,0,2615.32,1600,1050,0,1299,1515.351,43633.3333333333,7272.22222222222,389.7,0,0,1,0
320471890,62,2,7,31535.576,4505.08228571429,6741.81,0,0,1700,1572,20,14810.16,3396,1100,0,1299,896.606,90033.3333333333,12861.9047619048,1299,0,0,1,0
626792754,62,1,1,1792.85,1792.85,411.35,0,480,709,0,0,0,192.5,0,0,0,0,9216.66666666667,9216.66666666667,0,0,0,0,0
995441271,62,1,1,18371.7244047619,18371.7244047619,3091.62,0,2600,716.24,779.4,7115,1319.4644047619,800,1350,0,0,600,16791.6666666667,16791.6666666667,0,0,0,0,0
287991052,62,1,1,12502.5414,12502.5414,1019.9315,0,940,7425.61,879.4214,0,0,1160,595,0,216.5,266.0785,17166.6666666667,17166.6666666667,216.5,0,0,1,0
930193622,62,2,5,45812.71396,9162.542792,23947.37676,0,2077,1672.92,872.384,80,3911.3531,1500,7304,0,2901.1,1546.5801,55000,11000,0,0,0,0,1
878493049,62,2,4,24248.43,6062.1075,3827.72,0,2700,5750,714.45,0,5935.55,1100,1810,0,562.9,1847.81,32500,8125,0,0,0,0,0
26142757,62,2,2,24060.821,12030.4105,5911.749,1818.6,3100,964.22,1060.502,1432.45,5840,1550,1041,0,1342.3,0,38516.6666666667,19258.3333333333,649.5,0,0,1,0
449753451,62,2,5,115344.3886,23068.87772,24084.8456,0,19100,16512,2042.267,17884.6,11524.54,4855,2324,9900,3130.59,3986.546,133416.666666667,26683.3333333333,0,0,0,0,0
406282377,62,1,3,9493.942,3164.64733333333,3426.762,909.3,650,1394.43,0,0,714.45,300,400,0,1299,400,27666.6666666667,9222.22222222222,1299,0,0,1,0
204415398,62,2,2,25328.6703666667,12664.3351833333,4285.8773,0,0,2061,2000,5370,7193.37126666667,1502,800,0,0,2116.4218,71500,35750,0,0,0,0,0
460200849,62,2,4,28106.55,7026.6375,6802.43,0,0,1055,0,0,6703,3266,1200,0,7794,1286.12,42141.6666666667,10535.4166666667,433,0,0,1,0
777203398,62,2,1,25776.62,25776.62,4555.16,779.4,2900,8500,2000,0,3206,1663,2080,0,0,93.06,27866.6666666667,27866.6666666667,0,0,0,0,0
824605456,62,3,5,52386.105,10477.221,5460.13,0,2520,2346.52,3329.9,1741.89,5629,1958.65,1176,18850,3637.2,5736.815,20000,4000,2121.7,0,0,1,0
913960211,62,1,2,2412.63,1206.315,1190.75,0,700,401.88,0,0,0,0,120,0,0,0,10500,5250,0,0,0,0,0
81590026,62,2,1,4422.074,4422.074,3901.33,0,0,305.11,215.634,0,0,0,0,0,0,0,18500,18500,0,0,0,0,1
727376021,62,2,1,7018.78663333333,7018.78663333333,2060.2573,0,0,606.45,0,1090.727,1223.80233333333,1160,800,0,0,77.55,32125,32125,0,0,0,0,0
427175537,62,2,2,51855.5902,25927.7951,15467.8425,2451.646,4830,5440,3984.76,1980.5853,2165,2200,8420,0,878.99,4036.7664,68166.6666666667,34083.3333333333,0,0,0,0,0
637319477,62,1,3,8197.2052,2732.40173333333,4061.2802,562.9,0,908.025,0,0,2165,0,500,0,0,0,16750,5583.33333333333,0,0,0,0,0
871316246,62,2,4,27079.2802,6769.82005,6810.9601,519.6,1915,4150,1556.222,300,1732,1900,5000,1500,1695.4981,0,41689.3266666667,10422.3316666667,0,0,0,0,0
525685972,62,3,5,20973.0727,4194.61454,2177.0807,519.6,5777,1522.73,0,500,4732,1746.5,2760,0,0,1238.162,97916.6666666667,19583.3333333333,0,0,0,0,0
533510393,62,1,2,8308.12,4154.06,5870.3542,383.205,0,854.04,445.3838,0,0,0,630,0,0,125.137,39333.3333333333,19666.6666666667,0,0,0,0,1
506969577,62,2,2,18360.5201,9180.26005,2329.4534,0,2500,1679.55,96,0,6202.7367,2338.12,782.31,0,1667.05,765.3,58933.3333333333,29466.6666666667,0,0,0,0,0
305526805,62,2,4,9983.46,2495.865,1307.66,0,300,1950,0,300,833,2200,2100,0,692.8,300,40438.3333333333,10109.5833333333,0,0,0,0,0
6379197,62,2,3,13990.0163666667,4663.33878888889,5094.4615,0,0,1800,242.1336,0,2961.72126666667,1899,600,0,1082.5,310.2,38366.6666666667,12788.8888888889,1082.5,0,0,1,0
90133526,62,2,3,8420.8,2806.93333333333,6421.39,0,800,0,0,0,108.25,658.16,0,0,0,433,10420,3473.33333333333,0,0,0,0,1
988127410,62,2,2,21577.817,10788.9085,2117.37,1156.11,1320,10660,186.8,0,300,2716,1500,500,0,1121.537,53083.3333333333,26541.6666666667,0,0,0,0,0
755610998,62,2,3,33869.21,11289.7366666667,4433.92,0,2600,11050,176,0,8161,700,2910,0,1502.51,2335.78,59450,19816.6666666667,1407.25,0,0,1,0
535185879,62,2,2,15234.2015,7617.10075,5036.8725,1441.89,800,1878.575,22.08,800,2165,2800,190.52,0,0,99.264,15008.3333333333,7504.16666666667,0,0,0,0,0
721832288,62,2,1,33692.5349,33692.5349,10050.4929,0,0,4827.13,15000,990,112,1479,750,0,0,483.912,45500,45500,0,0,0,0,0
644783297,62,1,1,8993.06,8993.06,1654.06,0,1033,5935,11,0,0,360,0,0,0,0,9666.66666666667,9666.66666666667,0,0,0,0,0
245801445,62,2,3,63536.7082117647,21178.9027372549,3928.6523,346.3134,1800,417.16,2242.3934,4500,19094.8724117647,2300,9260,16600,2400,647.3167,46833.3333333333,15611.1111111111,0,0,0,0,0
440346238,62,2,2,42674.2016,21337.1008,7417.6797,0,0,10584,10907.84,990,5987.1569,1800,650,0,0,4337.525,40125,20062.5,0,0,0,0,0
802762271,62,2,2,27795.4645,13897.73225,8996.6142,0,1150,972.315,2096.616,4193.3853,6495,2546,380,0,0,965.534,32833.3333333333,16416.6666666667,0,0,0,0,0
921378171,62,2,4,49390.2028,12347.5507,14795.0038,952.6,3550,1218.88,4617.7561,2700,8935.38,2962,1805,0,5196,2657.5829,62350,15587.5,5196,0,0,1,0
560683005,62,2,4,19017.9286,4754.48215,6331.9322,0,5000,1350,112.3635,0,4330,600,700,0,0,593.6329,57983.3333333333,14495.8333333333,0,0,0,0,0
523651316,62,2,3,19690.838,6563.61266666667,2531.318,545.58,1180,1600,6200.2,0,3464,2000,1452.6,0,0,717.14,75834.6666666667,25278.2222222222,0,0,0,0,0
978364345,62,1,7,13662.32,1951.76,2567.69,1047.86,2100,1030,1294.67,0,500,2149.5,1800,220,0,952.6,52083.3333333333,7440.47619047619,0,0,0,0,0
32942364,62,2,3,32858.2905,10952.7635,7151.0383,727.44,6000,6825.08,1264.84,86.6,4939.69,1180,901.1,0,1342.3,2440.2022,66438.3333333333,22146.1111111111,0,0,0,0,0
419422159,62,1,1,9000.472,9000.472,3091.0571,0,1000,1000,131,0,0,1860,1006,0,519.6,392.8149,18666.6666666667,18666.6666666667,0,0,0,0,0
556921197,62,3,2,54283.4063,27141.70315,9509.1996,0,400,2400,4548,12488,11413.16,1910,8700,0,2169.2867,745.76,68500,34250,0,0,0,0,0
896490776,62,1,1,11948.7595,11948.7595,2499.0595,0,3700,1670.7,0,1400,0,1279,700,0,0,700,32500,32500,0,0,0,0,0
299348242,62,1,2,9295.642,4647.821,2716.642,0,0,3840,0,0,240,0,1200,0,1299,0,23833.3333333333,11916.6666666667,0,0,0,0,0
964947138,62,3,1,22892.85,22892.85,2173.66,303.1,2300,1220,2880,0,3974,2090,4643.2,0,1450.55,1858.34,41166.6666666667,41166.6666666667,0,0,0,0,0
103283269,62,1,3,23178.3928666667,7726.13095555556,9367.0457,303.1,860,5543.5,923.487,0,1046.63316666667,1498.5,1029.9,0,208.706,2397.521,28933.3333333333,9644.44444444444,0,0,0,0,0
956148007,62,1,3,16107.717,5369.239,3981.002,0,450,6543.145,363.72,194.85,0,715,3540,0,0,320,19386.6666666667,6462.22222222222,0,0,0,0,0
360372451,62,1,4,11039.51,2759.8775,2325.21,0,2783,1698.64,456.45,0,2641.3,475.16,659.75,0,0,0,68876.6666666667,17219.1666666667,0,0,0,0,0
672229871,62,1,1,5187.0109,5187.0109,2012.2809,0,0,1247.73,0,275,0,917,735,0,0,0,6000,6000,0,0,0,0,0
491037871,62,2,4,24698.441,6174.61025,6465.123,909.3,3250,1500,1800,0,4747.5,2980,2186.6,0,303.1,556.818,36416.6666666667,9104.16666666667,303.1,0,0,1,0
807320998,62,1,2,18736.5048235294,9368.25241176471,2346.86,0,35,8500,264.95,2123.95,1915.74482352942,1385,2165,0,0,0,10602.26,5301.13,0,0,0,0,0
208496589,62,2,3,15780.08,5260.02666666667,3061.31,0,0,5980.65,1237.5,0,1205,928,479.9,0,1732,1155.72,56548.3333333333,18849.4444444444,1732,0,0,1,0
241292859,62,2,2,10468.0869,5234.04345,2926.8635,0,3580,937.15,571.4734,520,0,259.8,980,0,692.8,0,25050,12525,692.8,3580,1,1,0
159948991,62,2,5,76807.0199,15361.40398,8583.1425,566.1475,9950,17179.57,4980.2254,0,2857.8,2137,2840,0,22054.5,5658.6345,69948.3333333333,13989.6666666667,20134.5,0,0,1,0
453840359,62,1,5,13398.985,2679.797,6016.535,0,990,4526.35,0,86.6,0,949.5,530,0,0,300,23885.02,4777.004,0,0,0,0,0
557846704,62,2,4,16502.39,4125.5975,3511.63,0,1880,2350,0,0,5516,750,2246.6,0,0,248.16,18136,4534,0,0,0,0,0
327644752,62,1,1,37170.75,37170.75,597.54,0,4950,900,1920,0,3571.56,900,17500,0,3464,3367.65,74166.6666666667,74166.6666666667,0,0,0,0,0
509073602,62,1,1,17440.25,17440.25,991.57,0,4100,7430.4,99.59,974.25,0,500,3050,0,0,294.44,19500,19500,0,0,0,0,0
343708160,62,2,5,21580.204,4316.0408,9975.454,0,0,5650,0,1372.61,2165,800,1400,0,0,217.14,55083.3333333333,11016.6666666667,0,0,0,0,0
916358131,62,1,1,11933.893,11933.893,2063.678,519.6,220,1448.935,180,2901.1,883.32,529,2786.3,0,0,401.96,26666.6666666667,26666.6666666667,0,0,0,0,0
352705163,62,2,2,15708.9244,7854.4622,4407.6369,0,0,1700,1839.1675,0,5496,1200,580,0,0,486.12,30616.6666666667,15308.3333333333,0,0,0,0,0
97922088,62,2,2,35988.8837,17994.44185,7923.9,0,6699,3950,1530.891,2617.5527,4698.05,1700,1360,0,2771.2,2738.29,117000,58500,2771.2,0,0,1,0
418359573,62,1,4,6109.17932142857,1527.29483035714,1469.602,238.15,600,657.77,0,0,1151.85732142857,1491.8,500,0,0,0,11000,2750,0,0,0,0,0
135990011,62,2,3,19515.0845,6505.02816666667,4501.901,194.85,2685,1055,756,0,7598.2535,800,1800,0,0,124.08,25000,8333.33333333333,0,0,0,0,0
333473533,62,2,4,53822.0601,13455.515025,12222.3776,1820.6784,1800,2344.91,202.6873,0,10166,3964.6,5708.9,11640,2511.4,1440.5068,77000,19250,1428.9,0,0,1,0
714525009,62,2,3,47858.705,15952.9016666667,10394.165,0,4830,19295,3310.2,0,4330,1580,2330,0,0,1789.34,61833.3333333333,20611.1111111111,0,0,0,0,0
767936135,62,1,4,10154.4666,2538.61665,3136.1757,0,0,845,2876.034,0,883.32,1200,660,0,0,553.9369,11466.6666666667,2866.66666666667,0,0,0,0,0
238200202,62,1,3,10857.8793333333,3619.29311111111,237.717,0,1550,6047.82,0,2000,522.342333333333,100,400,0,0,0,35083.3333333333,11694.4444444444,0,0,0,0,0
775521865,62,1,6,11701.1147,1950.18578333333,2083.1197,662.49,1500,734,2938.812,0,1901.52,435,726.96,0,0,719.213,23551.13,3925.18833333333,0,0,0,0,0
779498768,62,1,2,8242.9637,4121.48185,2523.957,281.45,2060,607.53,877.54,0,0,106.94,820,0,649.5,316.0467,19250,9625,649.5,0,0,1,0
977927984,62,2,4,26721.694,6680.4235,6650.014,0,0,11699,311.54,0,3030,1500,3280,0,0,251.14,65000,16250,0,0,0,0,0
814152470,62,1,1,2443.295,2443.295,1874.89,0,0,466.65,101.755,0,0,0,0,0,0,0,9125.33333333333,9125.33333333333,0,0,0,0,1
924243932,62,2,2,12495.1549,6247.57745,2535.9944,346.4,0,1096,207.4503,2000,3745.4,1340,0,0,0,1223.9102,24283.3333333333,12141.6666666667,0,0,0,0,0
802531900,62,2,1,52452.06923,52452.06923,3883.45143,0,750,1222.66,790.1146,2564,35897,550,1300,0,3897,1597.8432,32083.3333333333,32083.3333333333,3897,0,0,1,0
878693142,62,1,1,7058.63,7058.63,2602.33,476.3,0,2500,0,0,0,480,1000,0,0,0,6416.66666666667,6416.66666666667,0,0,0,0,0
369809008,62,1,4,6656.001,1664.00025,3073.001,0,0,1850,0,0,433,800,500,0,0,0,16900,4225,0,0,0,0,0
886930150,62,2,3,14610.4967,4870.16556666667,5286.93,437.33,2180,1109.37,0,822.6567,1299,2002.5,1067,0,0,405.71,62433.3333333333,20811.1111111111,0,0,0,0,0
808945915,62,2,5,17396.1707666667,3479.23415333333,4408.3297,0,1500,2300,48,0,4705.61306666667,1879,858.068,0,1299,398.16,68453.58,13690.716,1299,0,0,1,0
603950149,62,1,4,46369.8594,11592.46485,7194.5115,0,0,14126.27,10611,2577.9379,3897,1150,3910,350,1147.45,1405.69,25458.3333333333,6364.58333333333,1147.45,0,0,1,0
43015241,62,1,3,8539.895,2846.63166666667,216.5,0,730,418.095,0,1200,1925.8,1450,1400,0,649.5,550,21033.3333333333,7011.11111111111,0,0,0,0,0
346925398,62,2,4,24797.994,6199.4985,6863.05,0,0,12043.5,0,2150,2165,894,150,0,0,532.444,42500,10625,0,0,0,0,0
9119232,62,2,2,40450.13959,20225.069795,14437.8654,779.4,0,1693.31,2378.27,656.2839,9714.36,2469.98,1500,0,4080,2740.67029,102916.666666667,51458.3333333333,0,0,0,0,0
329852796,62,2,3,29282.309,9760.76966666667,3246.634,2273.25,0,4405.15,2752,249,8973.4,1800,4090,0,1299,193.875,45500,15166.6666666667,1299,0,0,1,0
413915218,62,2,5,23000.53,4600.106,4741.35,1039.2,2600,2550,1768,0,1282.9,2166,1100,0,5629,124.08,47500,9500,0,0,0,0,0
983688687,62,2,2,32899.99,16449.995,4866.92,0,1400,990,2020.4,303.1,9883.6,1893,4790,0,5711.27,1041.7,49898.3333333333,24949.1666666667,5711.27,0,0,1,0
248460045,62,2,5,16013.685,3202.737,5323.735,619.19,1250,1378.49,383,0,103.92,1773.2,3486.6,1400,0,295.55,41625.6666666667,8325.13333333334,0,0,0,0,0
921729818,62,1,1,19219.39,19219.39,10175.5,0,2480,3352.73,1951.9,0,0,119.86,360,0,0,779.4,16083.3333333333,16083.3333333333,0,0,0,0,1
36931756,62,2,2,9869.51,4934.755,982.91,0,500,1235,503.1,0,0,1600,3100,0,1688.7,259.8,35000,17500,0,0,0,0,0
900576778,62,2,2,10674.5897,5337.29485,1550.9627,0,0,2200,410.2045,0,2898,1860,716,0,0,1039.4225,29250,14625,0,0,0,0,0
134591054,62,2,3,23129.0229,7709.6743,3921.1181,0,0,1084,160,112,14380.5798,890,1700,0,0,881.325,28233.3333333333,9411.11111111111,0,0,0,0,0
831106385,62,1,3,16926.9985,5642.33283333333,6990.5685,0,2350,1225,0,0,853.78,2700,2242.9,0,564.75,0,28783.3333333333,9594.44444444445,0,0,0,0,0
219457264,62,1,4,12650.8815,3162.720375,4354.0315,424.34,0,1900,0,0,567.6,1550,3306.55,150,0,398.36,17166.6666666667,4291.66666666667,0,0,0,0,0
330867441,62,2,2,117568.011,58784.0055,8320.961,4446.91,4500,17500,649.5,1759.6,65856,3500,7123,0,2987.7,924.34,49866.5,24933.25,0,0,0,0,0
793206871,62,1,5,4073.25,814.65,1688.7,0,0,1035.05,0,0,400,300,649.5,0,0,0,16914.75,3382.95,0,0,0,0,0
719658998,62,1,4,1939.465,484.86625,1034.87,259.8,0,644.795,0,0,0,0,0,0,0,0,21750,5437.5,0,0,0,0,1
47589191,62,1,1,2857.56,2857.56,1264.36,259.8,0,770.5,0,0,0,0,0,0,562.9,0,6000,6000,0,0,0,0,0
173444221,62,1,4,1758.9,439.725,216.5,0,200,1316.8,0,0,25.6,0,0,0,0,0,13153.58,3288.395,0,0,0,0,0
382971648,62,1,1,8013.4124,8013.4124,2961.3736,0,0,1010,629.1288,0,0,1049,1347,0,0,1016.91,9208.33333333333,9208.33333333333,0,0,0,0,0
454713512,62,2,7,8376.8985,1196.69978571429,4764.9485,679.81,0,449,0,0,1948.5,0,500,0,0,34.64,29183.3333333333,4169.04761904762,0,0,0,0,1
591259180,62,2,4,66154.8,16538.7,4611.45,0,7560,20675,2738,710,7769.4,3808,12053.5,0,1299,4930.45,152750,38187.5,0,0,0,0,0
972470269,62,1,1,3802.5945,3802.5945,1587.5945,0,0,1465,0,0,0,0,750,0,0,0,8333.33333333333,8333.33333333333,0,0,0,0,0
517999652,62,1,1,5233.96,5233.96,1909.53,0,1470,900,115.75,0,0,0,800,0,0,38.68,13000,13000,0,0,0,0,0
66389338,62,1,2,4499.2645,2249.63225,3113.9195,0,0,715.345,0,0,0,0,670,0,0,0,24433.3333333333,12216.6666666667,0,0,0,0,1
9184102,62,2,3,44106.6649,14702.2216333333,6258.7119,801.05,0,9950,7194.85,800,14117,1800,1050,0,0,2135.053,32000,10666.6666666667,0,0,0,0,0
377445364,62,2,5,45809.215,9161.843,4518.355,606.2,2000,5200,2127.51,0,7079.55,5739,3556.1,5000,9374.45,608.05,49666.6666666667,9933.33333333333,8291.95,0,0,1,0
808509529,62,2,2,22425.879,11212.9395,4071.499,0,3189,3600,480,1180,5152.12,1470,2580,0,0,703.26,38833.3333333333,19416.6666666667,0,0,0,0,0
449668489,62,3,4,33582.6144,8395.6536,6346.3944,0,4600,4798,0,0,5533.74,2610,1560,3600,0,4534.48,38716.6666666667,9679.16666666667,0,0,0,0,0
646462487,62,1,6,30144.4572857143,5024.07621428571,6434.38,1212.4,13050,848.5,0,0,1929.75728571428,900,3600,0,238.15,1931.27,21966.6666666667,3661.11111111111,238.15,0,0,1,0
7301771,62,2,3,34115.8521,11371.9507,2717.0317,0,0,7000,211.59,0,20676.4,380,2720,0,0,410.8304,19033.3333333333,6344.44444444444,0,0,0,0,0
280408922,62,2,3,18855.89,6285.29666666667,10595.51,519.6,5000,1742.93,0,541.25,0,0,370,0,86.6,0,14843.6666666667,4947.88888888889,0,0,0,0,1
844944609,62,1,1,4272.79,4272.79,1247.04,1060.85,0,1835,0,0,0,129.9,0,0,0,0,5000,5000,0,0,0,0,0
344608217,62,2,4,22829.058,5707.2645,3588.271,831.36,580,1380,5289.857,0,2465,2950,3349,1200,0,1195.57,67166.6666666667,16791.6666666667,0,0,0,0,0
917172342,62,2,3,3963.965,1321.32166666667,976.415,0,0,1410,0,0,0,300,1200,0,0,77.55,4000,1333.33333333333,0,0,0,0,0
255111374,62,1,2,14680.892,7340.446,5725.992,433,120,1728,360,200,128,733,4452.9,0,0,800,7500,3750,0,0,0,0,0
355941030,62,3,9,17147.470766666698,1905.27452962963,8361.7496,251.14,1925,982.38,69.28,0,974.571166666666,2489.52,1690.57,0,0,403.26,46683.3333333333,5187.03703703704,0,0,0,0,0
807308921,62,1,3,26285.5659,8761.8553,5917.5079,844.35,750,8835,1279.511,259.8,1988,1385,3783.3,0,0,1243.097,28600,9533.33333333333,0,0,0,0,0
802030915,62,1,3,9893.7316,3297.91053333333,3652.4416,0,1350,1170,0,0,1571.79,600,900,0,649.5,0,34666.6666666667,11555.5555555556,0,0,0,0,0
221798683,62,2,3,17057.6025,5685.8675,1841.3325,1688.7,2085,953,1300.8,0,2165,1860,1640,0,0,3523.77,26036.6666666667,8678.88888888889,0,0,0,0,0
203917849,62,1,1,12858.6135,12858.6135,2558.8568,476.2567,1150,5000,0,0,0,1085,1266,0,1082.5,240,18500,18500,1082.5,0,0,1,0
657973336,62,1,1,6672.33,6672.33,956.93,0,1900,662.6,1014,0,0,580,0,0,1558.8,0,27083.3333333333,27083.3333333333,0,0,0,0,0
546208450,62,1,1,5015.12816666667,5015.12816666667,1060.85,0,0,700,0,480,988.178166666668,400,650,0,736.1,0,10500,10500,0,0,0,0,0
432376892,62,1,3,13166.7834,4388.9278,2593.5834,0,720,6954,160,0,606.2,433,1700,0,0,0,11666.6666666667,3888.88888888889,0,0,0,0,0
649353837,62,1,3,9789.87,3263.29,1688.7,0,850,1924,2246.1,0,649.5,2023,300,0,0,108.57,15000,5000,0,0,0,0,0
299002826,62,1,1,5709.94,5709.94,1164.77,0,0,3550,0,0,0,433,350,0,0,212.17,11808.3333333333,11808.3333333333,0,0,0,0,0
639568079,62,2,1,17968.309,17968.309,3270.449,1480.86,0,2021,48,0,5788,1800,3560,0,0,0,22950,22950,0,0,0,0,0
640053090,62,1,3,21822.1,7274.03333333333,4031.23,692.8,1558,7436,207.84,0,0,2000,2569.5,0,1082.5,2244.23,28623.3333333333,9541.11111111111,0,0,0,0,0
90384726,62,2,3,14568.3771,4856.1257,5263.0717,194.85,500,1200,261.8554,0,2078.4,3060,1700,0,0,310.2,17570.8633333333,5856.95444444444,0,0,0,0,0
714459360,62,1,1,11783.9262,11783.9262,2659.2262,0,0,7065,0,400,0,1050,389.7,0,0,220,16250,16250,0,0,0,0,0
955586425,62,1,6,11759.43,1959.905,2303.56,0,600,2250,0,866,2203.97,2006.5,750,0,0,779.4,25500,4250,0,0,0,0,0
223245728,62,1,1,17438.96,17438.96,2290.57,0,1800,6420.3,507.2,292,2620,400,600,0,1008.89,1500,13000,13000,0,0,0,0,0
348701971,62,1,3,17834.107,5944.70233333333,6983.857,2424.8,2600,516,350,0,0,800,780,0,2749.55,629.9,49666.6666666667,16555.5555555556,0,0,0,0,0
947081079,62,1,5,12471.761,2494.3522,7457.126,0,0,780.585,0,0,866,400,1600,1000,368.05,0,26000,5200,0,0,0,0,1
576932977,62,1,1,11183.807,11183.807,2636.97,549.477,1150,1714.25,1796.6,1086.51,0,0,2000,0,0,250,13291.6666666667,13291.6666666667,0,0,0,0,0
920522276,62,2,3,14690.6721,4896.8907,4907.9251,0,0,2830.7,0,0,2992.62,649.5,3060,0,0,249.927,17326.3333333333,5775.44444444444,0,0,0,0,0
606518626,62,1,1,14801.83,14801.83,1450.55,0,0,7750,0,0,261.28,840,4500,0,0,0,2750,2750,0,0,0,0,0
573036122,62,2,3,35539.73,11846.5766666667,5789.21,2121.7,4100,4502,100,0,4858.26,4830,7060,0,1775.3,403.26,109583.333333333,36527.7777777778,1775.3,0,0,1,0
478461842,62,1,1,20772.6124,20772.6124,1425.7824,766.41,1800,9125,977.714,0,995.4,1355,2300,0,1645.4,381.906,34500,34500,1645.4,0,0,1,0
22704612,62,1,2,34440.0499,17220.02495,6105.4299,0,370,16100,1506,100,5183.98,1190,700,1400,1212.4,572.24,59066.6666666667,29533.3333333333,1212.4,0,0,1,0
158436473,62,1,1,5345.2146,5345.2146,1479.2146,0,1500,0,0,0,0,650,1716,0,0,0,8500,8500,0,0,0,0,0
547104900,62,2,2,33651.4897,16825.74485,6096.0338,909.3,3200,2961.08,721.5512,5950,8017.4,2049,789,0,1280,1678.1247,48783.3333333333,24391.6666666667,0,0,0,0,0
183382482,62,2,2,22265.567,11132.7835,7296.916,216.5,3500,457.5,1831.971,0,6106,445,600,0,0,1811.68,35833.3333333333,17916.6666666667,0,0,0,0,0
313420179,62,1,5,24824.84,4964.968,14135.285,346.4,0,1741.96,376.71,5721.25,0,889.7,793,0,129.9,690.635,57845.5733333333,11569.1146666667,0,0,0,0,1
