id,provincia,propauto,cantmiem,gastot,gastotpc,gc_01,gc_02,gc_03,gc_04,gc_05,gc_06,gc_07,gc_08,gc_09,gc_10,gc_11,gc_12,ingtoth,ingpch,tn_restaurant,tn_internet,cat_gastos_internet,cat_gastos_restaurant,cat_gc_01
264061989,38,1,1,6487.639,6487.639,2439.522,0,300,1336,120.807,736.1,606.2,0,920,0,0,29.01,7000,7000,0,0,0,0,0
51009050,38,2,5,21103.5,4220.7,8335.25,844.35,0,920,0,0,6150,1563,3135.8,0,0,155.1,44166.6666666667,8833.33333333333,0,0,0,0,0
373285184,38,1,5,15013.152,3002.6304,4962.18,0,0,4225,57,232,1629.812,1813,245.26,0,1558.8,290.1,21456.6666666667,4291.33333333333,0,0,0,0,0
79203589,38,2,9,39105.01,4345.00111111111,18363.53,0,220,2350,411.35,86.6,6977.48,649.5,3792.8,0,5845.5,408.25,37033.3333333333,4114.81481481481,3031,0,0,1,0
410674189,38,2,2,33062.7095,16531.35475,8057.6104,0,0,2754.76,1615.4452000000001,0,5785.099,1280,10196.8,0,1234.05,2138.9449,38910,19455,368.05,0,0,1,0
880308766,38,2,2,33210.798,16605.399,5650.65,0,11380,6538,938,800,2282.232,816,4246,0,0,559.916,46880.3333333333,23440.1666666667,86.6,0,0,1,0
879181965,38,1,4,19160.8235,4790.205875,7896.8375,0,1570,1274,275.99,1360.9,2305.292,1978.6,779.7,0,1472.2,247.304,10231.67,2557.9175,1299,0,0,1,0
455258670,38,1,4,4449.848,1112.462,2273.25,0,0,1191.09,0,0,769.008,216.5,0,0,0,0,6200,1550,0,0,0,0,1
38120992,38,2,4,20775.916,5193.979,6733.15,0,400,1960,748.8,228.25,7393.752,1130,1250,0,0,931.964,54750,13687.5,0,0,0,0,0
847696531,38,2,3,33078.7155,11026.2385,4573.9955,0,7080,2260,3236.5,180,5491,1154,4778,2332,112,1881.22,44666.6666666667,14888.8888888889,0,3840,1,0,0
743800316,38,1,8,16958.67,2119.83375,6733.15,606.2,1335,2120,2742.65,368.05,0,433,450,0,1537.15,633.47,23966.6666666667,2995.83333333333,0,0,0,0,0
276006112,38,1,2,9539.00999999999,4769.505,4429.59,0,0,1200,224,2944.4,0,0,250,0,433,58.02,16666.6666666667,8333.33333333333,433,0,0,1,0
605474908,38,1,5,19292.18,3858.436,8252.98,0,1960,1038,2132.55,974.25,1026,575,602,0,1060.85,1670.55,11466.6666666667,2293.33333333333,0,0,0,0,0
551134408,38,1,4,24380.868,6095.217,8114.42,0,350,5166,321.9,454,2043.668,1800,4956.2,0,779.4,395.28,23516.6666666667,5879.16666666667,0,400,1,0,0
377241717,38,1,5,32695.1801,6539.03602,6111.795,303.1,2010,3066.3076,1295.4431,7087.8636,3721.558,1032,4455.9968,0,3074.3,536.816,61930.5,12386.1,2489.75,0,0,1,0
557397764,38,2,3,7332.46,2444.15333333333,3541.94,0,900,644,80,150,1013.22,0,960,0,0,43.3,14329,4776.33333333333,0,0,0,0,0
564419525,38,1,5,11501.174,2300.2348,995.9,0,0,1979,0,0,2181.454,490,1530,0,3983.6,341.22,26306,5261.2,3897,0,0,1,0
344083418,38,2,4,21074.28,5268.57,8248.65,411.35,1020,1275,881.67,577.94,4330,600,1120,16,2087.06,506.61,13633.3333333333,3408.33333333333,1645.4,0,0,1,0
344225209,38,1,5,31176.174,6235.2348,13509.6,0,2670,4020,1032,64,1688.7,569,1257.7,900,2966.05,2499.124,9866.66666666667,1973.33333333333,0,0,0,0,0
983624189,38,2,6,32021.196,5336.866,8214.01,0,3370,1639,3842.3,1691.35,6780.92,910.5,3385.96,1272,433,482.156,38000,6333.33333333333,0,0,0,0,0
608800762,38,1,3,5292.49,1764.16333333333,2407.48,0,80,986,160.21,0,593,653,412.8,0,0,0,12033.3333333333,4011.11111111111,0,0,0,0,0
100198616,38,1,6,7577.395,1262.89916666667,5375.695,0,0,1170,0,0,0,519.6,443.3,0,0,68.8,9596.66666666667,1599.44444444444,0,0,0,0,1
27958269,38,1,4,11409.29,2852.3225,4039.89,606.2,1400,2377.2,150.4,550,519.6,200,560,20,0,986,14733.3333333333,3683.33333333333,0,0,0,0,0
897617120,38,1,1,4187.6076,4187.6076,2195.31,0,0,790,0,0,720.58,0,450,0,0,31.7176,6500,6500,0,0,0,0,1
355104668,38,1,2,5118.945,2559.4725,2983.37,0,450,539,538.665,0,363.72,0,114.29,0,0,129.9,2700,1350,0,0,0,0,1
219360034,38,2,4,11684.8,2921.2,4342.99,454.65,1000,1520,0,0,1645.4,935,765,0,0,1021.76,54000,13500,0,0,0,0,0
449361818,38,1,3,10499.63,3499.87666666667,4230.41,779.4,0,1750,170,281.45,1299,1083,800,0,0,106.37,21666.6666666667,7222.22222222222,0,0,0,0,0
929479554,38,1,1,4765.02,4765.02,1190.75,0,0,612.4,501,385.37,160,433,400,0,1082.5,0,6816.66666666667,6816.66666666667,0,0,0,0,0
308503119,38,2,3,17824.1377,5941.37923333333,6189.735,433,0,1135,1195.2577000000001,182,3104.085,1125,2655,0,1320.65,484.41,42166.6666666667,14055.5555555556,930.95,0,0,1,0
951234147,38,1,5,31501.14,6300.228,10197.15,2273.25,5095,2110,2115.321,0,5182.632,849.5,0,764,0,2914.287,19471.6666666667,3894.33333333333,0,0,0,0,0
410178365,38,2,3,47854.65,15951.55,6148.6,0,12000,9060,0,1176.3,9547,1280,2500,0,5412.5,730.25,33333.3333333333,11111.1111111111,5412.5,0,0,1,0
578861214,38,1,4,22007.9975,5501.999375,4849.6,194.85,0,4100,0,0,4766.2475,1261.6,2965,0,3334.1,536.6,46166.6666666667,11541.6666666667,649.5,0,0,1,0
253808934,38,1,1,16500.96,16500.96,3082.96,0,600,6388,1508.38,0,802.32,1050,1790,0,519.6,759.7,20000,20000,0,0,0,0,0
236725268,38,2,3,10742.587,3580.86233333333,5044.45,0,0,1274,53,0,720.945,649.5,610,2128,0,262.692,17000,5666.66666666667,0,0,0,0,0
795501747,38,2,2,21853.707,10926.8535,694.965,0,280,8480,0,245,4330,1470,2700,0,3334.1,319.642,30000,15000,3334.1,0,0,1,0
62467707,38,1,2,7355.35,3677.675,3615.55,0,150,1500,800,259.8,0,300,650,0,0,80,11350,5675,0,0,0,0,0
249410978,38,1,4,17723.459,4430.86475,4299.0838,207.84,5350,1348,956.8486,101.65,896.31,449,2954.2,0,519.6,640.9266,23500,5875,0,0,0,0,0
315538040,38,1,3,12710.842,4236.94733333333,3347.09,0,545,5530,0,0,866,769.5,330,0,1169.1,154.152,12966.6666666667,4322.22222222222,0,0,0,0,0
262694547,38,2,7,57246.74,8178.10571428572,26603.52,0,1380,4100,8042,330.16,7239.91,3701.5,2034.95,600,2554.7,660,83833.3333333333,11976.1904761905,0,0,0,0,0
861852056,38,1,3,9048.275,3016.09166666667,4780.32,0,800,875,0,232,727.44,435,685,470,0,43.515,25835.3333333333,8611.77777777778,0,0,0,0,1
898720596,38,1,6,40986.593,6831.09883333333,5592.195,0,520,1100,2018,1419.6,5824.348,3180.5,6893.4,2700,11684.15,54.4,46613.3333333333,7768.88888888889,1385.6,0,0,1,0
122877162,38,2,4,22946.8827,5736.720675,8478.3132,433,980,3880,492.3315,0,2570.288,928.1,689.95,2200,2294.9,0,15970,3992.5,1299,0,0,1,0
502336033,38,1,6,23000.985,3833.4975,10010.96,194.85,0,673.8,720.26,1331,3626.375,550,3092.55,0,1550.14,1251.05,15000,2500,0,0,0,0,0
637368742,38,1,5,8396,1679.2,3139.25,346.4,0,1580,0,0,1299,933,300,0,0,798.35,37746.7533333333,7549.35066666667,0,0,0,0,0
207382279,38,1,1,27789.1563,27789.1563,1039.2,1606.43,1600,11063.16,1688.8333,0,1714.68,300,4070,0,692.8,4014.053,22286.6666666667,22286.6666666667,692.8,0,0,1,0
601801467,38,1,3,28988.9765,9662.99216666667,9474.25650000001,6824.08,250,3594,2009.6,551.3,1736.95,0,3144,0,1169.1,235.69,16536,5512,0,67.69,1,0,0
72975328,38,1,5,62011.744,12402.3488,14717.67,1732,13930,8637.5,6700,130,5311.83,1450,5190,0,2619.65,1593.094,43716.6666666667,8743.33333333333,1299,0,0,1,0
227511949,38,1,2,28153.352,14076.676,7434.61,0,300,10352,1080,3040.8,2199.942,1196,2550,0,0,0,20283.3333333333,10141.6666666667,0,0,0,0,0
199006064,38,2,3,24580.87108,8193.62369333333,4438.25,930.95,1500,966,678,765.5,10155.272,1969.5,900,96,1082.5,1098.89908,18500,6166.66666666667,649.5,0,0,1,0
321012277,38,2,6,18862.147,3143.69116666667,12074.205,0,0,1980,294.44,500,0,854.65,550,0,1255.7,1353.152,33550,5591.66666666667,0,0,0,0,1
280547737,38,1,5,32179.448,6435.8896,7036.25,411.35,1800,8616.04,3362,2500,2887.548,2295,885,0,1450.55,935.71,30000,6000,1277.35,0,0,1,0
166201363,38,1,1,21647.5699,21647.5699,4024.0855,0,1230,11723.6,144.8,3300,168.87,200,586,0,0,270.2144,27083.3333333333,27083.3333333333,0,0,0,0,0
756163350,38,1,5,8070.35,1614.07,5719.93,0,0,684,259.8,433,0,0,400,0,0,573.62,7746.66666666667,1549.33333333333,0,0,0,0,1
74045106,38,1,2,29476.83025,14738.415125,1840.25,1147.45,0,12011.76,942.8,6791.1166,519.6,1350,3637.156,0,0,1236.69765,51397.3333333333,25698.6666666667,0,0,0,0,0
460550313,38,1,3,25157.19,8385.73,2403.15,0,4050,6432.32,48,674,3993.32,1075.7,4166.7,564,720,1030,27296.6666666667,9098.88888888889,0,1300,1,0,0
337889127,38,2,7,29857.98,4265.42571428572,10010.96,779.4,5000,2363.5,623.8,0,4590.4,433,2419.9,0,1840.25,1796.77,26300,3757.14285714286,0,0,0,0,0
207004258,38,1,5,26212.938,5242.5876,12607.228,0,4550,1541.2,945.9,0,1242.71,700,702,44,3442.35,437.55,26683.3333333333,5336.66666666667,1277.35,0,0,1,0
60222151,38,1,1,15700.69,15700.69,705.79,0,0,1092,649.5,9610,0,250,560,0,2684.6,148.8,10250,10250,2684.6,0,0,1,0
974438877,38,1,4,6850.52,1712.63,4360.31,0,0,465,1380.77,0,0,0,350,0,0,294.44,21400,5350,0,0,0,0,1
284398591,38,1,3,11824.322,3941.44066666667,3143.58,0,2850,663.3,909.3,60,594.942,483.3,1213.3,24,649.5,1233.1,20080,6693.33333333333,0,0,0,0,0
221735315,38,1,2,14914.535,7457.2675,4996.82,3832.05,400,1809.97,451.1,346.4,1824.255,0,1176,0,0,77.94,16100,8050,0,0,0,0,0
504315767,38,1,8,23459.0177,2932.3772125,7141.5989,0,4140,2120,875.232,1260.7661,2292,1082.5,1784,0,0,2762.9207,25820,3227.5,0,0,0,0,0
317119152,38,1,4,6103.516,1525.879,1322.6418,532.59,0,490,165.3307,0,2554.7,230,120,0,562.9,125.3535,9700,2425,0,0,0,0,0
131448693,38,2,2,11933.889,5966.9445,2829.655,0,0,1014.99,0,1469,688.47,1911,2300,0,476.3,1244.474,14800,7400,0,0,0,0,0
517090280,38,2,1,48976.05,48976.05,20771.01,1190.75,3750,2139,2404,0,7645.8,1280,5978,0,3527.9,289.59,20880,20880,1082.5,3750,1,1,0
881101365,38,1,5,21055.766,4211.1532,8010.5,0,1300,955,10,1015,2817.964,1073,3071.65,700,1948.5,154.152,20383.3333333333,4076.66666666667,1948.5,0,0,1,0
475272015,38,2,5,45179.35,9035.87,13448.98,0,3250,4400,489.8,1075.9,5552.778,490,4347.8,8100,2121.7,1902.392,58000,11600,1732,0,0,1,0
909396503,38,2,3,12608.942,4202.98066666667,6378.09,0,2280,508.5,548.56,0,1611,0,964.75,0,0,318.042,18513.8333333333,6171.27777777778,0,0,0,0,1
866648200,38,2,1,11401.215328,11401.215328,1697.36,0,2932,760,0,480,2924.18,700,540,0,1255.7,111.975328,19666.6666666667,19666.6666666667,649.5,0,0,1,0
17650641,38,1,2,21266.85,10633.425,757.75,0,0,8760,1464,800,1406.2,1200,2350,3000,1428.9,100,24500,12250,1039.2,0,0,1,0
194247417,38,2,3,11918.05,3972.68333333333,2957.39,649.5,2210,1330,0,28,1644.16,550,850,0,1299,400,17333.3333333333,5777.77777777778,0,0,0,0,0
293725633,38,1,2,3913.496,1956.748,108.25,0,300,679.74,80,84,985.256,406.25,590,0,480,200,20093.1333333333,10046.5666666667,0,0,0,0,0
147702693,38,2,4,17871.707,4467.92675,3479.155,0,3010,4010,0,0,1014.952,1200,1450,0,3160.9,546.7,57833.3333333333,14458.3333333333,0,0,0,0,0
627284950,38,2,1,34303.3544,34303.3544,7166.15,3225.85,1060,4766.44,3296,3021.97,6170,518,1680,0,3247.5,151.4444,12000,12000,0,0,0,0,0
670775920,38,1,4,14576.78,3644.195,7594.82,584.55,2100,1440,0,0,1212.4,375,1241,0,0,29.01,20200,5050,0,0,0,0,1
46493893,38,1,3,7816.81,2605.60333333333,5637.66,0,700,600,62,0,497.95,0,319.2,0,0,0,10833.3333333333,3611.11111111111,0,0,0,0,1
708632196,38,1,1,10410.4896,10410.4896,3205.3258,0,0,780,1631.8125,3516.6025,0,500,590,0,0,186.7488,8833.33333333333,8833.33333333333,0,0,0,0,0
318878265,38,1,8,35206.754,4400.84425,8685.98,0,4000,2161,4523.14,0,5314.584,1848.5,5718,0,151.55,2804,37416.6666666667,4677.08333333333,0,0,0,0,0
527764879,38,1,7,21172.425,3024.63214285714,6380.255,0,6400,850,608.8,1770,2009.12,627.4,1565.95,0,216.5,744.4,19800,2828.57142857143,216.5,0,0,1,0
234151280,38,3,3,48200.47718,16066.8257266667,5348.3294,0,6150,7040,3095.6946,8437.65,4779.552,2605,1710,0,6495,2539.25118,78606.6666666667,26202.2222222222,4979.5,0,0,1,0
737142368,38,1,4,22706.031,5676.50775000001,6488.505,0,4350,2575,80,700,290.976,1000,1874,0,5022.8,324.75,45966.6666666667,11491.6666666667,3420.7,0,0,1,0
468540805,38,2,3,32504.931,10834.977,13481.455,259.8,3050,3318.91,688.9,1964.36,3093.352,1130,3470,0,43.3,2004.854,43233.3333333333,14411.1111111111,0,0,0,0,0
471552258,38,1,2,23800.9619,11900.48095,6681.19,0,0,822,242.48,11787.2559,1645.4,0,944,0,866,812.636,21500,10750,433,0,0,1,0
591855047,38,1,3,22472.0436,7490.6812,2641.3,0,0,790,128,1180,5926.038,1740,3831,0,5196,1039.7056,12866.6666666667,4288.88888888889,0,0,0,0,0
247640819,38,2,1,9470.738,9470.738,2359.85,0,1050,575,0,320,3864,715,525,0,0,61.888,8016.66666666667,8016.66666666667,0,0,0,0,0
621715148,38,1,2,8641.076,4320.538,4767.33,0,0,1289.11,1760,0,337.74,350,0,0,0,136.896,13000,6500,0,0,0,0,1
782996124,38,2,2,17366.742,8683.371,2502.74,0,200,1500,0,303.1,5952.952,1300,1100,1000,2792.85,715.1,16000,8000,1472.2,0,0,1,0
217695532,38,1,5,20731.43,4146.286,5009.81,0,710,4560,2491.4,0,3031.136,1045,2115,0,173.2,1595.884,22933.3333333333,4586.66666666667,0,1000,1,0,0
519069666,38,1,5,12099.694,2419.9388,5975.4,0,1500,1070,458.25,0,1196.812,700,760,0,0,439.232,20290,4058,0,0,0,0,0
40915453,38,1,3,21837.73,7279.24333333333,6252.52,0,1200,6262.31,284,0,909.3,1850,4260,0,0,819.6,22343.6666666667,7447.88888888889,0,0,0,0,0
695914392,38,2,3,27249.55,9083.18333333333,8638.35,0,3400,8960,0,1288,0,1000,1500,0,1537.15,926.05,38716.6666666667,12905.5555555556,1342.3,0,0,1,0
685253250,38,1,2,7515.3848,3757.6924,3940.3,0,0,555.46,150,0,495.352,831.5,995,0,407.02,140.7528,18333.3333333333,9166.66666666667,0,0,0,0,1
85024549,38,1,1,13047.052,13047.052,632.18,0,0,780,291.94,0,479.672,400,730,0,9655.9,77.36,24333.3333333333,24333.3333333333,0,0,0,0,0
174342982,38,1,6,15064.95,2510.825,10578.19,0,2580,415,499.96,0,259.8,80,320,0,0,332,11000,1833.33333333333,0,0,0,0,1
357256570,38,2,3,30834.293,10278.0976666667,11177.7218,0,5300,874,2992.03,887.65,2147.68,1450,1358.05,2424,866,1357.1612,11566.6666666667,3855.55555555556,173.2,0,0,1,0
134294852,38,1,3,7988.75,2662.91666666667,5377.86,0,700,1085,77.94,0,0,0,250,0,64.95,433,2933.33333333333,977.777777777778,0,0,0,0,1
173698663,38,2,1,30815.1998,30815.1998,4892.9,0,2600,1373.395,2600,1742.35,11436.2,1242.89,1500,2000,649.5,777.9648,70000,70000,649.5,0,0,1,0
128175735,38,1,9,61427.07,6825.23,24429.86,0,13310,3970,2876.62,3199.85,2974.71,1500,2024.93,240,844.35,6056.75,34210.8333333333,3801.2037037037,0,0,0,0,0
122534323,38,2,2,27787.067,13893.5335,3550.6,0,1260,1294,220,2800,11331,2277.6,420,0,3918.65,715.217,32333.3333333333,16166.6666666667,3593.9,0,0,1,0
878736687,38,2,5,36360.635,7272.127,3528.95,0,2000,4140,1883,2034,7327.835,1966,1380,7648,2966.05,1486.8,45600,9120,2468.1,0,0,1,0
865123875,38,2,3,19194.08,6398.02666666667,4269.38,56.29,960,1697,60,4986.05,4451.08,383.2,846.21,0,853.01,631.86,16639.3333333333,5546.44444444445,0,190.52,1,0,0
880070325,38,2,4,13686.89,3421.7225,3355.75,0,500,1012,0,600,5732.92,200,300,0,1905.2,81.02,14100,3525,1125.8,0,0,1,0
943381149,38,1,3,7399.414,2466.47133333333,3793.08,0,800,650,96,75.3,290.976,700,500,0,0,494.058,14000,4666.66666666667,0,0,0,0,1
281511028,38,3,3,49173.1905,16391.0635,3429.36,0,0,8716,7988,6059.6695,17915,2195,1971,0,627.85,271.311,45666.6666666667,15222.2222222222,0,0,0,0,0
238901869,38,2,4,21959.051,5489.76275,3182.55,0,850,3300,0,540,1932.046,1800,1514.435,0,8525.77,314.25,23000,5750,4849.6,0,0,1,0
132801454,38,1,3,15704.61,5234.87,4381.96,0,3360,1580,948,173.2,736.1,2628,1086,0,411.35,400,10400,3466.66666666667,0,0,0,0,0
30031272,38,1,3,10142.0984,3380.69946666666,1840.25,0,2750,1777,136.3,0,1049.592,522.36,812,0,1017.55,237.0464,25895.8333333333,8631.94444444444,519.6,0,0,1,0
925113076,38,1,10,16745.56,1674.556,11613.06,216.5,750,1300,1600,0,0,866,400,0,0,0,28850,2885,0,0,0,0,1
761059970,38,1,2,3884.316,1942.158,1814.27,0,0,1300,0,40,0,0,650,0,43.3,36.746,13000,6500,0,0,0,0,0
401012861,38,2,5,59037.64392,11807.528784,7010.27,251.14,470,3327.9,30,969.25,34951.285,665,1389.9,3500,5412.5,1060.39892,80757.3333333333,16151.4666666667,4113.5,0,0,1,0
845953818,38,2,2,17074.17,8537.085,866,0,3000,1860,400,56,4232,1229,500,0,4156.8,774.37,31000,15500,0,0,0,0,0
782532556,38,1,5,63097.7999,12619.55998,26760.5691,5175.8222,350,1411,1155.7805,9490,2918.42,2916,790,5000,3593.9,3536.3081,59916.6666666667,11983.3333333333,2662.95,433,1,1,0
139433095,38,1,2,13661.559,6830.7795,3013.68,0,0,1290,2484.21,25,1072.541,3065,2250,0,0,461.128,17166.6666666667,8583.33333333333,0,0,0,0,0
801829004,38,2,8,36538.1816,4567.2727,16505.96,181.86,540,2923,1121.99,1151.55,4823.62,2725,2914.4,0,1146.5,2504.3016,11163.3333333333,1395.41666666667,86.6,0,0,1,0
791641842,38,1,2,12271.238,6135.619,5806.53,420.01,0,1175,368.05,0,392.298,0,1100,0,2792.85,216.5,14100,7050,2792.85,0,0,1,0
576509082,38,2,2,48537.25,24268.625,129.9,0,0,11060,1.6,8362.9,13732,2045,5925,0,5650.65,1630.2,35383.3333333333,17691.6666666667,2381.5,0,0,1,0
980638255,38,2,5,24447.068,4889.4136,4342.99,0,5500,1008,480.05,0,11259,175,30,0,1082.5,569.528,14700,2940,0,0,0,0,0
416009938,38,2,3,51288.602,17096.2006666667,13466.3,1342.3,3690,1261,3222.55,6491.2,2670.492,3655,10828,2720,909.3,1032.46,23533.3333333333,7844.44444444445,0,0,0,0,0
25591095,38,1,2,10786.17,5393.085,2255.93,216.5,100,870,266.9,0,129.9,665.1,4208.5,0,1428.9,644.44,7000,3500,1428.9,0,0,1,0
114107992,38,2,7,9594.67000000001,1370.66714285714,3515.96,0,0,1010,194.9,43.3,2598,0,596,1000,606.2,30.31,8833.33333333333,1261.90476190476,0,0,0,0,0
632644768,38,1,3,5661.757,1887.25233333333,2511.4,0,0,1385.2,0,0,748.657,216.5,800,0,0,0,14950,4983.33333333333,0,0,0,0,0
605659913,38,1,6,14905.552,2484.25866666667,6611.91,0,445,528,176,0,1469.602,470,699.49,24,4481.55,0,18450,3075,3637.2,0,0,1,0
725327834,38,1,2,18315.14,9157.57,6763.46,0,1870,2890,2424,995.9,586.4,715,1935,0,0,135.38,20000,10000,0,0,0,0,0
112324329,38,2,4,18307.985,4576.99625,5568.38,433,0,1672,432,36,3123.62,1150,2044,1512,238.15,2098.835,31916.6666666667,7979.16666666667,0,0,0,0,0
874492310,38,2,5,13416.542,2683.3084,6923.67,0,0,1760,0,0,326.482,1180,1225.98,0,1255.7,744.71,28166.6666666667,5633.33333333333,0,0,0,0,1
932084195,38,1,2,9689.62,4844.81,3823.39,0,0,3140,0,527.29,562.9,1000,520,0,0,116.04,21866.6666666667,10933.3333333333,0,0,0,0,0
841208437,38,1,6,26858.72,4476.45333333333,12894.74,779.4,3400,1802,956.26,112.58,606.2,700,2128.5,0,1493.85,1985.19,23795,3965.83333333333,0,0,0,0,0
188448800,38,1,4,13698.89,3424.7225,3914.32,1060.85,280,502.14,1717.12,1017.55,1472.2,888.15,2400.4,0,0,446.16,21236.6666666667,5309.16666666667,0,0,0,0,0
216507206,38,2,3,9444.35,3148.11666666667,1736.33,0,0,2430,0,0,0,1200,1300,0,2720,58.02,16250,5416.66666666667,0,0,0,0,0
225896159,38,2,1,22180.08,22180.08,2427.831,822.7,250,831,726.154,0,7840,1180,2148,400,3853.7,1700.695,23500,23500,3853.7,0,0,1,0
443202144,38,1,3,10707.5565,3569.1855,7694.41,1125.8,0,958,219.8134,0,0,0,520,0,0,189.5331,16166.6666666667,5388.88888888889,0,0,0,0,1
349585712,38,1,4,12195.839,3048.95975,1840.25,0,2250,199.5,0,28,2042.31,300,3800,1500,0,235.779,13808,3452,0,0,0,0,0
465959934,38,1,3,13484.66,4494.88666666667,7555.85,0,500,994.4,820,500,874.66,1113,682,0,346.4,98.35,11266.6666666667,3755.55555555556,0,0,0,0,1
803818404,38,2,4,18393.801,4598.45025,7614.305,0,980,1270,1154.85,0,2363.314,1260,2450,892,0,409.332,40666.6666666667,10166.6666666667,0,0,0,0,0
501945838,38,1,4,15730.257,3932.56425,9634.25,0,430,2340,194,108.25,1393.157,200,1140,0,86.6,204,7300,1825,0,0,0,0,1
50369437,38,2,4,24939.21,6234.8025,13020.31,0,2680,711.2,16,0,3184.6,2814.5,0,720,952.6,840,45097,11274.25,0,0,0,0,1
362431113,38,1,3,28112.675,9370.89166666666,9612.6866000000009,822.7,950,3309.6,2890.8304,0,1418.508,750,4001.55,0,3983.6,373.2,15816.6666666667,5272.22222222222,2598,0,0,1,0
314865316,38,1,1,10247.7,10247.7,2619.65,1732,0,500,1500,1948.5,0,400,400,0,1039.2,108.35,6500,6500,0,0,0,0,0
326299306,38,2,3,32715.334,10905.1113333333,497.95,0,1280,9533,6000,64,6602.384,1146,1280,0,6062,250,35716.6666666667,11905.5555555556,0,0,0,0,0
987466655,38,1,7,34353.0665,4907.58092857143,10726.709,0,3200,6666.5,0,129.9,1615.7395,2079,690,6808,2165,272.218,73646.6666666667,10520.9523809524,519.6,0,0,1,0
540942346,38,2,5,28632.265,5726.453,7971.53,866,6230,1942,704.3,497.225,3590.18,1046,4339.11,32,389.7,1024.22,22500,4500,0,0,0,0,0
796034469,38,1,2,10815.222,5407.611,3256.16,0,320,4900,80,0,649.5,350,350,0,324.75,584.812,19000,9500,324.75,0,0,1,0
826947656,38,2,3,39585.01,13195.0033333333,9015.06,0,6720,1830.8,343.2,629,18479.95,200,1561.2,0,259.8,546,19451.6666666667,6483.88888888889,0,0,0,0,0
769847821,38,1,4,5587.31,1396.8275,3104.61,129.9,0,777,0,0,909.3,216.5,450,0,0,0,18300,4575,0,0,0,0,1
564133544,38,1,4,29730.908,7432.727,6789.44,0,8400,7087,464,762.9,1394.26,1695,2583.88,0,173.2,381.228,56066.6666666667,14016.6666666667,0,0,0,0,0
511795270,38,1,4,13962.35,3490.5875,6252.52,0,1450,2292.8,415.55,216.5,991.57,750,1010,0,0,583.41,25220.1733333333,6305.04333333333,0,0,0,0,0
901265141,38,1,7,4977.45,711.064285714286,2801.51,0,0,499,0,0,1299,0,300,0,0,77.94,22802,3257.42857142857,0,0,0,0,1
871568291,38,2,1,36899.7675,36899.7675,7115.2725,212.17,5100,1038,309.075,0,16230,778,3540,0,1558.8,1018.45,38383.3333333333,38383.3333333333,1558.8,0,0,1,0
959512269,38,2,5,49081.887,9816.37739999999,11970.285,0,1800,7370,1712,5157.85,5387,4429,4370,1300,2338.2,3247.552,33333.3333333333,6666.66666666667,0,0,0,0,0
850969612,38,1,7,12534.97,1790.71,4373.3,822.7,960,1260,144,1450,1422.3,216.5,808,0,1078.17,0,14131,2018.71428571429,0,0,0,0,0
118596753,38,1,6,16889.525,2814.92083333333,5098.575,0,2070,1888,2025,326.4,433,0,1000,0,3897,151.55,8591.66666666667,1431.94444444444,0,0,0,0,0
494885068,38,2,5,35012.2,7002.44,14310.65,0,5274,2636.16,1524,3114.5,3186.68,1516,2006,48,0,1396.21,57366.6666666667,11473.3333333333,0,0,0,0,0
127311635,38,1,1,7661.978,7661.978,3519.3374,0,0,2210,515.0717,216.5,0,400,500,0,0,301.0689,14000,14000,0,0,0,0,0
730435828,38,1,4,20682.514,5170.6285,9352.8,173.2,150,5321.45,0,0,2442.12,2093.42,244.5,56,779.4,69.624,26073.5,6518.375,671.15,809.71,1,1,0
817081745,38,2,6,16880.524,2813.42066666667,6559.95,173.2,1830,1154.5,0,32,2248.136,1286.9,1470,0,0,2125.838,46697.3333333333,7782.88888888889,129.9,0,0,1,0
120750156,38,1,4,19643.06,4910.765,6694.18,822.7,2000,1400,1750,3100.28,0,360,740,0,2598,177.9,8700,2175,0,0,0,0,0
521527649,38,1,4,20190.36,5047.59,6711.5,0,3200,1716,652,0,2165,2124,875,0,1948.5,798.36,74650,18662.5,1948.5,0,0,1,0
616834377,38,2,9,49180.06,5464.45111111111,20125.84,433,4060,920,1696.36,108.25,9725.13,905.16,467.32,1500,4703.65,4535.35,72570,8063.33333333333,4330,0,0,1,0
595234079,38,1,2,8445.2835,4222.64175,2463.77,0,1150,2408,250,0,0,120,630,0,866,557.5135,19000,9500,866,0,0,1,0
241662161,38,1,6,19677.26,3279.54333333333,13085.26,303.1,50,3180,0,43.3,1885.7,500,500,0,129.9,0,24333.3333333333,4055.55555555556,0,0,0,0,1
210999711,38,1,4,23963.23,5990.8075,5321.57,0,7000,5337.6,1032,164.9,1910.56,1081,1460,40,519.6,96,17101.6666666667,4275.41666666667,519.6,0,0,1,0
762853904,38,2,2,27088.6717,13544.33585,5232.5885,1381.27,0,5657.65,1190.3,3896,4250.942,1048.74,1784.65,0,1775.3,871.2312,75791.6666666667,37895.8333333333,0,0,0,0,0
543815255,38,2,2,49421.11,24710.555,4659.08,0,0,31514,646.28,0,1082.5,1690,3600,1800,866,3563.25,60666.6666666667,30333.3333333333,0,0,0,0,0
914149177,38,1,2,13630.206,6815.103,5789.21,238.15,1400,1017.28,1376.94,70,1358.754,646.42,700,0,324.75,708.702,22333.3333333333,11166.6666666667,0,0,0,0,0
774275037,38,1,3,17443.31,5814.43666666667,4360.31,0,765,700,5276,350,2381.3,960,1150,0,1255.7,245,5221.66666666667,1740.55555555556,0,0,0,0,0
447338218,38,1,6,9962.573,1660.42883333333,3520.29,0,3110,679.845,340,90,801.05,649.5,710,0,0,61.888,20966.6666666667,3494.44444444444,0,0,0,0,0
57268077,38,1,7,27417.752,3916.82171428571,8447.83,0,8770,504,144.6,129.9,3532,775,4967.202,0,147.22,0,14750,2107.14285714286,0,0,0,0,0
852068432,38,1,2,6722.44,3361.22,1636.74,0,2300,1030,0,0,1039.2,216.5,500,0,0,0,21250,10625,0,0,0,0,0
103293743,38,1,1,17675.7744,17675.7744,2743.8344,0,700,6220,947.22,0,0,2270,1400,0,2165,1229.72,6666.66666666667,6666.66666666667,0,0,0,0,0
404873907,38,2,7,38988.0965,5569.72807142857,11001.7073,0,5425,2301.62,1547.005,1445.12,5210.1217,1959.16,2620.45,480,4243.4,2754.5125,59158.3333333333,8451.19047619048,2511.4,225.16,1,1,0
266284884,38,2,2,18498.85,9249.425,3593.9,0,0,6480,324.75,0,2165,1195,2835,0,1732,173.2,21166.6666666667,10583.3333333333,1299,0,0,1,0
979859573,38,1,1,17430.188,17430.188,6507.99,0,5470,1475,1815.2,0,89.198,250,980,0,0,842.8,5200,5200,0,0,0,0,0
202302227,38,1,5,13648.6,2729.72,4784.65,0,0,5800,0,129.9,974.25,1029.8,930,0,0,0,34650,6930,0,0,0,0,0
692827726,38,1,2,6232.6601,3116.33005,2947.864,0,0,1003.2,248.4121,500,562.9,260,660,0,0,50.284,7883.33333333333,3941.66666666667,0,0,0,0,0
381742697,38,2,4,20005.1486,5001.28715,7319.865,493.62,2030,1696,894.44,145,3517.236,533,350,0,2684.6,341.3876,25586.6666666667,6396.66666666667,0,0,0,0,0
557003074,38,2,6,42534.6775,7089.11291666667,8032.15,0,7800,1496.8,2484.235,676.4,10000.5425,1345.48,7603.52,0,173.2,2922.35,30542.8466666667,5090.47444444444,0,0,0,0,0
673774409,38,1,1,5729.6134,5729.6134,755.585,0,660,1127.9,0,2058.8,118.9884,664.34,320,0,0,24,5400,5400,0,424.34,1,0,0
83877712,38,1,5,17051.41,3410.282,5880.14,1030.54,4655,1234,560,21.65,2201.78,400,1025,0,43.3,0,12246.6666666667,2449.33333333333,0,0,0,0,0
837652634,38,2,2,57750.9839,28875.49195,6552.9354,519.6,3150,6114,1568.1385,13060,10789,3100,7532,1000,2313.7,2051.61,96025,48012.5,1515.5,0,0,1,0
164483495,38,2,4,12195.94,3048.985,4771.66,0,580,1530,1120,476.4,1186,900,700,500,259.8,172.08,9333.33333333333,2333.33333333333,0,0,0,0,0
153199104,38,1,1,10340.49,10340.49,3269.15,207.84,250,840,215,3110,0,1280,600,0,568.5,0,10266.6666666667,10266.6666666667,216.5,0,0,1,0
473009446,38,1,3,5489.1444,1829.7148,272.79,779.4,0,1081,32,0,154.4944,900,480,0,1602.1,187.36,38877.6666666667,12959.2222222222,1385.6,0,0,1,0
852020356,38,1,3,9332.71,3110.90333333333,4485.88,0,0,2260,0,0,1086.83,600,900,0,0,0,9500,3166.66666666667,779.4,0,0,1,0
612205915,38,2,2,16266.564,8133.282,4117.83,0,230,1992,304,2146.73,2404.426,1289,2424,0,1082.5,276.078,18500,9250,1082.5,0,0,1,0
729058439,38,1,2,9434.2259,4717.11295,3370.905,0,0,690,1200,2441.7,224,50,460,0,866,131.6209,16750,8375,0,0,0,0,0
659059729,38,1,3,16350.63,5450.21,2684.6,0,550,2050,173.2,378.4,1216.73,600,1040,0,7274.4,383.3,12937,4312.33333333333,0,0,0,0,0
719872679,38,1,6,18605.9278,3100.98796666666,6529.64,259.8,1500,910,2402.1,0,4919.58,600,400,374,0,710.8078,15500,2583.33333333333,0,0,0,0,0
874657059,38,3,4,76379.1287999999,19094.7822,18463.12,5256.62,8405,1350,4160.6,4940.08,15060.9,1783,13069.06,1486,0,2404.7488,34666.6666666667,8666.66666666667,0,0,0,0,0
391594143,38,1,5,11141.402,2228.2804,6752.202,160.21,0,530,760.8,173.2,1506.84,900,120,0,0,238.15,13366.6666666667,2673.33333333333,0,0,0,0,1
415263864,38,1,2,22524.4,11262.2,6404.07,0,1017,1225.3,445.54,1094.54,8335.25,370,950,0,2554.7,128,34416.6666666667,17208.3333333333,2554.7,0,0,1,0
132808873,38,1,2,24348.84,12174.42,5945.09,0,0,6620.4,1920,2097.1,1702.556,666.55,560,4000,606.2,230.944,31133.3333333333,15566.6666666667,0,640,1,0,0
141913841,38,2,3,30876.378,10292.126,11102.12,541.25,1300,2750,1328.05,38,1732,2900,2800,0,2771.2,3613.758,12266.6666666667,4088.88888888889,1861.9,0,0,1,0
366408215,38,1,5,12146.116,2429.2232,5113.73,1299,780,2644.8,40,243.3,433,476.3,1059.9,0,0,56.086,31500,6300,0,0,0,0,0
380219286,38,1,4,6234.73,1558.6825,2885.945,0,0,1300,0,0,1385.6,0,610,0,0,53.185,12633.3333333333,3158.33333333333,0,0,0,0,0
351245029,38,1,6,39242.3819,6540.39698333333,13993.7806,372.38,500,5710,3233.5137,0,1583.914,2099,3372.52,0,5066.1,3311.1736,24870.6666666667,4145.11111111111,4676.4,1299,1,1,0
246862953,38,1,3,9788.816,3262.93866666667,3957.62,0,165,1587,48,710,1410.196,720,1015,24,0,152,27383.3333333333,9127.77777777778,0,0,0,0,0
805948365,38,2,3,15025.54,5008.51333333334,5014.14,0,0,980,1680,3822.7,1732,700,700,0,0,396.7,28083.3333333333,9361.11111111111,0,0,0,0,0
127438371,38,1,2,8230.901,4115.4505,2578.515,0,0,1800,0,833.05,689.336,250,2080,0,0,0,17333.3333333333,8666.66666666667,0,0,0,0,0
227501439,38,1,2,4696.1,2348.05,1792.62,0,0,347,8,714.45,0,820,1014.03,0,0,0,10900,5450,0,0,0,0,0
797388697,38,3,4,139143.5437,34785.885925,14080.2507,0,2600,4650.34,15782.2433,592,44780.32,3248,49593,0,1407.25,2410.1397,107000,26750,866,433,1,1,0
361072588,38,1,4,34411.516,8602.879,12427.1,692.8,6560,1818,235.3,0,5420.7,2051.2,5100,60,0,46.416,10166.6666666667,2541.66666666667,0,0,0,0,0
353144758,38,1,5,29878.3385,5975.6677,9199.085,0,3520,2904,790.63,370,3538.5035,3077,5750.8,0,0,728.32,24466.6666666667,4893.33333333333,0,0,0,0,0
240122113,38,2,4,30442.67,7610.6675,12288.54,0,4870,7043,16,420,2333.03,1320,609.9,0,1493.85,48.35,53633.3333333333,13408.3333333333,0,0,0,0,0
435700560,38,3,6,47760.7152,7960.1192,9743.3227,2295.766,2050,740.36,6352.978,0,6992,2009.49,3215.6,0,11907.5,2453.6985,87233.3333333333,14538.8888888889,259.8,0,0,1,0
940681092,38,1,1,4479.24,4479.24,2286.24,0,0,1760,0,0,433,0,0,0,0,0,2300,2300,0,0,0,0,1
209293579,38,1,2,9437.036,4718.518,4568.15,0,0,1110.8,250,0,979.446,766,530,0,0,1232.64,8900,4450,0,0,0,0,0
892315807,38,1,5,14853.617,2970.7234,4004.817,0,0,7830,560,0,1039.2,519.6,800,0,0,100,36435.8333333333,7287.16666666667,0,0,0,0,0
306232598,38,1,7,12725.08,1817.86857142857,7776.68,995.9,410,1074,0,0,1732,216.5,480,0,0,40,32700,4671.42857142857,0,0,0,0,1
655023867,38,1,6,11754.125,1959.02083333333,5436.315,1299,0,1078.73,100,497.95,480.63,1515.5,480,0,0,866,27895.6666666667,4649.27777777778,0,1515.5,1,0,0
475380071,38,1,3,10809.71,3603.23666666667,8278.96,0,0,770,0,0,0,0,921.55,44,346.4,448.8,12200,4066.66666666667,0,0,0,0,1
18601910,38,1,6,35813.724,5968.954,10781.7,0,3560,1400,1635.02,108.25,4933.68,3242,5650,0,3590.75,912.324,45605,7600.83333333333,216.5,0,0,1,0
203265386,38,1,2,44530.3084,22265.1542,25529.68,0,0,1097,6080,6362,1712.4284,300,2050,240,1039.2,120,16000,8000,0,0,0,0,1
118341734,38,2,5,13125.602,2625.1204,5758.9,194.85,1500,1440,0,40,2028.5,350,720,0,1039.2,54.152,24833.3333333333,4966.66666666667,0,0,0,0,0
47822035,38,1,4,24623.272,6155.818,12459.575,0,830,1916,2663.1,281.45,1472.2,1650,600,0,0,2750.947,21679.3333333333,5419.83333333333,0,0,0,0,1
435329376,38,2,5,19651.032,3930.2064,5447.14,0,710,2182.5,112,494.75,4067.602,1493,4315,0,519.6,309.44,21666.6666666667,4333.33333333333,519.6,0,0,1,0
889439378,38,1,5,36365.3408,7273.06816,7779.2347,1931.18,2255,4080,4335.9577,2254.8,2220.424,461,5676,2050,1667.05,1654.6944,26083.3333333333,5216.66666666667,0,0,0,0,0
185432073,38,1,6,19856.57,3309.42833333333,5369.2,0,5365,2041.6,50,558,3048.32,1045,1603.25,0,562.9,213.3,35100,5850,0,0,0,0,0
575449751,38,1,2,8369.3558,4184.6779,1975.6058,0,240,1322,174.95,0,0,433,500,0,3723.8,0,17200,8600,0,0,0,0,0
821650481,38,2,6,13270.884,2211.814,4213.09,0,5800,447.17,364,0,756.824,810,187,0,692.8,0,71529.8,11921.6333333333,0,0,0,0,0
518134419,38,1,1,36396.71,36396.71,6646.55,2619.65,5000,3396,3439.2,0,8869.6,3005.2,650,0,2623.98,146.53,25000,25000,2667.28,0,0,1,0
564365167,38,1,4,17272.98,4318.245,12383.8,0,800,125,0,0,1305.38,260,590,0,1558.8,250,13308.3333333333,3327.08333333333,0,0,0,0,1
933504192,38,1,3,13316.668124,4438.88937466667,1472.2,0,790,1038.32,1040,959.6,3452.742,769.04,635,0,2511.4,648.366124,36727,12242.3333333333,3160.9,216.5,1,1,0
786917308,38,2,5,22088.422,4417.6844,736.1,0,6000,2780,240,0,8774.312,491.5,2117.9,0,541.25,407.36,22966.6666666667,4593.33333333333,0,0,0,0,0
93188458,38,1,2,23747.58,11873.79,5356.21,0,0,7589.72,779.4,0,324.75,1165,955,0,7577.5,0,15900,7950,7672.76,0,0,1,0
997917019,38,1,1,14283.41,14283.41,2186.65,0,2650,1250,477.49,1134.95,872.02,1343.48,488,0,3299.25,581.57,16139.5,16139.5,2944.4,0,0,1,0
597676153,38,1,6,23565.8768,3927.64613333333,11600.07,1970.15,850,1041,299.2,210,3213.378,1406.2,1025,0,1082.5,868.3788,22950,3825,1082.5,0,0,1,0
908676656,38,2,4,56160.22,14040.055,7806.99,389.7,2400,5400,352,5600,25567.1,1600,2700,1000,2372,972.43,59500,14875,0,0,0,0,0
701842567,38,1,7,8522.93,1217.56142857143,4724.03,0,950,920,0,0,1299,0,500,0,129.9,0,19286.84,2755.26285714286,0,0,0,0,1
786128387,38,1,3,13831.0896,4610.3632,9409.09,0,200,670,483.86,0,1180.3,433,925,0,0,529.8396,20416.6666666667,6805.55555555555,0,0,0,0,1
810005170,38,2,4,34846.68,8711.67,11128.1,194.85,2370,8600,1822,720,697.58,879,5147,1450,1428.9,409.25,46666.6666666667,11666.6666666667,433,0,0,1,0
470047794,38,1,2,7743.081,3871.5405,1342.3,0,3150,1850,200,0,346.4,24,768,0,0,62.381,9423.33333333333,4711.66666666667,0,0,0,0,0
872102721,38,1,7,8825.6358,1260.80511428571,5412.933,0,0,830,211.51,0,1506.84,120,649.2,0,0,95.1528,28702.6666666667,4100.38095238095,0,0,0,0,1
481340196,38,2,1,14336.532,14336.532,5299.92,0,1200,1490,0,0,3553,0,1050,0,1558.8,184.812,21033.3333333333,21033.3333333333,1558.8,34.812,1,1,0
88786123,38,1,2,11658.889,5829.4445,1662.72,324.75,210,1342.4,0,1299,1274.319,500,499.2,0,4546.5,0,28666.6666666667,14333.3333333333,4546.5,0,0,1,0
721385942,38,2,4,38143.43,9535.8575,6087.98,238.15,6990,6000,1050.8,0,3784.8,1710,3110,5218,2165,1788.7,53000,13250,2165,336,1,1,0
197135730,38,2,4,13476.38,3369.095,5637.66,0,3200,958.72,0,600,880,500,1700,0,0,0,28833.3333333333,7208.33333333333,0,0,0,0,0
289902294,38,2,2,24811.743,12405.8715,5384.2251,0,6210,5146.5,129.8567,95.26,2741.5785,1498,385,32,1184.1,2005.2227,20059.6666666667,10029.8333333333,736.1,0,0,1,0
530755125,38,2,2,38809.8892,19404.9446,10275.09,0,300,11790,200,90,2950.934,2465,1750,5740,2468.1,780.7652,43333.3333333333,21666.6666666667,1169.1,0,0,1,0
891749642,38,3,3,37242.006,12414.002,10677.78,822.7,2040,5112.07,3154.4,560,8368.76,1413,4029.22,0,0,1064.076,61500,20500,0,0,0,0,0
14841287,38,1,3,15582.305,5194.10166666666,4399.28,0,3820,1290,1373.415,433,692.8,300,1510,0,108.25,1655.56,10150,3383.33333333333,0,0,0,0,0
597116609,38,2,3,28541.49,9513.83,10153.85,0,4100,1070,1200,0,7923.9,1123,2086.6,400,0,484.14,44600,14866.6666666667,0,0,0,0,0
988219752,38,2,6,39850.9887,6641.83145,6776.1902,0,9450,2306,1357.2,7278.5,6351.0325,2522,2432,0,186.19,1191.876,35500,5916.66666666667,0,224,1,0,0
467904724,38,1,6,45411.2384,7568.53973333334,13031.135,0,9340,1548.5,0,9328.86,1844.2,2318,6081.32,1256,32.475,630.7484,31906.3333333333,5317.72222222222,0,1000,1,0,0
750383490,38,1,6,22356.638,3726.10633333333,11812.24,1017.55,1060,1040,428.5,441.45,1156.52,400,3123.6,0,1602.1,274.678,13433.3333333333,2238.88888888889,0,0,0,0,1
34564182,38,1,10,23179.7622,2317.97622,17278.0856,0,1210,2326.4,510.5476,0,363.72,0,480,200,0,811.009,44100,4410,0,0,0,0,1
383556914,38,1,3,3959.52,1319.84,2615.32,0,0,305,0,0,173.2,866,0,0,0,0,2400,800,0,0,0,0,1
283115962,38,1,2,7102.9922,3551.4961,3390.39,0,230,1191,0,0,49.1022,1452.5,790,0,0,0,9750,4875,0,0,0,0,0
966845201,38,1,2,11095.34,5547.67,3238.84,0,0,6900,0,0,0,0,859.8,0,0,96.7,28133.3333333333,14066.6666666667,0,0,0,0,0
179676070,38,1,3,17332.364,5777.45466666667,5520.75,692.8,750,1170,1057,5113.1,0,750,940,0,822.7,516.014,7666.66666666667,2555.55555555556,0,360,1,0,0
821785417,38,1,4,49473.5915,12368.397875,25472.6539,0,1610,1425,4173.2727,1305.9,654.696,1225,8765.612,0,2836.15,2005.3069,7233.33333333333,1808.33333333333,519.6,0,0,1,1
840759293,38,1,2,10620.53,5310.265,1905.2,0,0,2029,307,1493.85,2580.68,629,500,0,1125.8,50,32077,16038.5,866,0,0,1,0
348500909,38,2,1,9481.0456,9481.0456,2489.75,0,0,928,30,0,2598,780,2000,0,216.5,438.7956,15307.6666666667,15307.6666666667,0,0,0,0,0
301392116,38,1,2,15021.03,7510.515,2316.55,0,0,1658,1012.48,5560,0,219,630,0,2165,1460,19300,9650,0,0,0,0,0
508824547,38,1,1,14043.24,14043.24,770.74,0,0,4000,0,6930,389.7,880,380,0,692.8,0,13566.6666666667,13566.6666666667,692.8,0,0,1,0
459759725,38,1,4,9141.89,2285.4725,3615.55,259.8,0,1050,707.24,0,449,360,1358,0,1342.3,0,14333.3333333333,3583.33333333333,0,0,0,0,0
662259138,38,1,3,22032.735,7344.245,8252.98,0,2660,1960,633,290,467.64,1920,3905.675,0,649.5,1293.94,16083.3333333333,5361.11111111111,0,0,0,0,0
414877051,38,1,1,3952.1276,3952.1276,978.58,952.6,100,680,0,308.2,128.2,0,220,0,64.95,519.59760000000006,10252.6666666667,10252.6666666667,0,0,0,0,0
695654223,38,2,4,15577.7396,3894.4349,6884.7,194.85,1250,1660.06,170,0,2705.384,1349,676,0,433,254.7456,20600,5150,0,433,1,0,0
176532592,38,2,2,16623.138,8311.569,1229.72,0,1300,11831,134,0,416,496.5,624,0,389.7,202.218,32500,16250,0,0,0,0,0
926862816,38,1,2,15040.705,7520.3525,8508.45,0,0,1532.91,343.75,1714.68,746.925,660.99,1100,0,433,0,21793.3333333333,10896.6666666667,0,0,0,0,1
116636316,38,1,9,23338.96,2593.21777777778,13678.47,0,2090,1023,773.25,216.5,1299,619.8,1012.9,0,173.2,2452.84,32233.3333333333,3581.48148148148,0,0,0,0,1
330570711,38,1,6,42075.108,7012.518,17908.88,346.4,500,6883,110,0,4120.428,1781,1482,4500,3377.4,1066,31416.6666666667,5236.11111111111,0,0,0,0,0
134136813,38,1,2,24429.066,12214.533,5758.9,0,2020,880,269.2,995.9,2455.976,2845.8,3636.1,0,2424.8,3142.39,7971,3985.5,0,1612.8,1,0,0
787234224,38,2,5,34685.4195,6937.0839,8205.35,0,2550,6210,1202.95,100,7014.6195,1889.5,4116.4,112,2598,686.6,44833.3333333333,8966.66666666667,0,0,0,0,0
51777170,38,1,2,13993.58,6996.79,9443.73,0,350,1704,682.55,216.5,433,354,550,0,0,259.8,12050,6025,0,0,0,0,1
735208507,38,1,4,20576.295,5144.07375,3262.655,0,8400,4070,0,300,3152.24,649.5,709.9,32,0,0,8675,2168.75,0,0,0,0,0
894617112,38,1,3,21788.9359,7262.97863333333,7377.7571,0,1550,3358,2840.066,259.8,1349.884,2588,1474,0,0,991.4288,58158.3333333333,19386.1111111111,0,0,0,0,0
974172628,38,1,1,6978.61,6978.61,3282.14,194.85,1200,948.31,280,0,173.2,216.5,610,0,73.61,0,7000,7000,0,216.5,1,0,0
823555970,38,1,2,12462.64,6231.32,4104.84,1948.5,0,802,0,0,1616,616.5,600,350,2424.8,0,20966.6666666667,10483.3333333333,2165,0,0,1,0
633231648,38,1,2,5352.44,2676.22,1658.39,0,0,1660,64.95,0,129.9,800,0,0,995.9,43.3,9466.66666666667,4733.33333333333,0,0,0,0,0
63787835,38,1,2,7683.23,3841.615,5027.13,194.85,0,1920,194.85,0,0,0,0,0,346.4,0,13000,6500,0,0,0,0,1
400733581,38,1,6,12512.9,2085.48333333333,7014.6,0,550,1260,0,0,1732,160,730,0,476.3,590,50406.6666666667,8401.11111111111,0,0,0,0,1
952213362,38,1,4,22290.548,5572.637,9883.22499999999,0,500,8030,2237.53,0,288,669.2,0,0,0,682.593,28306,7076.5,0,0,0,0,0
861420050,38,1,4,5984.41,1496.1025,3840.71,0,760,0,90,38,0,216.5,649.5,0,389.7,0,12716.6666666667,3179.16666666667,0,0,0,0,1
760542046,38,2,4,28999.482,7249.8705,9850.75,3052.65,0,3100,1164.77,200,4538,2550,2160,0,0,2383.312,39333.3333333333,9833.33333333333,0,0,0,0,0
796124508,38,1,1,15107.03,15107.03,4247.73,0,0,7970,476.3,0,696.5,750,750,0,0,216.5,27000,27000,0,0,0,0,0
182817899,38,1,1,1373.89,1373.89,1008.89,0,0,125,0,0,0,0,240,0,0,0,1083.33333333333,1083.33333333333,0,0,0,0,1
91075194,38,1,1,14629.544,14629.544,580.22,0,640,10010,0,636.9,100.8,0,860,0,1732,69.624,18000,18000,0,0,0,0,0
931865945,38,1,6,29678.632,4946.43866666666,9824.77,0,2720,1752,1992.4,80,1736.33,4004.5,1856.1,0,1558.8,4153.732,59000,9833.33333333333,0,0,0,0,0
751911254,38,2,5,14976.75,2995.35,9655.9,606.2,600,1350,60,0,860.3,866,614,0,0,364.35,24033.3333333333,4806.66666666667,0,0,0,0,1
266689464,38,1,1,13202.618,13202.618,5603.02,692.8,630,1114.8,89.6,2879.45,1190.4,300,500,0,0,202.548,13066.6666666667,13066.6666666667,0,0,0,0,0
926929049,38,2,7,31898.5415,4556.9345,10439.63,3377.4,0,1640,2914.6205,3605.19,5836.84,2224.16,1200,0,433,227.701,27626.6666666667,3946.66666666667,0,0,0,0,0
803690209,38,1,2,16063.6294,8031.8147,12286.375,0,780,1319.25,0,635,358.0044,0,685,0,0,0,15666.6666666667,7833.33333333333,0,0,0,0,1
383160463,38,1,3,10148.215,3382.73833333333,5219.815,0,0,1650,0,50,1991.8,0,1150,0,86.6,0,17800,5933.33333333333,0,0,0,0,1
559813100,38,1,4,21424.565,5356.14125,7417.29,0,150,605.8,613.6,713,1082.5,2742.5,3629.235,2400,1558.8,511.84,20100,5025,1428.9,0,0,1,0
971029633,38,2,3,46957.4288,15652.4762666667,16011.2142,0,2600,6565,5738.4,300,9236.2,1333,1680,1050,1212.4,1231.2146,27500,9166.66666666667,0,0,0,0,0
472994579,38,1,2,43965.112,21982.556,4304.02,0,1370,19490.5,1134.74,5652.13,2639.032,3200,2952,0,974.25,2248.44,38472.1666666667,19236.0833333333,303.1,0,0,1,0
319250068,38,1,2,5362.88,2681.44,3204.2,0,0,1520,0,0,0,0,400,0,0,238.68,15000,7500,0,0,0,0,1
535023942,38,2,5,42543.041,8508.6082,22942.505,0,0,2278,0,0,12056.7,1230,1250,16,2598,171.836,39200,7840,2598,0,0,1,1
529165800,38,1,2,13902.584,6951.292,7057.9,0,600,1030,2109.45,0,81.404,1189.8,1440,0,0,394.03,10125,5062.5,0,0,0,0,1
781518029,38,1,1,15356.8622,15356.8622,5282.6,1125.8,0,3724,0,35,179.0022,270,990,0,2727.9,1022.56,16691.6666666667,16691.6666666667,2381.5,0,0,1,0
680128814,38,1,2,5965.367,2982.6835,2770.767,0,0,742,0,433,519.6,470,1030,0,0,0,13000,6500,0,0,0,0,0
189496294,38,2,2,29284.4297,14642.21485,1881.3417,0,0,490,0,0,22631,350,0,40,3680.5,211.588,17650,8825,3464,0,0,1,0
677227168,38,1,2,20806.5527,10403.27635,4501.5979,324.75,3480,5304.8,576.5768,0,129.9,680,4020,0,1212.4,576.528,21200,10600,0,0,0,0,0
481019364,38,1,1,8602.382,8602.382,4715.37,0,50,1890,80,0,433,216.5,300,0,822.7,94.812,8500,8500,0,0,0,0,1
527107188,38,1,4,8032.596,2008.149,2593.67,0,0,1053,2614.4,692.8,96.126,0,30,0,952.6,0,7066.66666666667,1766.66666666667,0,0,0,0,0
569449864,38,1,4,26495.48,6623.87,14141.78,0,850,1774.4,352,368.05,1186,1829,930,700,3464,900.25,26932,6733,3464,1299,1,1,1
496450235,38,2,4,15115.624,3778.906,5841.17,900.64,0,1220,52,1176,1814.75,650,1325.78,698,1299,138.284,59000,14750,0,0,0,0,0
595056470,38,1,9,20164.7068,2240.52297777778,9742.3268,692.8,900,1040,572.17,2015.88,1952.83,1000,1414.5,28,562.9,243.3,12790,1421.11111111111,0,0,0,0,0
279034227,38,1,2,16718.09,8359.045,2013.45,0,4700,1300,60,0,597.54,1300,2880,0,3767.1,100,36333.3333333333,18166.6666666667,3767.1,0,0,1,0
