id,provincia,propauto,cantmiem,gastot,gastotpc,gc_01,gc_02,gc_03,gc_04,gc_05,gc_06,gc_07,gc_08,gc_09,gc_10,gc_11,gc_12,ingtoth,ingpch,tn_restaurant,tn_internet,cat_gastos_internet,cat_gastos_restaurant,cat_gc_01
30432407,30,1,1,5480.755,5480.755,318.255,0,15,726.6,480,716.8,0,675,1813,0,736.1,0,4798.33333333333,4798.33333333333,0,0,0,0,0
673859164,30,2,3,20641.0339,6880.34463333333,7579.0155,388.7474,2940,2157,0,0,3464,1830,1800,0,0,482.271,50000,16666.6666666667,0,0,0,0,0
375760590,30,1,4,11169.81,2792.4525,8586.39,0,0,380,0,0,753.42,750,700,0,0,0,20590.86,5147.715,0,0,0,0,1
14840689,30,1,1,8800.85,8800.85,1385.6,0,0,791,3200,1724.75,0,450,1249.5,0,0,0,7433.33333333333,7433.33333333333,0,0,0,0,0
639431962,30,1,5,11300.59,2260.118,3563.59,0,0,300,1036,4000,474.4,200,1100,180,0,446.6,10791.3333333333,2158.26666666667,0,0,0,0,0
98441190,30,2,4,24221.368,6055.342,6909.381,389.7,800,1050,260.657,0,7577.5,700,3050,0,0,3484.13,33033.3333333333,8258.33333333333,0,0,0,0,0
361302423,30,2,4,20812.017,5203.00425,5646.32,0,0,2997.5,300,1112.81,3353.585,1415,2940.16,0,2381.5,665.142,50000,12500,2381.5,0,0,1,0
122122591,30,1,6,8786.565,1464.4275,3483.485,0,1210,1575,64.95,56.29,0,24,909.3,0,0,1463.54,4400,733.333333333333,0,0,0,0,0
504806842,30,1,1,8635.1431,8635.1431,1844.58,0,0,492.9,298.77,3939.5639,259.8,614.37,925,0,0,260.1592,5000,5000,0,0,0,0,0
160990139,30,1,1,12848.896,12848.896,1654.06,1606.43,1800,3525,40,0,654.806,750,400,0,1818.6,600,22000,22000,1255.7,0,0,1,0
997216171,30,3,2,60621.968,30310.984,8229.598,866,3530,4890,5705.68,18992.61,4613.05,2715.6,7480,0,2290.57,1308.86,53817.17,26908.585,0,0,0,0,0
14082426,30,2,4,27536.652,6884.163,4806.3,0,4300,2617,0,1150.32,8314,1320,1732,0,3204.2,92.832,31132.31,7783.0775,3204.2,0,0,1,0
944506224,30,1,7,6098.85,871.264285714286,2359.85,0,1000,1440,0,0,433,0,0,0,0,866,11150,1592.85714285714,0,0,0,0,0
8196140,30,2,1,11925.19,11925.19,1939.84,606.2,0,4040,374.15,0,4965,0,0,0,0,0,17520,17520,0,0,0,0,0
224539194,30,1,1,12704.6745,12704.6745,664.655,0,0,2045.9288,832,4848.1407,2598,655.6,200,0,844.35,16,29166.6666666667,29166.6666666667,844.35,0,0,1,0
456296569,30,1,1,8422.119,8422.119,1705.6303,0,3000,912.5,0,0,0,900,560,0,1060.85,283.1387,6666.66666666667,6666.66666666667,1060.85,0,0,1,0
135445892,30,1,3,12765.548,4255.18266666667,5204.66,0,170,3122,1593.6,0,120,1160,950,0,0,445.288,28700,9566.66666666667,0,0,0,0,0
184719316,30,2,2,25188.3608,12594.1804,4087.7798,562.467,2010,1887.92,901,200,11000.5,1335,2345,0,562.9,295.794,36478.5,18239.25,0,0,0,0,0
451225933,30,1,1,16676.02,16676.02,2831.82,0,2200,5924.92,339,400,75.2,900,2080,0,1342.3,582.78,17000,17000,1342.3,0,0,1,0
404993638,30,2,1,47920.249,47920.249,11309.96,1039.2,2300,9135.5,430.31,1948.5,9535.959,700,1666,2929.6,6739.1,186.12,34951.3333333333,34951.3333333333,5499.1,0,0,1,0
719571107,30,1,1,16383.85,16383.85,2610.99,450.32,1700,7300,843.32,472,468.67,425,1125.8,0,346.4,641.35,8890,8890,0,0,0,0,0
484629266,30,1,2,11448.212,5724.106,5048.78,0,0,3662,389.7,217,0,1045,640,0,0,445.732,13246,6623,0,0,0,0,0
559581444,30,1,3,4553.45,1517.81666666667,1580.45,0,0,2573,0,0,0,0,400,0,0,0,13925,4641.66666666667,0,0,0,0,0
805777921,30,1,3,13763.635,4587.87833333333,6297.985,995.9,955,1432.5,490.08,400,236.98,595,715,0,1385.6,259.59,17488.5,5829.5,0,0,0,0,0
760853681,30,1,4,11337.6,2834.4,7750.7,0,0,2532.9,304,0,0,0,750,0,0,0,18833.3333333333,4708.33333333333,0,0,0,0,1
213820659,30,1,1,15260.3847,15260.3847,2222.1127,0,200,5767.5,4290.74,90.93,433,597,740,0,0,919.102,22666.6666666667,22666.6666666667,0,0,0,0,0
49117106,30,1,1,3317.65,3317.65,1781.795,0,0,447,329.055,0,259.8,0,500,0,0,0,4966.66666666667,4966.66666666667,0,0,0,0,1
99495571,30,2,2,31052.86,15526.43,8136.07,866,5500,1350,1738.99,2600,4053,1160,2098.2,0,2511.4,1039.2,25000,12500,0,0,0,0,0
496173860,30,2,6,46290.1219,7715.02031666666,12295.5979,320.42,700,1878.6,1014.3025,3631.7875,7052.704,2988.67,7090.25,1000,5780.55,2537.24,42916.6666666667,7152.77777777778,0,0,0,0,0
301928078,30,1,4,14281.51,3570.3775,3355.75,0,1065,6439,696.8,0,36.8,0,850,16,974.25,847.91,26366.6666666667,6591.66666666667,0,0,0,0,0
784125697,30,1,2,6702.78,3351.39,3974.94,0,0,1670,103.92,0,0,350,500,0,0,103.92,16100,8050,0,0,0,0,1
792361853,30,2,3,40872.92,13624.3066666667,4767.33,0,3830,3740,238.15,2165,13929.61,1500,950,0,8703.3,1049.53,68833.3333333333,22944.4444444444,476.3,0,0,1,0
780931569,30,1,2,15863.384,7931.692,2830.954,0,0,8171,0,0,3077.85,800,700,0,0,283.58,34500,17250,0,0,0,0,0
16144329,30,2,4,26852.586,6713.1465,5685.29,268.46,2780,8484,1393.04,230,1818.94,935,1265,0,3377.4,615.456,15955.3333333333,3988.83333333333,649.5,0,0,1,0
547660669,30,1,2,5420.686,2710.343,1502.51,0,0,1221,0,200,897.176,300,1300,0,0,0,8300,4150,0,0,0,0,0
189400176,30,1,2,12965.3393,6482.66965,5174.8263,0,2830,1357,974.513,0,529,1250,850,0,0,0,15921.3333333333,7960.66666666667,0,0,0,0,0
510060854,30,2,4,8008.965,2002.24125,4516.19,0,0,2425,0,0,980.745,0,0,0,0,87.03,24600,6150,0,0,0,0,1
112906616,30,2,5,27865.69,5573.138,3736.79,0,5150,1792,493.61,0,10523,700,1450,300,2944.4,775.89,23400,4680,2944.4,0,0,1,0
85894201,30,1,3,14412.568,4804.18933333333,4663.41,346.4,1710,1992.3,1471.42,200,740.23,1060,1459.8,0,0,769.008,19083.3333333333,6361.11111111111,0,0,0,0,0
296243530,30,1,5,21052.3332,4210.46664,1459.21,0,1090,2110,4560,397.12,5371.78,0,5380,0,0,684.2232,15250,3050,0,0,0,0,0
40628060,30,2,2,11083.276,5541.638,2719.24,0,0,4465,0,0,1676.576,925,425,0,0,872.46,23166.6666666667,11583.3333333333,0,0,0,0,0
36468347,30,1,3,11719.75,3906.58333333333,5953.75,0,0,1960,0,0,866,400,2540,0,0,0,25533.3333333333,8511.11111111111,0,0,0,0,1
916582098,30,1,4,4987.65,1246.9125,2446.45,0,400,1300,86.6,250,128,290,0,0,0,86.6,11132.31,2783.0775,0,0,0,0,0
632173824,30,2,2,66698.83,33349.415,4455.57,259.8,16900,15215.885,832,3600,8154.925,763.875,2013.375,0,8097.1,6406.3,91000,45500,5650.65,0,0,1,0
997060405,30,1,3,12642.964,4214.32133333333,3507.3,259.8,1200,2750,483.2,100,787.194,1880,1000,0,0,675.47,42817.17,14272.39,0,0,0,0,0
467879316,30,1,3,7322.32,2440.77333333333,1307.66,216.5,0,2800,0,64.95,519.6,1000,1340,0,73.61,0,21200,7066.66666666667,0,0,0,0,0
496543344,30,1,3,11145.337,3715.11233333333,138.56,0,2785,1825,526.8,0,958.6,1204,1090,1000,1515.5,101.877,4480,1493.33333333333,0,0,0,0,0
474042055,30,2,5,22300.6355,4460.1271,8927.8105,0,1500,2548,1025.59,1280,2165,1250,1071.86,1150,0,1382.375,27446.6666666667,5489.33333333333,0,0,0,0,0
284872491,30,1,1,1676.5,1676.5,216.5,0,0,760,0,0,0,200,500,0,0,0,11250,11250,0,0,0,0,0
926120020,30,2,4,11589.02,2897.255,6650.88,0,1200,1275,69.28,0,0,1506,706,0,0,181.86,28000,7000,0,0,0,0,1
583097637,30,1,1,7764.1,7764.1,692.8,0,550,5005,216.5,0,259.8,340,700,0,0,0,18000,18000,0,0,0,0,0
782638008,30,2,4,24176.133,6044.03325,7018.5403,186.19,1710,3470,632.82,243.3,1800.8,1055,3417,630,2641.3,1371.1827,27747.8333333333,6936.95833333333,1342.3,0,0,1,0
294762715,30,1,3,7760.92,2586.97333333333,3598.23,389.7,15,1817,231.19,650,259.8,350,450,0,0,0,23236.8333333333,7745.61111111111,0,0,0,0,0
630351283,30,2,2,39898.16,19949.08,5187.34,0,4650,9820,3380.22,1000,8660,1500,1700,0,3117.6,883,46678.3333333333,23339.1666666667,3117.6,2800,1,1,0
943038640,30,1,1,10525.29,10525.29,2212.63,0,650,1385,2300,2129.1,0,500,920,0,0,428.56,7323,7323,0,0,0,0,0
630627207,30,2,1,19513.2065,19513.2065,4793.5265,779.4,600,1280,0,4500,4970,300,1404.9,0,606.2,279.18,15000,15000,0,0,0,0,0
843652936,30,1,3,4922.97,1640.99,2853.47,0,0,670,0,0,0,400,350,0,649.5,0,15000,5000,0,0,0,0,1
741265706,30,2,1,9363.99,9363.99,4122.16,0,0,1337.63,0,0,2165,700,0,0,1039.2,0,15000,15000,0,0,0,0,0
576514677,30,2,1,6599.36,6599.36,1991.8,1515.5,0,1100,0,0,1299,0,600,0,0,93.06,24000,24000,0,0,0,0,0
928440808,30,2,5,12753.14,2550.628,3940.3,303.1,0,660,0,0,4221.75,1400,880,0,1082.5,265.49,27427.1666666667,5485.43333333333,0,0,0,0,0
791185924,30,2,4,30775.6897,7693.922425,10388.0597,0,2990,1845,1913.86,1286.29,5022.8,1300,2342.8,0,1247.04,2439.84,40500,10125,0,0,0,0,0
417725401,30,2,4,23114.0465,5778.511625,8824.7565,946.105,2025,1600,2219.125,736.1,677.12,1732,3887.3,0,0,466.54,15200,3800,0,0,0,0,0
662025025,30,3,5,75642.7672,15128.55344,9547.65,0,0,3770,3881.45,2000,41626,3000,3100,3085.8,2598,3033.8672,117291.666666667,23458.3333333333,2035.1,0,0,1,0
342966939,30,1,3,16387.66,5462.55333333333,1290.34,194.85,4850,6464.4,934.67,0,139.2,1299.5,863.97,0,0,350.73,10350,3450,0,0,0,0,0
694547506,30,3,4,55375.51,13843.8775,10413.65,822.7,6160,2420,4118.17,1268.69,5213.32,4240,4035.16,0,9872.4,6811.42,143000,35750,12470.4,95.26,1,1,0
444720371,30,1,2,4098.07,2049.035,562.9,0,0,1490,0,0,745.17,300,1000,0,0,0,19560,9780,0,0,0,0,0
937903773,30,1,3,16912.85,5637.61666666667,12643.6,346.4,0,496.5,129.9,0,1775.3,425,425,0,0,671.15,20700,6900,0,0,0,0,1
338573982,30,1,2,25210.532,12605.266,10249.11,0,1480,6775,999.9,0,551.822,630,1428.65,0,2706.25,389.8,12817.17,6408.585,1970.15,0,0,1,0
820853186,30,2,3,18736.748,6245.58266666667,4641.76,597.54,2435,3502,534.37,658,1964.6,1260,1416.8,0,974.25,752.428,26766.25,8922.08333333333,0,0,0,0,0
777373902,30,1,2,6625.502,3312.751,3624.21,0,0,1479.02,0,160,0,483,665,0,0,214.272,13000,6500,0,0,0,0,1
737026889,30,2,4,46146.09,11536.5225,5109.4,0,3900,3054.6,1247.66,2646.96,2425.23,904,19387.34,1650,597.54,5223.36,30960.15,7740.0375,0,0,0,0,0
982849931,30,1,2,11988.487,5994.2435,3559.26,168.87,150,1689.6,616.77,936,1348.51,1435,1466.2,0,346.4,271.877,25665.3333333333,12832.6666666667,0,0,0,0,0
115904740,30,1,1,5799.968,5799.968,2229.95,0,0,1243,121.24,200,433,560,650,0,0,362.778,13100,13100,0,0,0,0,0
245937026,30,2,2,12209.6115,6104.80575,3225.2871,0,2700,1355,150,0,2019,910,875,0,0,975.3244,18132.31,9066.155,0,0,0,0,0
730730406,30,1,5,18249.304,3649.8608,2165,0,0,9700,0,200,994.304,1580,3610,0,0,0,35040,7008,0,0,0,0,0
359663240,30,2,2,12819.3,6409.65,952.6,303.1,0,2880,0,480,4801.97,1500,1300,0,0,601.63,16900,8450,0,0,0,0,0
606578345,30,1,3,9501.52,3167.17333333333,5001.15,0,0,350,0,0,1684.37,1466,1000,0,0,0,15660.5,5220.16666666667,0,0,0,0,1
944512296,30,1,3,33999.78,11333.26,16367.4,4767.33,2330,1481.25,1580.45,0,2831.82,1000,0,0,2338.2,1303.33,22000,7333.33333333333,0,0,0,0,0
354567998,30,2,3,59294.051,19764.6836666667,8521.44,1073.84,2400,2681,4082,1682,25902.591,2040,5546,0,3897,1468.18,116607.43,38869.1433333333,3897,0,0,1,0
719663466,30,2,1,14553.96,14553.96,2498.41,0,500,3650,240,400,4069.8,960,700,0,303.1,1232.65,29100,29100,0,0,0,0,0
317104999,30,2,2,10377.8343,5188.91715,3926.4873,1732,0,2038.5,0,700,0,700,1100,0,0,180.847,13300,6650,0,0,0,0,0
412213794,30,2,4,14150.45,3537.6125,3754.11,0,400,1930,0,0,1985.2,1200,4664,0,0,217.14,47464.49,11866.1225,0,0,0,0,0
63179553,30,1,2,4949.66,2474.83,2225.62,0,0,830,194.85,0,433,280,800,0,0,186.19,23800,11900,0,0,0,0,0
413105394,30,1,3,13557.15,4519.05,3269.15,0,3600,740,1606,1200,1892,900,350,0,0,0,22500,7500,0,0,0,0,0
939247525,30,1,4,25593.836,6398.459,8742.27,866,4150,850,3460.42,500,2476.76,1800,0,0,2598,150.386,23366.6666666667,5841.66666666667,0,0,0,0,0
27751284,30,2,2,11521.97,5760.985,1169.1,0,0,2455,0,6900,173.2,356,0,0,0,468.67,22857.5,11428.75,0,0,0,0,0
794090793,30,2,3,31094.47,10364.8233333333,866,0,3830,3530,1363.95,0,16887,1850,1320,0,0,1447.52,60950,20316.6666666667,0,2500,1,0,0
219253992,30,2,3,19119.2658,6373.0886,6690.9758,1169.1,1350,1328.96,0,0,2554.6,966.5,1100,1000,2165,794.13,10500,3500,0,0,0,0,0
420964237,30,2,5,27533.786,5506.7572,4239.07,324.75,3090,2437,315,800,7507.8,1322.5,4012.5,0,2987.7,497.466,16916.6666666667,3383.33333333333,1082.5,0,0,1,0
66534072,30,1,2,6475.49,3237.745,3037.495,0,0,1635,222.995,0,0,270,1310,0,0,0,11900,5950,0,0,0,0,0
852873868,30,1,1,3192.62,3192.62,1584.78,0,0,800,0,0,207.84,0,600,0,0,0,5157.44,5157.44,0,0,0,0,0
439130349,30,1,4,8158.85,2039.7125,2901.1,0,0,3000,0,0,108.25,1399.5,750,0,0,0,13266.6666666667,3316.66666666667,0,0,0,0,0
597556424,30,1,3,7544.423,2514.80766666667,2580.68,0,1470,1312,245.26,400,24,735,315,0,0,462.483,14419,4806.33333333333,0,0,0,0,0
739321530,30,2,2,11792.504,5896.252,2598,0,1630,2836,173.6,120,593.6,1385,2135,0,0,321.304,29800,14900,0,0,0,0,0
765609306,30,1,3,6229.372,2076.45733333333,1039.2,0,0,1844,0,0,103.92,1500,1160,0,129.9,452.352,30166.6666666667,10055.5555555556,0,0,0,0,0
438108360,30,1,2,1856.4027,928.20135,562.8567,0,0,396,0,0,849.546,0,0,48,0,0,2200,1100,0,0,0,0,0
296524173,30,1,1,5791.69,5791.69,259.8,0,750,3170,0,0,0,0,1248.17,0,259.8,103.92,7692.13,7692.13,0,0,0,0,0
973594146,30,1,5,8600.44,1720.088,3979.27,0,0,1660,0,0,433,800,732.27,0,0,995.9,20660,4132,0,0,0,0,0
210732855,30,1,5,11369.64,2273.928,4100.51,3303.79,600,2330,385.37,0,0,0,51.2,300,0,298.77,25632.83,5126.566,0,0,0,0,0
987155967,30,2,5,44336.278,8867.25559999999,18051.77,866,3860,1914,4400,1200,4525.7,1238,3503.408,1000,3377.4,400,34559.1666666667,6911.83333333333,1030.54,0,0,1,0
357003505,30,1,6,2759.43,459.905,1714.68,0,370,350,0,0,324.75,0,0,0,0,0,12550,2091.66666666667,0,0,0,0,1
253778823,30,2,5,113600.25,22720.05,2359.85,0,3500,21756,3030,24400,28184,6800,10640,3424,9006.4,500,120000,24000,8053.8,0,0,1,0
557386977,30,1,1,1994.1,1994.1,86.6,0,0,825,0,0,1082.5,0,0,0,0,0,9883.33333333333,9883.33333333333,0,0,0,0,0
442706042,30,1,4,21060.6,5265.15,12773.5,0,0,997.5,2496,0,952.6,0,3541,300,0,0,23600,5900,0,0,0,0,1
773923488,30,1,5,3904.978,780.9956,541.25,649.5,0,1181.5,0,0,1132.728,0,400,0,0,0,26150,5230,0,0,0,0,0
340249891,30,1,3,16854.38,5618.12666666667,2455.11,0,590,8980,259.8,500,626.15,2060,612.58,0,606.2,164.54,53817.17,17939.0566666667,0,0,0,0,0
164460706,30,1,2,12586.79,6293.395,3957.62,0,940,3288,299,300,212.26,1050,1715,0,433,391.91,18972,9486,0,0,0,0,0
335622394,30,1,4,15554.87,3888.7175,4091.85,0,1260,1806,2349.3,0,2701.92,0,2220,0,0,1125.8,17083.3333333333,4270.83333333333,0,0,0,0,0
970552470,30,2,3,18061.488,6020.496,4494.54,0,0,1145,795,1000,2076.668,1250,650,1000,2857.8,2792.48,29157.5,9719.16666666667,0,0,0,0,0
461136983,30,1,8,7067.45,883.43125,497.95,0,500,4520,0,129.9,259.8,200,600,0,0,359.8,27107.1766666667,3388.39708333333,0,0,0,0,0
927798292,30,1,2,12536.454,6268.227,2766.87,0,0,2432,4900,550,0,900,0,0,0,987.584,18000,9000,0,0,0,0,0
451588009,30,1,4,6656.89,1664.2225,3173.89,433,0,3050,0,0,0,0,0,0,0,0,17403.95,4350.9875,0,0,0,0,0
846653916,30,1,3,6074,2024.66666666667,2753.88,0,0,820,129.9,0,389.7,100,1690,0,0,190.52,5400,1800,0,0,0,0,0
777843788,30,2,1,32036.08,32036.08,10288.08,0,2880,11730,608,0,4330,0,0,0,0,2200,25500,25500,0,0,0,0,0
662309338,30,2,4,33349.415,8337.35375,16832.875,3771.43,0,2132.5,3476.1,207.84,3909.99,675.97,1649.5,0,0,693.21,41566.6666666667,10391.6666666667,0,0,0,0,1
419848083,30,2,5,23459.655,4691.931,4602.79,0,2100,2195,0,500,2802.805,1295,4245,1200,3819.06,700,36500,7300,303.1,0,0,1,0
612685026,30,3,4,35548.92,8887.23,2701.92,0,200,8482.5,560,8800,7794,3500,745,1250,1515.5,0,109500,27375,1515.5,0,0,1,0
206291606,30,2,3,15447.785,5149.26166666667,4728.36,0,1700,2485,1519.2,0,1508.06,1340,1900,0,0,267.165,14000,4666.66666666667,0,0,0,0,0
449253258,30,2,3,19234.424,6411.47466666667,7238.894,0,2150,2105,281.45,129.9,4330,1470,1000,0,0,529.18,19000,6333.33333333333,0,0,0,0,0
339811872,30,1,6,12005.696,2000.94933333333,4433.92,0,1280,1308.8,348.25,0,2161,600,1400,30,0,443.726,18577.75,3096.29166666667,0,0,0,0,0
364064464,30,2,4,20585.786,5146.4465,11115.11,0,0,4495.5,0,0,311.76,2395.32,1871.96,12,0,384.136,40000,10000,0,433,1,0,1
631034743,30,1,1,10625.0347,10625.0347,2096.4128,0,0,1117.77,4346.5069,0,1043.097,369,1035,0,0,617.248,25500,25500,0,0,0,0,0
577166472,30,1,1,4033.533,4033.533,1208.07,0,0,1010,600,0,0,220,0,0,757.75,237.713,7200,7200,757.75,0,0,1,0
91838496,30,1,2,26377.517,13188.7585,2277.58,1376.94,500,1944,2032.8,150,2024.86,1762,8567.04,1500,3031,1211.297,24944,12472,1818.6,0,0,1,0
740033255,30,1,2,29718.254,14859.127,1350.96,0,14230,6705,1080,850,2125.5,965.5,2265.5,0,0,145.794,49166.6666666667,24583.3333333333,0,680,1,0,0
499047916,30,1,1,21944.549,21944.549,13223.82,0,0,1500,1909.53,0,3031,350,500,0,0,1430.199,14666.6666666667,14666.6666666667,0,0,0,0,1
215886717,30,1,3,12478.13,4159.37666666667,2987.7,0,0,2185,151.55,2100,1593.44,1150,1150,0,878.99,281.45,13583.3333333333,4527.77777777778,878.99,0,0,1,0
446287864,30,1,2,7295.33,3647.665,1264.36,216.5,600,950,1436,100,555.27,1600,0,0,173.2,400,27333.3333333333,13666.6666666667,0,0,0,0,0
667692227,30,1,1,4927.65,4927.65,2762.54,108.25,0,479,419.7,0,129.9,0,500,0,0,528.26,132.31,132.31,0,0,0,0,1
815058417,30,2,3,11412.93,3804.31,3416.37,649.5,0,1438,0,0,1699,1499.5,1250,0,995.9,464.66,26000,8666.66666666667,433,0,0,1,0
209431502,30,1,6,8139.5,1356.58333333333,4806.3,0,0,865,0,0,535.6,380,600,0,952.6,0,20466.6666666667,3411.11111111111,0,0,0,0,1
358001142,30,1,5,12502,2500.4,5369.2,692.8,0,2675,2165,0,0,880,720,0,0,0,51690.86,10338.172,0,0,0,0,0
277265041,30,2,4,21834.684,5458.671,4070.2,545.58,1270,2744.5,1602.79,150,5057.76,1235,2314.7,1920,0,924.154,39745,9936.25,0,0,0,0,0
633710235,30,1,1,4436.88,4436.88,2377.17,0,0,467,376.71,0,0,150,1066,0,0,0,7200,7200,0,0,0,0,1
885139078,30,1,1,11800.99,11800.99,3217.19,0,1860,1815,752.63,250,57.6,680,1270,670,562.9,665.67,15680,15680,0,0,0,0,0
730177702,30,1,3,24862.6693,8287.55643333333,14586.038,0,0,1600,767.0974,6142.8844,433,200,700,0,0,433.6495,31366.6666666667,10455.5555555556,0,0,0,0,1
278995122,30,1,1,5163.5582,5163.5582,1783.96,1073.84,0,632,0,0,0,300,0,0,1299,74.7582,10500,10500,1299,0,0,1,0
248185559,30,1,1,23195.3,23195.3,3602.56,562.9,1290,4130,0,359.39,862.2,0,12280,0,108.25,0,6713,6713,0,0,0,0,0
94261719,30,2,3,18845.99,6281.99666666667,43.3,225.16,1050,8807.5,530.8,340,2877,1035,400,0,3204.2,333.03,18364.75,6121.58333333333,0,0,0,0,0
60361689,30,2,2,11825.28,5912.64,1498.18,138.56,1350,1236.5,108.25,550,3845.8,450,1270,0,1060.85,317.14,54833.3333333333,27416.6666666667,1060.85,0,0,1,0
933856409,30,1,4,14770.09,3692.5225,5789.21,0,2600,1722,150,0,708.88,1150,2050,0,0,600,23444.5,5861.125,0,0,0,0,0
84671869,30,2,3,15215.1489,5071.7163,3911.0292,510.94,3380,964,2240,38.97,1765.6,200,1110,0,0,1094.6097,14000,4666.66666666667,0,0,0,0,0
686713923,30,3,3,44853.406,14951.1353333333,10868.3,0,0,5088,1000,0,6928,3216.98,9292.02,0,3009.35,5450.756,75333.3333333333,25111.1111111111,389.7,0,0,1,0
392086236,30,1,4,28191.815,7047.95375,13353.72,0,1050,2990,2423.39,1222.7,112,1724.8,2138.23,1050,0,2126.975,21100,5275,0,0,0,0,0
601008855,30,1,2,14858.81,7429.405,2195.31,0,1200,7149.5,0,300,2165,0,0,550,1299,0,22000,11000,1299,0,0,1,0
492372271,30,1,8,15932.1087,1991.5135875,6074.0807,0,2274,2710,1967,0,193.6,1250,1220,0,0,243.428,30508,3813.5,0,0,0,0,0
948773511,30,1,2,21599.46,10799.73,4685.06,0,0,5775,3930.08,0,4459.9,280,1070.83,0,606.2,792.39,7600,3800,606.2,0,0,1,0
879410036,30,1,5,9021.116,1804.2232,1740.66,2190.98,580,2252.5,0,281.45,875.526,100,550,0,0,450,32930.6666666667,6586.13333333333,0,0,0,0,0
800138990,30,1,1,8932.5,8932.5,736.1,0,1930,1871,0,1929.9,1515.5,300,650,0,0,0,10150,10150,0,0,0,0,0
831230383,30,2,1,21263.52,21263.52,753.42,0,4000,3710,0,519.6,4330,990,5445,0,1515.5,0,20000,20000,0,0,0,0,0
370192153,30,1,3,33722.58,11240.86,15912.75,246.81,0,2312.82,4457.41,294.44,4445.4,870,2520,0,1208.07,1454.88,31533.3333333333,10511.1111111111,952.6,0,0,1,0
887866870,30,1,2,2585.28,1292.64,935.28,0,0,1030,0,0,0,0,620,0,0,0,14300,7150,0,0,0,0,0
586437201,30,1,4,14504.32,3626.08,3819.06,1060.85,2400,2005,788.5,370,0,1325,2249,20,0,466.91,21083.3333333333,5270.83333333333,0,0,0,0,0
280783391,30,2,5,16034.8853,3206.97706,5847.2753,0,1190,1928,991.57,476.3,2078.4,850,0,700,1602.1,371.24,18000,3600,1602.1,0,0,1,0
348169121,30,2,3,48188.88,16062.96,8032.15,1138.79,3150,7184,384.85,17168.19,3947.5,2900,920,0,1459.21,1904.19,80000,26666.6666666667,584.55,0,0,1,0
608730504,30,2,3,45301.966,15100.6553333333,3338.43,956.93,18200,1280,777.08,200,7525.03,1830,2826.5,2300,3334.1,2733.896,50393.3333333333,16797.7777777778,1948.5,0,0,1,0
892506090,30,1,7,24571.63,3510.23285714286,12816.8,441.66,200,6770,342.07,0,1299,433,1100,0,151.55,1017.55,16600,2371.42857142857,0,0,0,0,1
623967547,30,2,3,17593.2656,5864.42186666667,2411.81,151.55,1100,9045,205.26,600,237.2,450,750,0,1775.3,867.1456,26677.25,8892.41666666667,0,0,0,0,0
142186172,30,1,11,17039.027,1549.00245454545,6347.78,883.32,845,2447,847.41,69.28,1522.82,1285,1438.79,0,974.25,378.377,45533.3333333333,4139.39393939394,0,0,0,0,0
122259364,30,2,5,29484.9717,5896.99434,16702.9317,480.63,600,1480.2,0,3014.65,2780.6,2500,125,500,0,1300.96,33858.3333333333,6771.66666666667,0,0,0,0,1
25674247,30,2,4,66380.16,16595.04,16774.42,3069.97,5610,9290,3158,606.2,16646.27,1280,3110,12,6668.2,155.1,44325.4633333333,11081.3658333333,4719.7,0,0,1,0
761647887,30,1,4,14637.6914,3659.42285,5673.599,1013.22,0,1003.9,608.21,86.6,796.72,1200,2821,0,736.1,698.3424,4982.31,1245.5775,0,0,0,0,0
250246732,30,1,5,2992.09,598.418,965.59,0,0,850,800,0,216.5,0,160,0,0,0,18370.01,3674.002,0,0,0,0,0
725210803,30,2,1,20201.25,20201.25,9257.54,0,0,2205,1493.85,4000,2165,784,0,0,0,295.86,56096.49,56096.49,0,0,0,0,0
337528101,30,1,2,4563.21,2281.605,1783.96,199.18,0,1168.61,60,0,0,350,300,0,623.52,77.94,15233.3333333333,7616.66666666667,623.52,0,0,1,0
484985565,30,3,4,33268.2,8317.05,11487.49,0,0,2260,1502.51,0,9093,2400,400,500,3442.35,2182.85,150600,37650,0,0,0,0,0
63204244,30,1,1,19312.52,19312.52,2840.48,0,0,452.5,389.7,13565.89,692.8,0,700,0,0,671.15,7000,7000,0,0,0,0,0
955624885,30,2,4,22378.04,5594.51,4490.21,2424.8,0,8295,3360,242.48,1299,1196,993,0,0,77.55,46583.3333333333,11645.8333333333,0,0,0,0,0
445887595,30,1,1,6250.9,6250.9,3360.08,173.2,0,620,337.6,0,0,300,520,0,623.52,316.5,7200,7200,623.52,0,0,1,1
583508686,30,1,3,8716.926,2905.642,3455.34,0,610,1379,657.66,259.8,193.6,460,1110,0,0,591.526,18700,6233.33333333333,0,0,0,0,0
516126823,30,2,4,27545,6886.25,12990,0,2500,6590,0,2000,2165,1300,0,0,0,0,95866.6666666667,23966.6666666667,0,0,0,0,0
731810490,30,1,1,7333.88,7333.88,1887.88,0,2650,477,592,420,0,737,330,0,0,240,27400,27400,0,0,0,0,0
392208548,30,2,5,26509.064,5301.8128,10435.3,433,0,3347,303.1,5195.87,1302,1525,3130.288,0,0,837.506,46017,9203.4,0,0,0,0,0
150887823,30,1,1,6913.16,6913.16,866,0,0,735,0,0,1732,800,800,0,1732,248.16,39500,39500,0,0,0,0,0
229143626,30,1,1,2651.38,2651.38,1420.24,0,0,630,129.9,0,0,0,350,0,0,121.24,4480,4480,43.3,0,0,1,1
62185560,30,1,4,10489.95,2622.4875,2533.05,0,900,963,0,500,3464,1500,500,0,0,129.9,4166.66666666667,1041.66666666667,0,0,0,0,0
370526743,30,2,2,22545.216,11272.608,7923.9,0,3700,2342,2035.88,1634.05,176,1745,1615,850,0,523.386,21600,10800,0,0,0,0,0
341670624,30,2,5,18665.423,3733.0846,3427.195,0,0,3567.5,250,150,6062,775,2275,160,1818.6,180.128,17000,3400,0,0,0,0,0
407052844,30,1,1,20496.148,20496.148,3351.42,658.16,1630,7975,1018.4,0,952.4,540,2348.64,0,1407.25,614.878,25200,25200,0,0,0,0,0
462856297,30,2,3,15867.0162,5289.0054,7313.1102,259.8,0,1360,0,0,1013.561,2230,500,0,1732,1458.545,39000,13000,1732,0,0,1,0
980274550,30,1,2,10280.82,5140.41,212.17,0,1330,3520,506.2,300,64.8,1610,1500,0,887.65,350,13646.3333333333,6823.16666666667,0,0,0,0,0
22208098,30,1,3,9617.15,3205.71666666667,2914.09,0,0,2716,277.12,719.6,346.4,1500,0,0,606.2,537.74,26316.6666666667,8772.22222222222,606.2,0,0,1,0
40545956,30,2,4,71452.2477,17863.061925,28749.8577,3225.85,6000,15244,2624.36,3559.26,3334.1,3576.98,64.95,600,3420.7,1052.19,38833.3333333333,9708.33333333333,2121.7,0,0,1,0
947809274,30,1,1,2126.1,2126.1,736.1,0,0,610,0,80,0,200,500,0,0,0,19000,19000,0,0,0,0,0
557417654,30,2,2,12602.71,6301.355,3892.67,0,400,1086,100,0,1299,0,5344,0,0,481.04,22000,11000,0,0,0,0,0
853146932,30,2,2,9848.5094,4924.2547,679.5502,0,0,1325,103.487,2421.8989,3365.0433,80,830,0,0,1043.53,14116.6666666667,7058.33333333333,0,0,0,0,0
51723311,30,2,2,35443.0568,17721.5284,9647.24,0,200,1250,822.7,9323.5008,10175.5,830,1980,0,0,1214.116,16600,8300,0,0,0,0,0
334972405,30,1,4,12576.6975,3144.174375,2829.0055,788.06,4250,634.8,950,0,1493.01,450,616.682,200,0,365.14,13262.5,3315.625,0,0,0,0,0
476958780,30,2,2,8637.45999999999,4318.73,1983.14,2662.95,800,931.78,0,0,0,720,1400,0,0,139.59,19000,9500,0,0,0,0,0
501448963,30,1,4,28650.813,7162.70325,8864.376,0,3000,1195,1099.387,5664,416.05,800,600,4800,480,1732,49500,12375,0,0,0,0,0
454738876,30,2,3,21517.504,7172.50133333333,5260.517,0,1300,3253,1650.73,377.53,4632.667,800,1500,0,1255.7,1487.36,43866.6666666667,14622.2222222222,259.8,0,0,1,0
835256648,30,2,7,36844.5951,5263.51358571429,23696.8776,0,2500,1770,2550.5865,0,866,0,825,0,0,4636.131,65166.6666666667,9309.52380952381,0,0,0,0,1
783253481,30,1,10,13294.07,1329.407,9950.34,0,0,2060,0,0,471.97,0,500,0,311.76,0,34600,3460,0,0,0,0,1
290625313,30,1,2,16354.62,8177.31,4862.59,0,0,6255,1200,3000,0,200,600,0,0,237.03,15000,7500,0,0,0,0,0
650017808,30,2,2,21549.23,10774.615,1212.4,1324.98,2330,6427,259.8,168.87,283.2,433,800,0,7577.5,732.48,8900,4450,7577.5,0,0,1,0
481286670,30,1,1,13229.2367,13229.2367,506.5667,0,0,8032.55,129.28,2017,207.84,0,454,0,1732,150,12140.17,12140.17,0,0,0,0,0
125812269,30,2,3,26184.342,8728.114,6261.18,238.15,2600,1020,454.65,216.5,11221.06,2188,800,0,0,1184.802,14000,4666.66666666667,0,0,0,0,0
236659765,30,1,5,15576.992,3115.3984,8452.16,0,3300,532.5,199.18,0,311.76,597.5,914.182,0,0,1269.71,12083.3333333333,2416.66666666667,0,0,0,0,1
992600217,30,1,1,19438.63,19438.63,4719.7,0,0,5535,437.33,8660,0,0,0,0,0,86.6,8683.33333333333,8683.33333333333,0,0,0,0,0
883124596,30,3,4,99133.99,24783.4975,17986.82,194.85,9263,1883.64,631.4,5435.06,55506,2816,523.2,750,1082.5,3061.52,49583.3333333333,12395.8333333333,0,0,0,0,0
321718055,30,1,5,11493.63,2298.726,2489.75,0,0,3986,0,0,1516.63,1323,2070,0,108.25,0,23261.6666666667,4652.33333333333,0,0,0,0,0
812569650,30,2,3,18968.1739,6322.72463333333,6802.9929,0,1650,2540,801.181,649.5,1515.5,1280,1980,0,1299,450,41000,13666.6666666667,0,560,1,0,0
435345574,30,1,2,4224.64,2112.32,2199.64,0,0,965,0,0,0,300,760,0,0,0,16000,8000,0,0,0,0,1
236989135,30,1,1,11007.2421,11007.2421,7181.0452,0,0,512,0,1117.14,0,216.5,500,0,952.6,527.9569,7250,7250,0,0,0,0,1
672801091,30,1,4,4711.2818,1177.82045,1911.5218,0,0,2055,0,0,571.56,0,173.2,0,0,0,38000,9500,0,0,0,0,0
487114693,30,1,4,16937.2,4234.3,10560.87,0,670,1341.4,393.13,0,1682,1148,1058.8,0,0,83,21096,5274,0,0,0,0,1
993899112,30,2,2,6231.154,3115.577,3091.62,0,0,476,108.25,0,2165,260,0,0,0,130.284,20300,10150,0,0,0,0,0
26909138,30,1,10,22605.464,2260.5464,6979.96,0,3160,3024,2236.68,350,1230.27,1806.15,1505,0,1407.25,906.154,15260,1526,757.75,0,0,1,0
329189076,30,3,4,43663.7114,10915.92785,10203.4718,0,4785,2070,943.94,1714.8,9742.5,3675.5,4028.55,600,3671.84,2228.1096,77443,19360.75,1658.39,0,0,1,0
670155815,30,2,1,39155.715,39155.715,5611.68,1428.9,1200,764,209.78,1800,21115.51,716,783,0,4585.47,941.375,33666.6666666667,33666.6666666667,3464,16,1,1,0
329012193,30,2,5,72150.988,14430.1976,17397.94,0,7100,3276.5,281.45,0,29632.788,2875,1770.08,800,6139.94,2877.29,59000,11800,874.66,0,0,1,0
85043394,30,2,1,24719.8772,24719.8772,2753.6202,259.8,1500,8300,5474.9734,2000,0,866.5,444.5,0,1732,1388.4836,29752.6666666667,29752.6666666667,0,0,0,0,0
966183176,30,2,5,74845.599672,14969.1199344,11450.8582,3926.1842,7800,5909.32,1485.5744,3399.3393,12717.6964,3086.95,12313.1,1700,6570.25,4486.327172,66960,13392,6646.55,0,0,1,0
511938626,30,3,4,52495.29,13123.8225,3403.38,0,2200,9050,2600,7400,12928.1,6250,4850,0,1732,2081.81,66750,16687.5,0,0,0,0,0
875776326,30,1,2,23736.8643,11868.43215,5815.1467,164.54,1720,2391,693.4997,5278.3999,2269,1220,2065,0,1926.85,193.428,20998.6666666667,10499.3333333333,0,0,0,0,0
297600939,30,1,1,11137.555,11137.555,1903.035,346.4,1500,1391.05,3053.2,0,277.12,278.355,323.195,160,1905.2,0,13276,13276,0,0,0,0,0
218784983,30,1,3,14283.196,4761.06533333333,6621.436,0,880,2900,0,0,1688.7,1260,540,0,0,393.06,20000,6666.66666666667,0,0,0,0,0
107866820,30,1,1,14026.49,14026.49,1636.74,1169.1,550,8050,0,259.8,0,1000,0,0,909.3,451.55,17000,17000,649.5,0,0,1,0
946962628,30,2,7,11195.836,1599.40514285714,3511.63,1407.25,2550,1114,246.81,0,80,700,1000,500,0,86.146,10098.5,1442.64285714286,0,0,0,0,0
915439439,30,1,4,14845.702,3711.4255,4636.564,1667.05,1200,1280,0,1732,1660.988,200,1300,0,0,1169.1,20867.12,5216.78,0,0,0,0,0
672475267,30,2,3,12200.488,4066.82933333333,866,0,490,1298,365,0,4582.868,1515,725,0,2100.05,258.57,16833.3333333333,5611.11111111111,0,0,0,0,0
308218420,30,1,2,9667.53,4833.765,5685.29,0,0,1546,394.03,600,173.2,450,790,0,0,29.01,17900,8950,0,0,0,0,1
633644777,30,2,6,25427.8,4237.96666666667,4892.9,225.16,1700,1798,586.4,1676.4,649.5,472,9270,0,3940.3,217.14,93310.15,15551.6916666667,4018.24,0,0,1,0
883705628,30,1,2,29321.8694,14660.9347,7721.1694,0,3870,740,1788.05,750,184,2623.5,7496.51,1200,0,2948.64,16217.17,8108.585,0,433,1,0,0
288136812,30,2,3,8796.57,2932.19,2260.26,805.38,0,3112,0,194.85,0,1700,600,0,0,124.08,26000,8666.66666666667,0,0,0,0,0
529120182,30,2,4,25119.45,6279.8625,8638.35,0,2200,3000,0,0,2901.1,650,1350,3500,0,2880,29500,7375,0,0,0,0,0
432648486,30,2,1,10931.57,10931.57,1008.89,0,0,1110,0,2849.14,2684.6,650,1243.34,0,1385.6,0,14340,14340,0,0,0,0,0
531698316,30,3,4,29356.169856,7339.042464,4455.57,1117.14,8600,743.8,1120,346.4,544,1212,4790,2226,3289.75,911.509856,84000,21000,1948.5,0,0,1,0
702618958,30,1,4,10985.2988,2746.3247,4511.86,0,380,2048.4288,424.34,600,0,854.65,1386.62,0,281.45,497.95,9200,2300,0,0,0,0,0
615510594,30,1,3,6443.16,2147.72,1363.95,0,750,1497.84,0,858.97,0,942.4,1010,20,0,0,31762.17,10587.39,0,0,0,0,0
14280614,30,1,1,3823.97,3823.97,2203.97,0,0,1420,0,0,0,200,0,0,0,0,7000,7000,0,0,0,0,1
621247356,30,1,3,14964.1263,4988.0421,4081.9343,0,3650,2175,1171.29,250,72,1600,1140,0,0,823.902,29442,9814,0,0,0,0,0
200458514,30,2,5,13039.326,2607.8652,4685.06,186.19,1690,1522,525.96,0,1744.76,420,1060,0,259.8,945.556,23350,4670,0,0,0,0,0
509143658,30,2,3,14505.47,4835.15666666667,6070.66,0,0,3230,0,779.4,1732,1700,660,0,0,333.41,30407.44,10135.8133333333,0,0,0,0,0
758563770,30,2,1,12573.4163,12573.4163,4376.8506,0,900,1744,86.167,200,2165,759,1907,0,0,435.3987,38000,38000,0,0,0,0,0
141878618,30,2,2,8913.058,4456.529,4083.19,519.6,0,552,616.5,0,259.8,1020,1540,0,0,321.968,16600,8300,0,320,1,0,0
113032026,30,2,1,9657.4584,9657.4584,2353.2684,0,1100,1091.5,0,230,1299,1149,650,0,866,918.69,26000,26000,866,0,0,1,0
328639063,30,1,4,17697.526,4424.3815,5559.72,1428.9,0,2100,216.5,433,7439.806,0,0,0,0,519.6,32983.3333333333,8245.83333333333,0,0,0,0,0
71433943,30,2,2,5870.1101,2935.05505,1420.1101,0,0,815,0,870,2165,0,600,0,0,0,12850,6425,324.75,0,0,1,0
234010372,30,1,1,7637.54,7637.54,1922.52,0,0,1158,3281.45,300,0,250,600,0,0,125.57,7400,7400,0,0,0,0,0
318224734,30,3,4,71683.7,17920.925,14003.22,0,5380,5844.77,771.64,2440.25,28245.6,2080,7529.08,860,1645.4,2883.74,64333.3333333333,16083.3333333333,874.66,0,0,1,0
926450904,30,2,2,21388.224,10694.112,3606.89,692.8,3050,3122,1456,1080,1569.1,1050.6,2361,0,2294.9,1104.934,29371.25,14685.625,1428.9,0,0,1,0
333589796,30,1,4,17476.37,4369.0925,7984.52,398.36,260,1000,911.1,0,0,1300,500,0,4537.84,584.55,8800,2200,3585.24,0,0,1,0
225740855,30,2,2,25199.944,12599.972,6928,359.39,3150,2606.5,2404.21,1128.8,2906.82,1371,1715,0,1307.66,1322.564,46141,23070.5,1307.66,0,0,1,0
605562015,30,2,4,15856.9339,3964.233475,8174.3039,303.1,1200,732.95,533,0,1757.98,600,1100,70,1385.6,0,19050,4762.5,0,0,0,0,1
295036444,30,1,2,16070.454,8035.227,3848.504,779.4,0,1186,3072,0,5227.176,600,729.9,0,606.2,21.274,16700,8350,0,0,0,0,0
317133677,30,1,1,19718.3,19718.3,4763,0,1230,3028,630,5933.5,1169.1,350,1425,0,0,1189.7,15083.3333333333,15083.3333333333,0,0,0,0,0
905324114,30,1,4,21496.41,5374.1025,1944.17,0,0,10207,0,817.64,2684.6,1100,4093,0,0,650,31500,7875,0,0,0,0,0
267302523,30,2,5,20428.232,4085.6464,6065.897,0,5805,1545,240,0,2303.56,1870,1427.425,450,411.35,310,29790,5958,129.9,0,0,1,0
25931063,30,1,1,7494.26,7494.26,1091.16,0,0,1050,2400,0,853.1,800,1300,0,0,0,23000,23000,0,0,0,0,0
964889876,30,2,3,13674.6934,4558.23113333334,6360.8133,0,1000,1315.05,527.7404,433,3249.5,53.195,377.325,0,0,358.0697,29183.3333333333,9727.77777777778,0,0,0,0,0
681081659,30,1,7,17500.222,2500.03171428571,10543.55,649.5,1280,800,965.59,779.4,932.682,400,500,0,649.5,0,42676.3266666667,6096.6180952381,0,0,0,0,1
522492034,30,1,3,10482.98,3494.32666666667,5654.98,0,0,3370,38.4,0,519.6,200,700,0,0,0,12150,4050,0,0,0,0,1
530101553,30,1,3,6853.115,2284.37166666667,3790.915,0,0,1330,173.2,0,0,726,400,0,0,433,6800,2266.66666666667,0,0,0,0,1
283458912,30,2,4,17773.49,4443.3725,3078.63,199.18,1800,7436.63,507.43,350,3399.05,250,456,0,0,296.57,20000,5000,0,0,0,0,0
74561206,30,1,5,7271.29,1454.258,2619.65,0,0,1505,2096.64,350,0,0,700,0,0,0,20798.49,4159.698,0,0,0,0,0
569055423,30,2,2,14020.2543,7010.12715,9086.505,0,800,1186.05,311.76,0,1082.5,450,430,0,0,673.4393,14916.6666666667,7458.33333333333,0,0,0,0,1
713448813,30,2,5,43092.6,8618.52,4338.66,2424.8,1900,3265,3106,0,14830,3600,8545,0,866,217.14,49500,9900,0,0,0,0,0
786108584,30,1,1,12788.678,12788.678,2420.47,0,0,1111,2679.59,900,1275.618,170,1850,0,1602.1,779.9,12650,12650,0,0,0,0,0
800070787,30,2,3,10687.426,3562.47533333333,1710.35,0,0,2070,0,280,3774.5,825,1733,0,0,294.576,37833.3333333333,12611.1111111111,0,0,0,0,0
11734348,30,1,1,4920.68,4920.68,3455.34,493.62,0,608,108.25,0,0,0,0,0,0,255.47,4000,4000,0,0,0,0,1
891237822,30,1,3,10771.33,3590.44333333333,3468.33,0,0,5970,0,0,0,450,450,0,0,433,13170.8,4390.26666666667,0,0,0,0,0
665314283,30,3,2,21189.75,10594.875,7469.25,1515.5,0,7200,0,0,4330,0,675,0,0,0,37000,18500,0,0,0,0,0
323992159,30,2,2,16709.954,8354.977,7512.55,519.6,0,3576.5,1900,550,0,480,1580,0,0,591.304,25500,12750,0,0,0,0,0
962917776,30,1,2,6941.57,3470.785,1389.93,0,0,2918,0,0,1333.64,700,600,0,0,0,22064.49,11032.245,0,0,0,0,0
707834963,30,1,2,14534.69,7267.345,3256.16,0,3790,4040,729.5,0,779.4,710,880,0,0,349.63,16483.3333333333,8241.66666666667,0,0,0,0,0
244024973,30,2,1,6351.9942,6351.9942,2843.8574,0,0,605,861.4167,324.75,384,780,250,0,0,302.9701,7222,7222,0,0,0,0,0
843425667,30,1,2,23228.98,11614.49,7053.57,1013.22,3100,2275,1328.83,2750,2463.6,1475,725,0,433,611.76,9333.33333333333,4666.66666666667,433,0,0,1,0
381011392,30,1,1,6513.67,6513.67,2593.67,0,80,2100,0,350,0,512,678,0,0,200,6400,6400,0,0,0,0,0
233732254,30,2,4,22277.06,5569.265,5031.46,0,0,6952.5,3925.7,400,2598,930,410,1250,779.4,0,42000,10500,0,0,0,0,0
861974349,30,1,5,4747.836,949.5672,346.4,0,600,1439.4,0,0,549.636,0,600,0,0,1212.4,14900,2980,0,0,0,0,0
427891632,30,2,2,38894.33,19447.165,16029.66,311.76,0,1963,0,8600,1833.23,1155,995,0,7577.5,429.18,30500,15250,7577.5,0,0,1,0
592051636,30,1,3,8762.68,2920.89333333333,5637.66,0,0,508.5,0,0,952.6,570,690,0,0,403.92,8001.33333333333,2667.11111111111,0,0,0,0,1
295088964,30,1,2,4004.56,2002.28,1913.86,0,0,1118,259.8,0,519.6,43.3,150,0,0,0,6500,3250,0,0,0,0,0
44341229,30,1,1,3100.36,3100.36,917.96,779.4,0,708,0,0,0,100,595,0,0,0,5499,5499,0,0,0,0,0
789640846,30,2,2,19131.4476,9565.7238,7361.5629,0,850,3300,437.4467,0,3031,600,2150,0,0,1401.438,33600,16800,0,0,0,0,0
940713790,30,2,2,25905.7637,12952.88185,5089.3954,1805.2636,3400,3833.5,1190,3127.66,0,2400,1875,0,0,3184.9447,79166.6666666667,39583.3333333333,0,0,0,0,0
991444377,30,1,4,19036.693,4759.17325,8149.06,562.9,1780,2220,1582.03,0,1525.9,1311.2,620.01,0,969.92,315.673,17971.1666666667,4492.79166666667,866,0,0,1,0
827688961,30,1,6,11028.805,1838.13416666667,4713.205,0,300,4740,156,0,519.6,600,0,0,0,0,9000,1500,0,0,0,0,0
654224973,30,1,1,3680.9,3680.9,2641.3,0,0,520,0,0,519.6,0,0,0,0,0,5200,5200,0,0,0,0,1
85263410,30,1,3,10174.428,3391.476,1892.21,1688.7,0,984,0,2165,236.418,0,500,0,2468.1,240,11191.6666666667,3730.55555555556,0,0,0,0,0
647507416,30,1,5,5381.5,1076.3,1320.65,194.85,0,2550,0,0,866,0,450,0,0,0,10950,2190,0,0,0,0,0
815537997,30,1,1,7370.884,7370.884,3683.964,0,300,1100,173.2,0,0,600,700,0,0,813.72,16932.31,16932.31,0,0,0,0,0
771845313,30,2,2,22901.68,11450.84,9664.56,0,2280,6740,0,1900,1299,0,800,0,0,218.12,17410.3333333333,8705.16666666667,0,0,0,0,0
627778633,30,1,10,18344.77,1834.477,12258.23,0,240,2656,100,0,415.68,760,850,0,0,1064.86,21800,2180,0,0,0,0,1
884458507,30,2,3,18439.51,6146.50333333333,7226.77,268.46,500,2700,558.57,0,3442.35,2326.5,1100.77,0,0,316.09,39361.6666666667,13120.5555555556,0,0,0,0,0
955015248,30,1,2,12571.57,6285.785,6036.02,0,600,1647.6,0,497.95,0,2160,1280,0,0,350,20814.5,10407.25,0,0,0,0,0
93394684,30,1,1,15325.76,15325.76,7066.56,727.44,0,1152,21.65,160,1088.47,1552,3090,0,0,467.64,49600,49600,0,0,0,0,0
408320339,30,1,5,4845.11,969.022,1753.65,0,0,1150,51.96,0,519.6,740,500,0,0,129.9,6353.79666666667,1270.75933333333,0,0,0,0,0
780713117,30,1,2,6469.47,3234.735,866,0,2100,831.5,300,0,471.97,0,1200,700,0,0,14166.6666666667,7083.33333333333,0,0,0,0,0
127526103,30,1,3,12795.7337,4265.24456666667,2701.92,0,2380,1328,510.0967,150,1228.3,1255,1104,0,1775.3,363.117,42469,14156.3333333333,1082.5,0,0,1,0
789505090,30,2,3,13270.78,4423.59333333333,3619.88,0,2750,869,86,0,0,600,1200,2500,995.9,650,20800,6933.33333333333,0,0,0,0,0
626365922,30,2,4,9385,2346.25,1147.45,0,0,1025,0,0,6495,480,160,0,0,77.55,26500,6625,0,0,0,0,0
631482333,30,1,2,9024.34000000001,4512.17,5061.77,0,0,2471,155.88,0,86.6,0,500,0,649.5,99.59,13504,6752,0,0,0,0,1
221938563,30,2,4,22832.382,5708.0955,4416.6,2619.65,2360,5921.2,774.46,112.58,2940,1830,1415.2,0,0,442.692,32200,8050,692.8,0,0,1,0
994470530,30,2,3,10521.8,3507.26666666667,5022.8,0,0,1200,0,2000,1299,550,450,0,0,0,37033.3333333333,12344.4444444444,0,0,0,0,0
730749175,30,1,3,20157.464,6719.15466666667,6778.182,5564.05,2800,2620,80,129.9,485.7,900,300,0,0,499.632,20000,6666.66666666667,0,0,0,0,0
775956163,30,1,3,22584.523,7528.17433333333,4429.59,0,1450,8145,376.71,1928.9,1181.3,1845,1565,0,1277.35,385.673,29544,9848,541.25,0,0,1,0
222769131,30,2,3,29894.95,9964.98333333333,8499.79,3966.28,1200,1414.5,1743.94,0,104,1564,542.8,0,9785.8,1073.84,55500,18500,3745.45,0,0,1,0
741025165,30,1,2,11030.865,5515.4325,749.09,0,0,8048,0,0,508.775,850,595,0,0,280,28300,14150,0,0,0,0,0
