id,provincia,propauto,cantmiem,gastot,gastotpc,gc_01,gc_02,gc_03,gc_04,gc_05,gc_06,gc_07,gc_08,gc_09,gc_10,gc_11,gc_12,ingtoth,ingpch,tn_restaurant,tn_internet,cat_gastos_internet,cat_gastos_restaurant,cat_gastos_alimentos
668495440,94,1,2,27791.6316,13895.8158,3933.0256,0,0,4128,3570.516,0,811.56,1100,1100,340,11691,1117.53,32323,16161.5,11691,0,0,1,0
555987511,94,2,7,30969.292,4424.18457142857,1203.74,1472.2,1700,1644,400,700,6798.1,3520,2500,3800,4546.5,2684.752,103226.01,14746.5728571429,3680.5,0,0,1,0
667865650,94,3,3,55480.8348,18493.6116,8513.5594,606.2,260,12614,355.16,14060.4045,6796.05,3881,3554.695,0,3290.8,1548.9659,99068.83,33022.9433333333,259.8,0,0,1,0
981488385,94,2,4,64794.8139,16198.703475,1753.65,0,19390,9264,1544,973.2,9594.839,2185,5815,3780,7187.8,3307.3249,43683,10920.75,2294.9,0,0,1,0
273986170,94,3,6,99766.1395,16627.6899166667,27571.1018,3836.38,6040,1482,1100,4354.5656,7546.4631,4118,12039.85,21000,5477.45,5200.329,194206.333333333,32367.7222222222,5477.45,0,0,1,0
669647104,94,1,3,61162.4674,20387.4891333333,799.0149,0,4291,17240,312,2653.7725,7208.53,2730,20690,2600,238.15,2400,82651.5,27550.5,0,0,0,0,0
136233289,94,3,4,44529.9925,11132.498125,11631.5924,313.492,5800,2664.115,0,0,4298.2031,2140,9903.41,1600,4589.8,1589.38,92000,23000,2598,0,0,1,0
127611813,94,1,3,22938.6846,7646.2282,3078.7166,1578.718,0,947.78,738.88,0,3341.76,2120,2814.64,3552,0,4766.19,87149.6666666667,29049.8888888889,0,80,1,0,0
580701410,94,2,6,46749.4767,7791.57945,14859.6507,1303.33,9100,3000,365.839,300,9388.57,1200,1260,5440,0,532.087,95066.3333333333,15844.3888888889,0,0,0,0,0
970340583,94,1,2,31581.2853,15790.64265,3224.984,3328.904,0,2164,3184.5388,824.865,5098,1283,2466.9,3780,2121.7,4104.3935,19333.3333333333,9666.66666666667,0,0,0,0,0
298633104,94,2,3,28225.2124,9408.40413333334,4527.3614,0,1400,6172.48,1567.16,0,5546.7,1750,0,0,4156.8,3104.711,26613,8871,0,0,0,0,0
899173918,94,3,5,144847.6447,28969.52894,19287.5087,0,6000,19881,2185.6,11300,8311.2,8230,29150.628,29000,4810,6691.708,234900,46980,0,0,0,0,0
521025686,94,2,5,78441.3,15688.26,4546.5,0,0,1000,0,6540,38400,3740,3842.8,17500,2251.6,620.4,35268,7053.6,0,0,0,0,0
117695103,94,3,5,44834.3847,8966.87694,20750.4425,1938.541,0,2590,1314.541,0,3920,2300,6433,0,0,5587.8602,75000,15000,0,0,0,0,0
589045843,94,2,1,29519.681,29519.681,1110.645,0,480,3299.76,2439,14900,1893.076,1482,3309,0,606.2,0,60666.6666666667,60666.6666666667,0,0,0,0,0
634746340,94,2,2,222597.41,111298.705,5338.89,0,7400,7000,15420,30661,98421.32,10570,8050,0,31324,8412.2,208483.333333333,104241.666666667,12124,0,0,1,0
117859104,94,2,1,19753.3324,19753.3324,4283.1494,732.636,370,1530,350,272,7295,1500,700,0,0,2720.547,38823,38823,0,0,0,0,0
262842393,94,3,4,103746.3471,25936.586775,18665.5042,866,0,16925,1107.0553,1308,33790.3,5530,8654.4,8460,6400,2040.0876,118001.333333333,29500.3333333333,0,0,0,0,0
750646140,94,3,4,67317.8941,16829.473525,5532.0946,0,0,2253.5,7930.402,5117.6195,10990,2270,10674,0,6884.7,15665.578,78000,19500,6278.5,0,0,1,0
574573677,94,2,5,17470.1044,3494.02088,5451.2102,173.2,600,1132,1808.3812,1300,2598,1400,1000,0,0,2007.313,65860.6733333333,13172.1346666667,0,0,0,0,0
304307252,94,2,5,72853.6471,14570.72942,20899.1347,2058.482,4035,4696.09,445.117,7220,13162.0936,4980.25,10883,0,2450.4,2024.0798,95718.8333333333,19143.7666666667,0,0,0,0,0
97604828,94,2,3,20346.1727,6782.05756666667,4374.1227,0,1900,1225,417,3500,6577.4,1300,820,0,0,232.65,53870.5,17956.8333333333,0,3732.65,1,0,0
492486782,94,1,5,43580.592,8716.1184,16776.585,0,0,10097,1528.057,3417.55,960,2787,5222,2172,0,620.4,89166.6666666667,17833.3333333333,0,0,0,0,0
9774364,94,1,4,15950.8605,3987.715125,6199.9105,0,0,2483.95,0,0,3520,2300,871,16,400,160,18633.3333333333,4658.33333333333,0,0,0,0,0
472094697,94,3,2,42107.1686,21053.5843,2643.5516,0,4150,14810,1237.017,700,9365,1560,1000,0,6251.6,390,51633.3333333333,25816.6666666667,2251.6,0,0,1,0
268986354,94,1,5,65471.7651,13094.35302,15118.4115,0,8352,9710,12337.0312,840,10471.56,990,1424.86,0,480,5747.9024,36695.6666666667,7339.13333333333,0,432,1,0,0
825939351,94,2,4,41842.2872,10460.5718,6133.1852,565.498,2000,18029.2,5089.974,70,3776,480,2000,0,0,3698.43,27000,6750,0,0,0,0,0
468559710,94,1,1,22119.67,22119.67,1662.72,584.55,4600,6268.5,880,86.8,3417.6,400,32,0,3247.5,940,21500,21500,3247.5,0,0,1,0
100424081,94,3,6,54078.2287,9013.03811666667,10713.8489,2885.945,8220,2610,607.5588,3000,8341.57,3040,1455.84,0,11929.15,1274.316,106726.666666667,17787.7777777778,11929.15,0,0,1,0
454027409,94,1,3,52382.5758,17460.8586,11103.2458,0,0,14300,508.62,956.2,9540.84000000001,2150,850,0,2500,10473.67,49833.3333333333,16611.1111111111,0,0,0,0,0
857035501,94,2,4,27871.55,6967.8875,5001.15,0,5640,3721,4073.61,1742.3,3118.19,1160,1640,0,1775.3,0,48416.6666666667,12104.1666666667,0,0,0,0,0
580617475,94,3,2,100179.3627,50089.68135,12048.6147,0,300,8456,13373.488,3500,17367.8,5800,17170,16000,3200,2963.46,400166.666666667,200083.333333333,0,0,0,0,0
951703434,94,1,2,2223,1111.5,433,0,1070,0,0,0,0,0,720,0,0,0,3333.33333333333,1666.66666666667,0,0,0,0,0
213856486,94,1,3,21177.649,7059.21633333333,2680.703,701.46,2650,1200,0,281.45,7409.496,1024.34,760,0,4070.2,400,62000,20666.6666666667,519.6,0,0,1,0
75406370,94,2,3,68496.5246,22832.1748666667,2182.32,376.71,20840,1121,2010.35,1832,6356.13,4245.71,8990.52,3700,7718.92,9122.8646,69658.1666666667,23219.3888888889,1515.5,0,0,1,0
827850349,94,2,1,32113.3388,32113.3388,3730.6414,2024.708,4750,1523.68,1313.53,0,7049.86,750,4212,0,5299.5,1459.4194,8823,8823,2165,0,0,1,0
583311921,94,2,3,30853.31,10284.4366666667,6672.53,0,4100,8500,268,0,2606.66,3170,2239.8,2050,0,1246.32,50133.6666666667,16711.2222222222,0,0,0,0,0
628370554,94,2,3,42981.7116,14327.2372,9603.2905,1418.508,3420,1765,762.375,512,8863.688,2150,5100,0,7729.05,1657.8001,35916.6666666667,11972.2222222222,0,0,0,0,0
603657902,94,1,1,29198.67,29198.67,2870.79,1636.74,1980,3043,4500,2945.04,2165,830,2092,0,736.1,6400,23458.8333333333,23458.8333333333,736.1,0,0,1,0
645230715,94,2,2,17773.1267,8886.56335,7160.4777,0,0,2630,2283.653,0,0,1950,920,0,0,2828.996,47500,23750,0,0,0,0,0
619991164,94,1,1,29074.4201,29074.4201,4991.4941,0,2900,10012,2968.6,389.7,926.62,1065,1975,0,2013.45,1832.556,20500,20500,0,0,0,0,0
449801403,94,1,1,4167.05,4167.05,974.25,0,0,0,0,0,692.8,0,0,2500,0,0,2000,2000,0,0,0,0,0
277347782,94,1,1,5124.317,5124.317,3426.329,0,0,0,1168.224,0,0,266.5,0,0,0,263.264,24666.6666666667,24666.6666666667,0,0,0,0,1
449009758,94,2,2,11865.3682,5932.6841,3056.1573,0,600,2000,653.83,2224.4509,0,1425,675,0,497.95,732.98,80000,40000,497.95,0,0,1,0
792956577,94,2,1,9834.298,9834.298,2349.458,0,0,4400,0,0,368,980,900,0,433,403.84,23066.6666666667,23066.6666666667,0,267.84,1,0,0
973128713,94,3,4,71721.5188,17930.3797,6706.1308,692.8,12000,4783,3306.988,500,8610,4850,9458.4,10100,10088.9,625.3,139166.666666667,34791.6666666667,0,0,0,0,0
462662020,94,2,3,34866.984,11622.328,4428.291,2337.334,0,1600,324.316,7000,15840.823,1920,815,0,0,601.22,33333.3333333333,11111.1111111111,0,341.22,1,0,0
128166833,94,2,4,50849.0727,12712.268175,701.027,0,829,2340,158.4,12478.1754,4631,1665.47,12100.74,14800,0,1145.2603,37723.1666666667,9430.79166666667,0,0,0,0,0
488025057,94,1,3,22213.0668,7404.3556,9515.0018,357.658,0,2304,238.15,407.02,684.14,5332,600,0,2381.5,393.597,18000,6000,0,216.5,1,0,0
260968765,94,1,1,23395.12,23395.12,2658.62,0,200,3680,20,0,0,2100,11512,0,649.5,2575,24833.3333333333,24833.3333333333,0,0,0,0,0
744141029,94,1,1,34577.9162,34577.9162,3950.3456,0,0,13575,60,0,0,1570,1169,3000,11147.9706,105.6,53000,53000,1944.17,0,0,1,0
57618153,94,1,1,6548.56,6548.56,64.95,0,0,2900,0,1010,73.61,1100,1400,0,0,0,23000,23000,0,0,0,0,0
168522329,94,2,5,26774.9378,5354.98756,10542.0778,220.83,0,2800,494,0,4485.38,1900,1100,5000,0,232.65,61387.0266666667,12277.4053333333,0,0,0,0,0
865024019,94,1,3,39533.1664,13177.7221333333,20058.0322,4572.2202,0,2187.6,4713.359,1101.119,666.82,2668,2694,0,0,872.016,56847,18949,0,0,0,0,1
918714543,94,1,3,23921.9126,7973.97086666667,5682.7786,190.52,130,9400,724.934,1111.04,0,2300,3915,0,0,467.64,58895.5,19631.8333333333,0,0,0,0,0
55633140,94,3,1,16104.04,16104.04,346.4,2459.44,0,860,0,0,3864,6720,815,0,1039.2,0,75150.6666666667,75150.6666666667,0,0,0,0,0
612993561,94,2,2,43357.1605,21678.58025,6542.197,0,1885,1300.6,5150,18046.6135,1408,2220,740,0,3139.25,2925.5,46118.3333333333,23059.1666666667,3139.25,0,0,1,0
457781003,94,3,1,17171.7177,17171.7177,4676.8763,1173.43,0,5248,365.019,0,1800,1731,1384,0,0,793.3924,42000,42000,0,0,0,0,0
436558448,94,3,2,36150.0518,18075.0259,216.5,0,4400,2136.03,1800,2688,17120,1807.93,3179.4,0,595.375,2206.8168,78333.3333333333,39166.6666666667,0,0,0,0,0
405584589,94,3,4,76889.418,19222.3545,6451.7,0,3200,24268,89.198,15000,11339.48,3340,4700,0,6408.4,2092.64,104000,26000,866,0,0,1,0
141848932,94,3,3,87856.6103,29285.5367666667,5026.7403,329.08,7117.6,10994,6184.428,920,41214,1304.4,2495,0,1212.4,11058.962,78618.08,26206.0266666667,0,1500,1,0,0
807898483,94,1,5,28382.0656,5676.41312,6217.9666,1796.95,0,1495,3522.1,0,4265.05,1296,1900,3200,3247.5,1441.499,82106.6666666667,16421.3333333333,3247.5,0,0,1,0
542908621,94,2,2,63049.98,31524.99,4481.55,0,8350,17650,736,10044.05,12482.52,5152.6,3000,0,0,1153.26,78766.6666666667,39383.3333333333,0,0,0,0,0
222265749,94,2,3,63627.1807,21209.0602333333,15032.2012,0,2830,837.5,4963.02,2292.4,2281.1,1590,3485.89,0,0,30315.0695,35333.3333333333,11777.7777777778,0,17400,1,0,0
273896077,94,2,2,49232.78,24616.39,2338.2,1775.3,3500,6950,3778,944,6506.9,3135,6179,4500,7828.64,1797.74,65000,32500,1732,1547.74,1,1,0
485414545,94,1,1,10200.485,10200.485,5263.115,1299,770,1169.44,366.84,0,73.61,516,500,0,0,242.48,13000,13000,0,0,0,0,1
117253411,94,1,3,47618.6179,15872.8726333333,4174.2499,3795.678,0,17375,3630,2500,1104.15,1740,2833,0,6365.1,4101.44,20682.3466666667,6894.11555555556,6365.1,0,0,1,0
837228887,94,2,1,20390.1828,20390.1828,1278.0428,0,0,1010,0,3000,10765,2520,1600,0,0,217.14,41750,41750,0,0,0,0,0
488578507,94,2,1,29630.0172,29630.0172,9969.1322,0,3000,2112,3739.177,2040,3688,2400,1500,0,597.54,584.168,55000,55000,0,0,0,0,0
365360274,94,2,8,47848.5172,5981.06465,13231.7872,476.3,11000,3325.9,1767.938,2895.74,0,1100,13220,0,0,830.852,45365,5670.625,0,0,0,0,0
237968337,94,2,4,40829.5706,10207.39265,6418.359,433,11400,2680,6686,0,4610.9716,2190,4660,0,1299,452.24,21226.6666666667,5306.66666666667,1299,0,0,1,0
664456445,94,2,5,47581.446,9516.2892,3775.76,0,6500,2546,1440,560,16876.446,2380,2220,4900,5466.1,917.14,85990.6666666667,17198.1333333333,0,0,0,0,0
234410950,94,3,2,51386.0691,25693.03455,3860.4981,0,4000,19558.03,1862.6525,0,11757.1015,1272,5104.8,0,2251.6,1719.387,134666.666666667,67333.3333333333,0,600,1,0,0
448063212,94,2,4,8157.4933,2039.373325,1407.2933,0,0,4050,0,640,0,1150,600,0,0,310.2,79833.3333333333,19958.3333333333,0,0,0,0,0
92453628,94,3,2,228547.5501,114273.77505,16969.6597,4863.456,0,47297.6,28453.021,12811.07,21980,3075,56901.9,8000,7786.4658,20409.3776,309500,154750,7923.9,0,0,1,0
490781467,94,2,2,27667.2958,13833.6479,4195.2071,4026.9,0,1499,0,3320.2007,8175.04,1584,1649.5,0,1948.5,1268.948,59000,29500,0,0,0,0,0
495980815,94,2,4,55458.196,13864.549,3975.806,0,0,12260,697,338,0,2586.29,21002,12072,1732,795.1,73533.3333333333,18383.3333333333,0,155.1,1,0,0
429511261,94,2,2,10679.795,5339.8975,4232.575,0,0,1555,714.45,160,1108.48,1302.9,675,300,0,631.39,15000,7500,0,0,0,0,0
807558821,94,2,2,41709.702,20854.851,8172.3987,1376.94,2100,7485,372.562,7527.6,236,1300,4776,0,7459.0533,904.148,40835.5,20417.75,1636.9565,0,0,1,0
275730259,94,2,7,18743.9283,2677.70404285714,7190.0083,0,3800,2160,760,1200,320,1200,1620,48,259.8,186.12,12421.7833333333,1774.54047619048,0,0,0,0,0
958283180,94,2,3,55795.465,18598.4883333333,411.35,186.19,4600,11584,3696,938,28702.5,2170,2343,0,0,1164.425,88360.8333333333,29453.6111111111,0,2700,1,0,0
598127049,94,2,3,112871.2332,37623.7444,18467.0603,1951.098,11000,2080,1739.459,5738.4869,4770.4,5192,46423.817,9600,2251.6,3657.312,96000,32000,952.6,1732,1,1,0
314416143,94,2,3,44316.0495,14772.0165,8348.8895,324.75,0,1460,576.3,445.99,25260.12,2890,2970,600,0,1440,63833.3333333333,21277.7777777778,0,0,0,0,0
748083756,94,2,3,69763.0133,23254.3377666667,10127.9133,0,11934,1365.975,1360,1223.225,12757.2,1579.22,1335.8,0,7804.3,20275.38,116670.5,38890.1666666667,3983.6,0,0,1,0
475833714,94,3,2,43202.3,21601.15,194.85,0,0,8489,3700,70,16300,800,12500,0,368.05,780.4,45003.4733333333,22501.7366666667,368.05,0,0,1,0
894688349,94,1,4,10368.21,2592.0525,969.92,0,0,6810.25,128,0,381.04,673,1406,0,0,0,9600,2400,0,0,0,0,0
36516795,94,3,3,71512.3,23837.4333333333,2113.04,0,2700,17185,28722,0,4026.9,2174,3578,3780,3301.1,3932.26,327000,109000,2338.2,1954.26,1,1,0
469099021,94,2,1,19814.0236,19814.0236,7731.3016,0,4269,1400,242.85,0,1564.16,1450,900,0,0,2256.712,23000,23000,0,0,0,0,0
702592869,94,2,4,28454.684,7113.671,5073.894,1333.64,7500,2220,0,50,7329.04,1780,2872.32,0,0,295.79,33020.3333333333,8255.08333333333,0,0,0,0,0
800346646,94,1,2,3262.6777,1631.33885,211.304,0,0,0,228.191,768.5317,0,543,815,0,0,696.651,47461,23730.5,0,0,0,0,0
434355221,94,1,3,22542.05,7514.01666666667,1926.85,0,0,10800,1720,2250,3825.2,250,1770,0,0,0,22700,7566.66666666667,0,0,0,0,0
337587093,94,1,1,7322.66,7322.66,151.55,207.84,1700,1315,433,0,515.27,1400,1600,0,0,0,39534.1666666667,39534.1666666667,0,0,0,0,0
404026108,94,1,1,13603.93,13603.93,5118.06,1337.97,3400,0,207.84,0,95.26,982.4,1250,0,1212.4,0,14000,14000,1212.4,0,0,1,0
416919597,94,2,2,19307.3784,9653.6892,1638.8184,0,2200,1213,0,0,8770.99,1860,990,0,2143.35,491.22,29083.3333333333,14541.6666666667,2338.2,0,0,1,0
771036968,94,2,4,30255.8302,7563.95755,6766.7508,519.6,3650,1924.85,1090,5032.6724,4197,1650,1636.8,0,0,3788.157,63546.6666666667,15886.6666666667,0,0,0,0,0
850586506,94,2,3,50507.9406,16835.9802,16218.5346,0,2300,14497,20,3700,5146.746,1953,1650,0,2588.041,2434.619,31001.3333333333,10333.7777777778,0,0,0,0,0
371427619,94,2,3,34177.7011,11392.5670333333,5019.6391,0,2320,11555.5,3751.882,500,28,1369.5,8568,0,0,1065.18,40000,13333.3333333333,389.7,0,0,1,0
198699884,94,3,2,20082.8355,10041.41775,2772.7155,0,0,2938.32,0,192,3700.5,1600,4630,350,866,3033.3,144666.666666667,72333.3333333333,129.9,0,0,1,0
225514143,94,2,4,22308.0361,5577.009025,2114.9885,0,1900,2012,0,1301.05,6205.2776,930,2348.9,0,1026,4469.82,26500,6625,866,2800,1,1,0
739203805,94,1,4,51278.095,12819.52375,11157.111,346.4,10950,10033,2245.619,1245.595,5719.6,850,2286,0,4763,1681.77,29000,7250,0,0,0,0,0
788694213,94,2,5,39309.6053,7861.92106,6938.9116,194.85,5900,3040,448,300,13183.56,1670,3389,0,129.9,4115.3837,30513.3333333333,6102.66666666667,0,0,0,0,0
891930237,94,3,3,26845.61,8948.53666666667,6352.11,0,2690,2512,1320.65,9785.65,0,1350.75,1134.25,0,0,1700.2,54766.6666666667,18255.5555555556,0,0,0,0,0
559162797,94,2,3,13125.72,4375.24,2121.7,0,0,3125,0,1082.5,2693.26,2200,1200,0,0,703.26,49166.6666666667,16388.8888888889,0,0,0,0,0
339855231,94,2,4,29546.7954,7386.69885,4480.5974,545.58,400,1360,1769.531,0,15210,546.4,1504.32,0,0,3730.367,29357,7339.25,0,0,0,0,0
451565275,94,3,2,52133.0503,26066.52515,22653.9538,186.19,0,4173,1988.588,5920.0193,384,1994,6698,0,5239.3,2895.9992,82000,41000,5239.3,0,0,1,0
286361678,94,2,3,31170.5374,10390.1791333333,3906.526,0,0,2218,38,0,8129.09,2031.2,5942,6300,1379.538,1226.1834,71666.6666666667,23888.8888888889,1082.5,0,0,1,0
412662922,94,2,3,35268.78,11756.26,6763.46,1437.56,3000,1200,0,2100,3716,3879.6,12300,0,624,248.16,72100,24033.3333333333,0,0,0,0,0
933919127,94,2,1,3883.5518,3883.5518,1162.4318,0,0,1275,0,0,0,560,700,0,0,186.12,6000,6000,0,0,0,0,0
428158778,94,2,3,12164.48,4054.82666666667,805.38,0,1500,7160,0,0,1211.1,480,308,0,0,700,20500,6833.33333333333,0,0,0,0,0
919089186,94,2,1,27541.333,27541.333,545.58,433,3500,8397.77,16,50,9267.063,2750,1550,0,433,598.92,26475.5,26475.5,0,0,0,0,0
69993660,94,1,4,85814.7455,21453.686375,2893.9555,0,3000,1265,12054,1292.8,57888,2000,3895.69,900,0,625.3,99666.6666666667,24916.6666666667,0,0,0,0,0
136739137,94,2,1,16378.618,16378.618,6178.91,0,0,2285,2080,1002.18,3974,660,0,0,0,198.528,15533.3333333333,15533.3333333333,0,0,0,0,0
442801403,94,1,3,17126.3995,5708.79983333333,3900.2475,0,45,4009,1346.106,0,3347.71,2066,1290,0,779.4,342.936,56000,18666.6666666667,0,0,0,0,0
591257283,94,2,3,23724.8548,7908.28493333333,7750.1804,0,420,2322,1339.645,2840,3504.6154,2769.8,750,1000,0,1028.614,66142,22047.3333333333,0,0,0,0,0
550165556,94,2,5,53152.0728,10630.41456,7641.8438,7471.415,965,1224,585.2,433,17887.6,1300,1130.88,6550,5282.6,2680.534,53135,10627,6338.0375,0,0,1,0
188896348,94,1,3,15831.6967,5277.23223333333,4846.136,0,4610,1542,945.248,0,0,0,3658,0,0,230.3127,11800,3933.33333333333,0,0,0,0,0
830937870,94,1,2,5574.8,2787.4,2165,0,0,2200,0,0,0,259.8,950,0,0,0,11760.74,5880.37,0,0,0,0,0
616748536,94,3,4,39268.2805,9817.070125,17473.9315,0,3840,1952,2969.23,0,5612,1180,1478,48,1212.4,3502.719,49783.3333333333,12445.8333333333,0,0,0,0,0
627162308,94,2,3,28740.249,9580.083,4279.339,0,2400,10225,0,2800,2208.3,2950,2250,0,584.55,1043.06,65633.3333333333,21877.7777777778,584.55,0,0,1,0
376953783,94,3,5,52733.0117,10546.60234,14516.2817,355.06,1600,1576.8,822.38,1800,22707.17,2304,646,200,1299,4906.32,49166.6666666667,9833.33333333333,1299,0,0,1,0
581048043,94,2,6,64483.5666,10747.2611,12938.8627,0,980,1190,13180,3251.0939,17723.91,4163,2472,1700,6884.7,0,105916.666666667,17652.7777777778,3637.2,0,0,1,0
910390034,94,1,4,49778.2638,12444.56595,9301.4029,0,3685,2584,420.443,1438.776,13365.0549,3900,2933,0,7215.85,4934.737,58500,14625,2749.55,0,0,1,0
950168980,94,2,2,57234.5457,28617.27285,18395.0957,2165,0,2236.48,2085,0,28231,1900,1080,0,0,1141.97,31000,15500,0,0,0,0,0
836200925,94,2,1,46751.54,46751.54,5564.05,2632.64,2700,742.48,352,16360,12755.27,1080,4250,0,0,315.1,29000,29000,0,0,0,0,0
960631953,94,2,3,14299.2,4766.4,3290.8,0,2300,2165,0,1250,0,1800,1073,1800,0,620.4,36633.3333333333,12211.1111111111,0,0,0,0,0
751892601,94,1,3,26435.16,8811.72,4983.83,562.9,0,1865,309.6,3093.6,4810.63,1850,1275,5000,2424.8,259.8,42666.6666666667,14222.2222222222,0,0,0,0,0
866142720,94,1,1,5530.9197,5530.9197,2914.4797,0,0,1234,28,0,294.44,530,530,0,0,0,3916.66666666667,3916.66666666667,0,0,0,0,1
181979992,94,1,2,22327.2,11163.6,1229.72,0,2720,721.5,600,476.3,1073,1008,10660,3800,0,38.68,54000,27000,0,0,0,0,0
609873629,94,3,3,50621.63149,16873.8771633333,10527.32549,0,1000,16700,8087.213,0,5384,1790,5118,0,0,2015.093,120150,40050,0,0,0,0,0
272909509,94,2,4,44355.806,11088.9515,1125.8,0,1200,14500,1802,210,12012.5,3900,3794,0,3464,2347.506,45827.3333333333,11456.8333333333,3464,0,0,1,0
177894767,94,3,2,41715.8426,20857.9213,9474.1266,465.475,0,2000,704,2500,13276,600,7300,3500,584.55,1311.691,7366.66666666667,3683.33333333333,584.55,0,0,1,0
422628384,94,1,4,15135.31,3783.8275,2970.38,866,500,3818,349.8,0,1701.69,2052,1580,0,0,1297.44,77107.3333333333,19276.8333333333,0,0,0,0,0
450379172,94,2,1,38119.7197,38119.7197,3493.444,0,5590,10118.17,796.72,0,9736.7,1520,980,0,1372.4,4512.2857,35922.5,35922.5,1212.4,0,0,1,0
335614506,94,2,4,50620.5438,12655.13595,8289.4386,216.5,0,19436.18,630.6618,1435.395,16800,1000,1210,0,0,1602.3684,48666.6666666667,12166.6666666667,0,0,0,0,0
201532416,94,2,3,19417.881,6472.627,2247.27,0,2800,2500,290,448,2263.291,1765,6608,0,0,496.32,40666.6666666667,13555.5555555556,0,0,0,0,0
602379483,94,2,1,35195.38,35195.38,7560.18,0,0,1700,2524.4,1641.4,9082.38,3515,2456,0,1645.4,5070.62,30566.6666666667,30566.6666666667,1645.4,0,0,1,0
334674485,94,2,4,51613.7308,12903.4327,5174.35,1255.7,4750,1741.6,1500,10000,6836.15,1835,1929,0,1424.57,15167.3608,155983.333333333,38995.8333333333,1424.57,0,0,1,0
533227484,94,3,5,12765.0115,2553.0023,3519.2941,844.35,0,1760,0,550,142.89,2100,1858,0,519.6,1470.8774,60000,12000,0,0,0,0,0
14845533,94,1,3,27344.3954,9114.79846666667,1134.8064,0,214,9500,186,4132.704,6971.3,1640,1572,0,1861.9,131.685,27054.59,9018.19666666666,0,0,0,0,0
57528183,94,3,3,90055.2947,30018.4315666667,15322.0947,0,0,1382,0,0,65375,2200,1180,0,2424.8,2171.4,64000,21333.3333333333,0,0,0,0,0
517268032,94,2,2,32570.9151,16285.45755,7886.9651,0,3500,3180,2708,2600,3961.95,2986,5100,0,0,648,39000,19500,0,0,0,0,0
50738919,94,1,3,30896.3344,10298.7781333333,8235.5734,2113.04,60,5046.4,3062.741,464,2598,1766,562.9,0,2129.7,4857.98,17541,5847,0,0,0,0,0
574775528,94,2,4,24455.6255,6113.906375,10506.0955,1234.05,2020,1674,1018,0,2691.285,2992.15,2102.7,0,0,217.345,31058.3333333333,7764.58333333333,0,0,0,0,0
324428006,94,2,2,61078.7536,30539.3768,3054.3387,0,2200,11630,3388.06,8940.4,21217.5249,3030,3938,0,3052.65,627.78,43166.6666666667,21583.3333333333,454.65,0,0,1,0
472664051,94,3,3,45243.1326,15081.0442,12965.7087,1728.536,8900,3341.2,474,0,3251.1,1990,4064,0,4824.15,3704.4379,65086.6666666667,21695.5555555556,4568.15,0,0,1,0
578073761,94,1,3,18859.5014,6286.50046666667,8331.2664,0,1350,1821.03,188.2,0,0,2139,490,0,3914.32,625.685,31324.5,10441.5,1359.62,0,0,1,0
501576520,94,1,1,19150.7456,19150.7456,1763.8255,844.35,2680,7000,179.04,2402.5601,1280,1399,730,0,0,871.97,33983.3333333333,33983.3333333333,0,0,0,0,0
692761304,94,2,4,51128.0036,12782.0009,13006.021,0,3450,2510,5746.4,7000,9342.7826,2500,1800,4200,800,772.8,140366.666666667,35091.6666666667,0,0,0,0,0
557949595,94,2,4,64513.6538,16128.41345,9040.8668,476.3,2858,11332,420.876,758.903,18598,1080,4200,7054,5683,3011.708,59413.3333333333,14853.3333333333,0,0,0,0,0
210840640,94,3,2,192556.8812,96278.4406,10919.5672,6615.807,38950,9172.5,1018.393,346.4,104920,2674.4,2522,0,7317.7,8100.114,210974.666666667,105487.333333333,9041.04,0,0,1,0
958793022,94,1,3,23593.6525,7864.55083333334,5796.3545,0,560,2528,1920,435.598,2121.7,1520,4562,3050,0,1100,71085.8333333333,23695.2777777778,0,0,0,0,0
153243243,94,1,3,13356.2972,4452.09906666667,8183.0072,0,380,1703.5,181.966,0,0,618,1215,0,346.4,728.424,7640,2546.66666666667,346.4,216.5,1,1,1
108022749,94,2,2,7893.0984,3946.5492,1024.3048,0,0,1405,0,3896.6536,0,1350,0,0,0,217.14,35500,17750,0,0,0,0,0
495192124,94,2,2,13580.5749,6790.28745,1742.9549,363.72,1160,1710,0,0,3335.9,2848,1820,0,0,600,43000,21500,0,0,0,0,0
589515349,94,2,1,42426.6884,42426.6884,14032.5774,1347.929,1700,11660,1526.8,0,1920,1380,3930,2200,0,2729.382,49666.6666666667,49666.6666666667,0,0,0,0,0
538119974,94,2,2,43945.4365,21972.71825,7316.5309,0,1800,4057,1967,11098,3673.9,5050,6000,0,1606.43,1376.5756,65938.33,32969.165,1212.4,0,0,1,0
647043532,94,1,2,52326.1055,26163.05275,4838.1255,0,14500,14500,7219,1876,2285.78,2100,2690,2000,173.2,144,71774.59,35887.295,0,0,0,0,0
283021911,94,1,1,33758.0445,33758.0445,11123.9865,623.52,0,659,695.831,0,1558.8,920,0,0,17753,423.907,11600,11600,16021,0,0,1,0
786653257,94,2,2,15151.16,7575.58,1039.2,0,0,1500,2087.8,880,4320,1665,2113,0,0,1546.16,12220,6110,0,1500,1,0,0
793612667,94,2,4,33595.75,8398.9375,4542.17,0,14630,1088,2288,2715.5,4340.67,1420,930,0,0,1641.41,19000,4750,0,0,0,0,0
440472630,94,2,3,18242.042,6080.68066666667,2976.442,0,0,2152,0,480,0,4500,2480,4584,0,1069.6,70518.6666666667,23506.2222222222,0,0,0,0,0
642838714,94,2,6,21124.7,3520.78333333333,303.1,1732,2000,2622,0,0,4530.4,4633,2100,0,3204.2,0,65127,10854.5,0,0,0,0,0
528867771,94,1,3,11065.4869,3688.49563333333,2489.8799,0,1250,1425,181.86,2035.677,945.05,1540,1140,0,0,58.02,32000,10666.6666666667,0,0,0,0,0
61756147,94,2,1,51190.44,51190.44,779.4,0,0,18300,0,8000,5228,1700,7800,0,8348.24,1034.8,74990.8,74990.8,8400.2,0,0,1,0
804570672,94,2,2,24090.423,12045.2115,3217.623,0,0,8930,155.26,503,5045,1290,3476,0,192,1281.54,23750,11875,0,0,0,0,0
460517649,94,1,2,18055.9206,9027.9603,4115.3186,140.292,0,2172.01,0,0,2641.3,360,400,0,8227,0,45166.6666666667,22583.3333333333,0,0,0,0,0
517090364,94,2,2,51322.87,25661.435,14977.47,0,8300,3150,0,3840.4,13478,3000,1750,0,576,2251,59333.3333333333,29666.6666666667,0,0,0,0,0
739883840,94,2,2,23783.3331,11891.66655,9872.7031,0,300,3344,386.49,2476,3897,640,2162.2,0,0,704.94,14000,7000,0,0,0,0,0
274668288,94,1,1,10620.46,10620.46,1151.78,0,0,6000,158,0,385.78,1063,0,0,1861.9,0,4816.66666666667,4816.66666666667,1861.9,0,0,1,0
279392687,94,2,3,64543.64,21514.5466666667,6300.15,0,5160,14800,256,10400,10180,2950,4389.55,6000,2684.6,1423.34,71000,23666.6666666667,0,0,0,0,0
752209015,94,1,5,43005.1109,8601.02218,8200.9767,0,4340,15499,152,1858.5,1299,3295,2785,0,5225.877,349.7572,114833.333333333,22966.6666666667,4914.55,0,0,1,0
452626893,94,2,4,29198.51,7299.6275,8408.86,995.9,240,1437.24,2903.9,4127.85,2165,2546.5,3200,0,1299,1874.26,56024,14006,0,0,0,0,0
847907373,94,1,10,44702.1821,4470.21821,10366.1499,259.8,6980,4855,7310.3319,0,285.78,2210,7070.5473,0,433,4931.573,33166.6666666667,3316.66666666667,0,0,0,0,0
178965820,94,2,4,15765.7564,3941.4391,268.46,0,1600,1078,0,1600,720.290000000001,2400,4239.3,0,3464,395.7064,78301.13,19575.2825,2987.7,0,0,1,0
869100529,94,2,3,27666.7,9222.23333333333,2987.7,0,1000,10300,1760,2000,4320,1300,3999,0,0,0,127000,42333.3333333333,0,0,0,0,0
178107960,94,1,3,11425.9568,3808.65226666667,859.505,0,3680,2602,0,10,295.75,1390,940,0,1600,48.7018,31416.6666666667,10472.2222222222,0,0,0,0,0
382040590,94,2,4,14836.35,3709.0875,3095.95,0,400,1790,720,0,0,1080,970,4560,0,2220.4,37333.3333333333,9333.33333333333,736.1,0,0,1,0
739608069,94,1,1,8187.2791,8187.2791,952.6,571.56,0,1595,768,2598.1191,0,702,1000,0,0,0,5133.33333333333,5133.33333333333,0,0,0,0,0
55334886,94,2,1,20557.82,20557.82,389.7,0,0,6500,28,900,5762.28,1450,4351,0,649.5,527.34,44033.3333333333,44033.3333333333,0,0,0,0,0
537997410,94,2,2,21148.4642,10574.2321,1991.8,216.5,4900,0,2080,3000,450,1820,4600,0,0,2090.1642,63420.3333333333,31710.1666666667,0,800,1,0,0
906404450,94,1,2,21605.9155,10802.95775,7089.7255,0,1940,3580,0,240,0,2000,1370,5000,0,386.19,31500,15750,0,0,0,0,0
777930762,94,2,4,27446.9923,6861.748075,8857.4913,0,1660,3300,1532.333,0,4620.11,1350,1590,3740,0,797.058,59546.3333333333,14886.5833333333,0,0,0,0,0
809487115,94,3,5,122907.3793,24581.47586,5414.0155,0,17320,31088,2628,2080,39907.1918,6670,2742,2200,433,12425.172,92366.6666666667,18473.3333333333,0,0,0,0,0
235194330,94,1,2,35924.2455,17962.12275,11838.2633,313.8817,2000,15000,500,148,0,1750,3550,0,0,824.1005,51700,25850,0,0,0,0,0
109569426,94,2,6,114131.8918,19021.9819666667,5497.1948,177.53,0,25892,11944,0,29771.6,4463.5,15374.545,13500,5400.74,2110.782,130250,21708.3333333333,0,0,0,0,0
202387474,94,3,5,60041.8305,12008.3661,13754.0285,511.373,4700,1800,3741.251,13000,0,2688.5,2111.4,14900,736.1,2099.178,20000,4000,736.1,0,0,1,0
669688319,94,3,8,56562.68,7070.335,7005.94,0,2500,2150,8396.32,6660,12735.3,3550,4203.8,3000,433,5928.32,81333.3333333333,10166.6666666667,0,0,0,0,0
922622341,94,3,2,47533.7738,23766.8869,5775.3107,1660.555,6495,2504,7824.451,0,1026,2761,11233,0,6538.3,1716.1571,107682.5,53841.25,4589.8,0,0,1,0
426563258,94,3,8,24576.942,3072.11775,1302.464,527.394,0,1837,3943.264,0,6382.075,1748,2410,1600,4091.85,734.895,27713.3333333333,3464.16666666667,4091.85,0,0,1,0
376656045,94,3,4,52389.2235,13097.305875,12010.3375,5360.973,6400,1252,761.238,2704.604,7141.064,3788.49,5274.85,0,3528.95,4166.717,77833.3333333333,19458.3333333333,0,0,0,0,0
811987915,94,3,3,75374.961,25124.987,16672.4918,0,1100,2180,3190.7942,7964.4,20263,2450,18492.12,0,0,3062.155,48500,16166.6666666667,0,0,0,0,0
40748440,94,2,4,14811.9979,3702.999475,5240.7289,0,0,1748,308.25,0,2251.6,1430,957,0,238.15,2638.269,36100,9025,0,0,0,0,0
19734064,94,2,2,63644.563,31822.2815,11103.2458,0,856,10360,350,3080,2160,2123.4,21133.36,0,4936.2,7542.3572,66750.6666666667,33375.3333333333,4936.2,0,0,1,0
902553665,94,1,1,12396.3,12396.3,43.3,0,0,5500,320,0,0,1433,0,2000,0,3100,13500,13500,0,0,0,0,0
963930414,94,1,2,8198.28,4099.14,4039.89,415.68,0,915,0,140,809.71,913,965,0,0,0,24900,12450,0,0,0,0,0
734719650,94,3,2,29975.87,14987.935,5490.44,584.55,0,6785,554.24,4580,3117.6,1700,1429.09,0,3767.1,1967.85,45333.3333333333,22666.6666666667,3767.1,0,0,1,0
959887066,94,2,4,59714.2763,14928.569075,13619.8418,0,0,4972.2,7044.487,686,1163.3897,3959,16758,8324,714.45,2472.9078,108635.166666667,27158.7916666667,714.45,0,0,1,0
352722168,94,3,2,183779.8667,91889.93335,16034.3797,0,6300,11150,18583.717,4799,52160,7786,14000,20000,6062,26904.77,506153.58,253076.79,0,0,0,0,0
415675615,94,2,4,46260.6955,11565.173875,15167.2106,346.4,1900,11599,397.0998,1443.919,2132,2031,1857.3,4952,1602.1,2832.6661,46022,11505.5,303.1,0,0,1,0
991114703,94,2,2,47506.7872,23753.3936,12184.7932,926.62,9800,12300,2994.264,1060,2294.91,1716,3920,0,0,310.2,69000,34500,0,0,0,0,0
622002676,94,2,3,59294.93,19764.9766666667,6997.28,584.55,3300,9000,0,7231,24525.6,900,350,0,4546.5,1860,105070,35023.3333333333,3247.5,0,0,1,0
722875626,94,3,3,30666.759,10222.253,7093.839,0,1900,2699,3385.22,0,5192.9,2250,2500,0,3680.5,1965.3,105827.666666667,35275.8888888889,1299,0,0,1,0
894941164,94,2,2,42967.1828,21483.5914,18013.0598,1987.47,0,2252,3094.12,467.64,6905.923,1350,4043.9,0,4200.1,652.97,46000,23000,0,0,0,0,0
97223419,94,2,1,11821.84,11821.84,2013.45,355.06,0,2980,935.28,0,2708.1,1015,1065,0,0,749.95,4416.66666666667,4416.66666666667,0,0,0,0,0
485962798,94,2,1,19193.3804,19193.3804,995.3804,0,350,7000,30,1500,1592.6,2500,1140,1300,2165,620.4,55333.3333333333,55333.3333333333,0,0,0,0,0
418493867,94,2,2,56352.4419,28176.22095,11203.5719,0,0,2900,2916.77,0,24318.742,2270,3800,4800,0,4143.358,86166.6666666667,43083.3333333333,0,0,0,0,0
247248404,94,2,1,14046.12,14046.12,476.3,1610.76,0,7625,0,780,640,700,400,0,1255.7,558.36,23800,23800,0,0,0,0,0
94645462,94,3,5,90907.294296,18181.4588592,5533.307,0,7982,4127.8664,1332.12,8997.71,9144.2,3056,11113.18,30328,710.12,8582.790896,91000,18200,0,269,1,0,0
258999415,94,2,5,35774.8827,7154.97654,19492.4909,519.6,0,4876,1244.583,1385.9818,5554.11,900,740,0,0,1062.117,36333.3333333333,7266.66666666667,0,0,0,0,1
661365735,94,1,5,24736.9412,4947.38824,4315.4512,177.53,2600,9467.9,2100,480,1103.86,1884.5,1785,0,822.7,0,17644.0733333333,3528.81466666667,0,0,0,0,0
514949995,94,2,5,21463.4961,4292.69922,4365.3761,532.59,2000,1917,686.6,1797.54,2551.59,3435,2380,0,649.5,1148.3,55446.8066666667,11089.3613333333,649.5,0,0,1,0
183402638,94,3,5,100756.191,20151.2382,16215.85,0,9950,2330,4152.868,8640,26518,4093,7306,7156,10041.27,4353.203,157222.666666667,31444.5333333333,7443.27,0,0,1,0
436470864,94,2,5,79570.5968,15914.11936,16160.9456,0,2300,3334,112.58,70,6359.04,7074.5,30580,7440,3355.75,2783.7812,111333.666666667,22266.7333333333,4957.85,0,0,1,0
780879883,94,2,2,24450.22,12225.11,1299,736.1,0,2150,1120,3000,9632,3255,1475,0,1299,484.12,61666.6666666667,30833.3333333333,1299,0,0,1,0
242439328,94,3,2,80601.4593,40300.72965,7327.5724,0,0,15780,6862.726,2985.5609,29840,3942,3170,2000,1299,7394.6,98333.3333333333,49166.6666666667,1299,3953.29,1,1,0
526516616,94,3,3,54237.9481,18079.3160333333,20083.7091,0,3700,5260,8456.034,0,5629,1822.5,2684.5,5468,0,1134.205,67450,22483.3333333333,0,0,0,0,0
749425760,94,1,1,28239.2979,28239.2979,8664.8929,0,0,11201.205,95.26,1700,943.94,1400,770,0,3464,0,25000,25000,866,0,0,1,0
880880166,94,3,6,120874.4677,20145.7446166667,19772.5553,0,12794.9,10045.5496,20947.0109,6790,9820.224,4906.59,7014.2,13080,9590.95,6112.4879,252756.666666667,42126.1111111111,9266.2,0,0,1,0
559224377,94,2,2,37718.4,18859.2,692.8,0,8000,11468,1024,0,7093.9,1445,3275,0,4719.7,0,44700.1666666667,22350.0833333333,1082.5,0,0,1,0
613735522,94,3,4,89607.8235,22401.955875,15921.3234,433,8250,6479,8495.395,7317.03,17737.67,3575,4334.9,4250,3974.94,8839.5651,81331.6666666667,20332.9166666667,2381.5,0,0,1,0
508917360,94,3,3,29505.582,9835.194,5522.482,606.2,2200,772,3808,600,7251.6,1590,6090,0,0,1065.3,44166.6666666667,14722.2222222222,0,0,0,0,0
857953236,94,2,3,29842.656,9947.552,1688.7,0,400,14648,2440,536,2805,2833,2229.42,1500,519.6,242.936,18000,6000,0,0,0,0,0
574538328,94,1,3,28177.8843,9392.6281,6952.7243,0,6800,3750,3552,0,441.66,1320,815,0,4546.5,0,35855.6666666667,11951.8888888889,1299,0,0,1,0
649538260,94,2,4,17325.34,4331.335,1723.34,216.5,0,9000,0,0,4330,680,0,0,0,1375.5,32421.06,8105.265,0,0,0,0,0
931750572,94,2,2,28147.9181,14073.95905,3450.2739,0,1700,11270,2080.394,70,2267.4,1520,1050,80,4330,329.8502,34966.6666666667,17483.3333333333,0,0,0,0,0
68253241,94,1,3,9234.2484,3078.0828,2223.3684,0,2000,1248.8,0,48,762.08,1500,1252,0,0,200,10208,3402.66666666667,0,0,0,0,0
550725875,94,2,3,30369.0182,10123.0060666667,1386.6392,216.5,1800,1470,1868,0,3634.05,2300,3339,0,9829.1,4525.729,89333.3333333333,29777.7777777778,4589.8,0,0,1,0
18473044,94,1,1,13069.61,13069.61,2433.46,0,0,1516,154.65,949.7,476.3,1980,1500,2400,1212.4,447.1,10800,10800,1212.4,0,0,1,0
659070313,94,2,1,27267.924,27267.924,5302.085,268.027,2000,2032,1329.4,70,6221,3950,3990,900,256,949.412,30446,30446,0,0,0,0,0
86926852,94,2,1,10600.4759,10600.4759,561.2979,216.5,450,2700,77.94,0,1346,428,2208,0,1948.5,664.238,6066.66666666667,6066.66666666667,0,0,0,0,0
227558557,94,2,1,36181.9652,36181.9652,8467.6181,0,2360,8200,3214.704,0,7794.4571,900,4134,0,822.7,288.486,31416.6666666667,31416.6666666667,0,1784,1,0,0
309790288,94,2,4,34991.744,8747.936,4130.82,0,4150,1100,60,10,5686.064,1800,1979.4,3000,6967.1,6108.36,75950,18987.5,0,0,0,0,0
222863065,94,2,2,13872.29,6936.145,3217.19,0,0,1850,519.6,0,4982.05,1600,700,0,0,1003.45,40981.6666666667,20490.8333333333,0,0,0,0,0
223807667,94,2,2,33469.4519,16734.72595,1359.187,0,160,3314,1402.3,0,24805.4449,1458,480,0,0,490.52,18759.3333333333,9379.66666666667,0,0,0,0,0
460921593,94,1,3,36104.3403,12034.7801,2842.1254,0,3000,1283,3780,112,6272.2649,2350,8522.8,0,4502.15,3440,19333.3333333333,6444.44444444444,454.65,0,0,1,0
565447445,94,2,3,38149.766,12716.5886666667,7494.5372,1558.4536,6420,1519.68,1125.9923,4889.8257,9651.57,3060.88,740,0,0,1688.8272,72000,24000,0,0,0,0,0
487720479,94,2,2,45990.5739,22995.28695,7268.1215,0,2500,14682,1804.993,0,5668.1,700,1925,0,129.9,11312.4594,53771.6633333333,26885.8316666667,129.9,0,0,1,0
222185305,94,3,6,32550.31,5425.05166666667,303.1,458.98,8000,3750,330,1770,7008.63,6133,2700,0,433,1663.6,98297.4833333333,16382.9138888889,0,0,0,0,0
146505450,94,2,2,63203.6155,31601.80775,26593.3012,4997.253,3300,8260,2772.2,3605.2013,7430.4,4120,1460,0,0,665.26,53000,26500,0,0,0,0,0
401007602,94,1,4,34315.7712,8578.9428,8381.3212,692.8,7500,8176.36,1081.84,0,1056.52,550,1080,0,4936.2,860.73,48500,12125,4936.2,0,0,1,0
605524021,94,3,3,34920.6039,11640.2013,1263.1909,0,3500,1152,170,500,14419,2200,2400,7040,649.5,1626.913,72466.6666666667,24155.5555555556,0,0,0,0,0
84707473,94,3,5,75341.9867,15068.39734,6766.0147,0,0,1434,2358.551,5000,37306.4,2133,2700,14800,433,2411.021,98000,19600,0,0,0,0,0
642117884,94,1,1,27895.4797,27895.4797,2455.9327,0,0,11316,7160.92,0,48,1810,3750,0,0,1354.627,54045.6666666667,54045.6666666667,0,0,0,0,0
191310399,94,2,3,58809.7996,19603.2665333333,13656.82,2658.62,8961,10200,404,194.85,6904,2126,9347.18,0,3550.6,806.7296,28133.3333333333,9377.77777777778,0,0,0,0,0
791670145,94,2,3,24043.0702,8014.35673333333,5052.8502,0,5130,7675.75,552,0,2980.89,516,447,0,32,1656.58,26500,8833.33333333333,0,0,0,0,0
923075968,94,2,2,18970.0236,9485.0118,692.8,0,1420,10200,508.8,463.31,817,596,2420.8,0,562.9,1288.4136,47708.6666666667,23854.3333333333,909.3,406.4136,1,1,0
630409001,94,1,4,20865.01,5216.2525,2814.5,0,800,1200,420,900.64,4000.92,2490,5683.25,0,866,1689.7,48474.3333333333,12118.5833333333,0,0,0,0,0
385760799,94,2,1,36833.9552,36833.9552,3237.7142,1493.85,4550,6399.5,60.9,872.74,4226.5,966,11904,0,1515.5,1607.251,49987,49987,0,86.6,1,0,0
480327377,94,2,7,28203.643,4029.09185714286,3693.49,0,11550,1406,1476.8,767.2,3264.405,1986.5,1498.5,0,86.6,2474.148,51500,7357.14285714286,0,0,0,0,0
977424952,94,2,4,25182.4241,6295.606025,9448.1033,0,0,1063,156.837,0,2165,2620,5709.64,0,1424.57,2595.2738,27766.6666666667,6941.66666666667,1424.57,0,0,1,0
812598127,94,2,4,29631.9168,7407.9792,8493.9878,779.4,1300,10000,553.702,140,1387.2,2120,936,0,866,3055.627,51993.3333333333,12998.3333333333,0,0,0,0,0
580874951,94,2,4,20798.376,5199.594,1700.824,775.07,0,785,1712.355,3800,4401.012,3890,225,0,389.7,3119.415,82592.3333333333,20648.0833333333,0,0,0,0,0
687642775,94,2,4,58736.0613,14684.015325,13151.5956,1017.55,5060,1634.77,2632.427,6947.7895,9327.3,3125.89,13943,0,0,1895.7392,27172.5,6793.125,0,0,0,0,0
379941356,94,2,4,59585.6504,14896.4126,16083.6118,882.454,15900,1610,720.42,763.0326,10528.95,2740,5642.17,160,1039.2,3515.812,47975.8333333333,11993.9583333333,2641.3,0,0,1,0
393811500,94,2,8,72709.58,9088.6975,12033.07,1437.56,5500,1541,0,2088,29700.25,4790,14090,0,909.3,620.4,81266.6666666667,10158.3333333333,0,0,0,0,0
874511636,94,2,3,20753.866,6917.95533333333,14152.172,0,0,1589,0,630,0,2180,800,0,705.79,696.904,67360,22453.3333333333,0,0,0,0,1
22095455,94,2,2,18919.5983,9459.79915,441.1837,194.85,2000,1220,160.21,0,10278.5746,2600,850,0,757.75,417.03,44000,22000,757.75,0,0,1,0
888445633,94,2,2,40354.0766,20177.0383,5510.358,0,6400,1280,2654.917,16153.9256,0,1400,3000,0,2684.6,1270.276,62500,31250,0,0,0,0,0
988263585,94,3,4,81232.484,20308.121,13111.3699,515.27,15465,4903.935,6187.978,6296.82,18078.6,1940.37,1630.5,791.2,5026.5,7284.9411,164692,41173,3507.3,0,0,1,0
59883863,94,2,2,29106.5877,14553.29385,11919.191,0,4530,1834,721.811,816,5256.0837,1855,495,0,0,1679.502,56166.6666666667,28083.3333333333,0,0,0,0,0
96108584,94,2,3,26101.3564,8700.45213333333,8651.1668,1294.67,1000,7582,186.9956,0,2693,1000,2268,0,0,1425.524,20600,6866.66666666667,0,0,0,0,0
653979023,94,3,2,20423.056,10211.528,3615.55,0,0,2200,509.8,2590,5733.366,2200,1600,0,1212.4,761.94,52440,26220,1212.4,0,0,1,0
315077186,94,2,2,12586.7302,6293.3651,2909.5002,744.76,0,919,1337.97,0,5069.56,985,315,0,0,305.94,18500,9250,0,0,0,0,0
129402234,94,3,4,34648.0682,8662.01705,5961.7605,0,5200,3591.28,384.4308,2600,5239.3,3365,4449.5,1.5588,3142.95,712.2881,123641.333333333,30910.3333333333,2143.35,0,0,1,0
957154479,94,1,5,37033.9697,7406.79394,1566.1177,0,0,1600,374.112,0,27069.74,3600,2444,0,0,380,47433.3333333333,9486.66666666667,0,0,0,0,0
982532270,94,2,4,48512.636,12128.159,653.83,0,2600,9580,10344.134,0,17256.1,1900,3720,0,0,2458.572,77750,19437.5,0,0,0,0,0
795644221,94,2,3,113399.7429,37799.9143,33246.0431,9108.155,1278,1125.51,1839.767,359.39,46104.6,1939.89,4745,1270,10642.35,1741.0378,79158.6666666667,26386.2222222222,10370.35,0,0,1,0
388136468,94,1,4,15160.12,3790.03,4000.92,194.85,3010,5888,0,0,1082.5,260,501,0,0,222.85,15831,3957.75,0,0,0,0,0
516113851,94,3,4,48308.5668,12077.1417,13929.61,3663.18,900,4254,0,2217.6853,4780.792,5120,4352,0,6014.5,3076.7995,53333.3333333333,13333.3333333333,866,0,0,1,0
67452169,94,2,3,6136.4375,2045.47916666667,1168.0175,216.5,0,1256,0,0,147.22,800,1463,0,0,1085.7,45033.3333333333,15011.1111111111,0,0,0,0,0
105588844,94,1,2,14708.9199,7354.45995,4031.3599,0,900,400,6500,0,1437.56,1440,0,0,0,0,22650,11325,0,0,0,0,0
271209269,94,2,2,86918.0292,43459.0146,9416.1912,0,9200,2092.47,5537.82,15042.8,13088.5,7586.31,8013.2,4500,8873.05,3567.688,98166.6666666667,49083.3333333333,3399.05,0,0,1,0
200482607,94,2,4,64055.1486,16013.78715,7039.6274,1569.3652,15350,16860,3280.276,640,13763,1000,1400,0,2121.7,1031.18,17000,4250,2035.1,0,0,1,0
783631981,94,1,4,46510.0397,11627.509925,5741.5367,3645.86,5240,3944,229.28,288,11765,2030,2179.183,4610,6748.5,88.68,38289,9572.25,0,0,0,0,0
37138480,94,2,3,28930.0483,9643.34943333333,2908.5043,1286.876,0,2574,1080,0,13616,1060,1100,0,4589.8,714.868,60179.6666666667,20059.8888888889,4892.9,0,0,1,0
996240613,94,2,5,42402.7967,8480.55934,3934.1947,1212.4,10428,3479.5,1886,0,9575.57,2300,4840,0,2489.75,2257.382,63666.6666666667,12733.3333333333,1450.55,0,0,1,0
6827395,94,2,3,11775.6687,3925.2229,4862.9797,692.8,989,1353.416,0,1320,1299,300,94,0,240,624.473,49333.3333333333,16444.4444444444,0,0,0,0,0
362287536,94,2,2,48274.79,24137.395,1273.02,974.25,0,18100,4428,0,9392,1670,6560,250,4849.6,777.92,51166.6666666667,25583.3333333333,0,0,0,0,0
135056271,94,3,2,119332.8358,59666.4179,12052.9447,3585.24,8000,22500,4127.854,13477.5231,16136,2313,5200,4600,13840.04,13500.234,153500,76750,1082.5,0,0,1,0
116964938,94,2,6,66904.972,11150.8286666667,8340.879,1363.95,5000,960,1313.496,1403.487,35853.7,4587,2025,0,2216.96,3840.5,55685,9280.83333333333,346.4,0,0,1,0
312512303,94,1,1,19734.2023,19734.2023,3789.3995,0,0,1198.5,229.64,10613.6328,1558.8,1270,896.7,0,0,177.53,18934.5,18934.5,0,0,0,0,0
369053247,94,1,5,19795.6049,3959.12098,2560.0259,730.904,3680,1337,3601.55,0,2435.625,1100,2025,0,1515.5,810,31000,6200,0,0,0,0,0
810610070,94,2,1,18829.02,18829.02,2554.7,1472.2,5600,1010,70,0,3747.8,480,800,0,2598,496.32,30000,30000,0,496.32,1,0,0
113152101,94,2,4,23519.4861,5879.871525,6558.9541,433,4095,1775,227.56,0,2473.61,1430,4340,0,48,2138.362,34512.6666666667,8628.16666666667,0,0,0,0,0
399655914,94,3,2,8806.36,4403.18,303.1,0,200,1370,0,0,4630,1200,700,0,0,403.26,29000,14500,0,0,0,0,0
997389487,94,1,3,14319.7647,4773.2549,5111.9547,0,2500,2165,2200,0,679.81,1063,600,0,0,0,22700,7566.66666666667,0,0,0,0,0
755551321,94,1,5,5772.1,1154.42,1515.5,0,0,2537,0,0,519.6,0,1200,0,0,0,34904.54,6980.908,0,0,0,0,0
801238720,94,2,3,64103.5792,21367.8597333333,3785.4592,0,3330,960,9000,1354,4130,5260,8598,19500,8000,186.12,43333.3333333333,14444.4444444444,0,0,0,0,0
153953860,94,2,1,27394.252,27394.252,7530.303,1606.43,0,1294,350.604,0,3618,1082,2728,0,4546.5,4638.415,33500,33500,3983.6,0,0,1,0
300237576,94,3,4,169214.74,42303.685,887.65,0,28645,4850,26185,15250,17793.7,5880,46479.16,4700,16815.75,1728.48,60166.6666666667,15041.6666666667,2143.35,0,0,1,0
557550757,94,1,3,50074.61,16691.5366666667,3342.76,3875.35,16850,12067,2200,180,0,1300,9610,0,649.5,0,53983.3333333333,17994.4444444444,0,0,0,0,0
66115957,94,1,1,9743.5938,9743.5938,2299.9228,0,0,1621,63.651,0,1242.42,749.5,0,0,2727.9,1039.2,46333.3333333333,46333.3333333333,0,0,0,0,0
591563083,94,2,4,32731.8428,8182.9607,1169.1,0,1800,6116.5,4292,800,7504.64,3272,3352,0,1883.55,2542.0528,82500,20625,1190.75,0,0,1,0
177412801,94,2,1,20710.4332,20710.4332,3192.2492,142.024,0,1770,0,0,2641.3,500,1600,2000,8616.7,248.16,11333.3333333333,11333.3333333333,389.7,0,0,1,0
737391638,94,2,3,18136.464,6045.488,2035.1,0,2080,1424,519.6,1224.75,2333.87,1300,1550,5300,0,369.144,41933.3333333333,13977.7777777778,0,0,0,0,0
681892761,94,1,3,29101.6528,9700.55093333333,9909.8978,0,0,12570,1113.597,0,2368,1100,1063.31,0,0,976.848,39850.3333333333,13283.4444444444,0,0,0,0,0
660911024,94,3,1,13062.5638,13062.5638,242.48,0,60,4471.49,0,2150,270.1088,2265.97,1095,0,736.1,1771.415,63789,63789,736.1,0,0,1,0
124229628,94,2,5,27475.5256,5495.10512,12018.4346,2242.507,600,1999,0,0,4501.89,1669,2194.6,0,433,1817.094,54666.6666666667,10933.3333333333,0,560,1,0,0
458726997,94,3,2,29600.1689,14800.08445,1945.469,0,1300,1873,659.8,15720.1899,1299,2718,1368.96,0,2338.2,377.55,58133.3333333333,29066.6666666667,1212.4,0,0,1,0
545712653,94,1,3,44521.11,14840.37,14701.9521,0,3940,6969,7768.754,6638.8859,0,1000,2206.4,0,497.95,798.168,92250,30750,497.95,0,0,1,0
