id,provincia,propauto,cantmiem,gastot,gastotpc,gc_01,gc_02,gc_03,gc_04,gc_05,gc_06,gc_07,gc_08,gc_09,gc_10,gc_11,gc_12,ingtoth,ingpch,tn_restaurant,tn_internet,cat_gastos_internet,cat_gastos_restaurant,cat_gc_01
890592990,42,2,10,18147.92,1814.792,6746.14,0,0,1870,0,671.15,7809,250,600,0,0,201.63,22200,2220,0,0,0,0,0
610103002,42,2,2,31675.534,15837.767,3481.32,424.34,2060,684,653.83,512,16670.5,920,4740,0,0,1529.544,48500,24250,0,0,0,0,0
594191993,42,1,1,16599.79,16599.79,532.59,649.5,1050,6565.5,150,0,0,1683,400,0,5369.2,200,15333.3333333333,15333.3333333333,5369.2,0,0,1,0
749803676,42,2,2,28804.1276,14402.0638,4671.0741,235.7685,700,1895,1290.32,0,9864,1388,2320,0,4262.95,2177.015,32483.3333333333,16241.6666666667,2662.95,0,0,1,0
145741071,42,3,5,25311.17,5062.234,56.29,0,1350,16618,0,600,4330,520,270,0,952.6,614.28,26105.6666666667,5221.13333333333,0,0,0,0,0
796802797,42,1,1,8910.07,8910.07,632.18,0,1570,3294,277.95,64,480,749.5,843.2,0,281.45,717.79,6545.5,6545.5,0,0,0,0,0
951254587,42,2,6,41737.3167,6956.21945,684.14,2121.7,20200,2274,385.3267,4892.9,4330,2720,1359.8,0,0,2769.45,56800,9466.66666666667,0,0,0,0,0
48787179,42,1,1,7011.01,7011.01,2299.23,554.24,0,1543.79,192,33.6,0,1050,1100,0,0,238.15,26316.6666666667,26316.6666666667,0,0,0,0,0
89195343,42,2,2,28001.1974,14000.5987,3071.7886,0,3300,11632,0,3542.8588,230.4,1625,1675,1500,1424.15,0,65666.6666666667,32833.3333333333,0,51.2,1,0,0
416732296,42,2,3,25461.63,8487.21,2788.52,194.85,3100,5395.84,319.26,0,9352.8,1100,550,0,1796.95,863.41,7750,2583.33333333333,1125.8,0,0,1,0
739298801,42,1,3,5724.0728,1908.02426666667,2740.89,1039.2,0,600,207.51,0,108.9428,250,600,0,0,177.53,3615,1205,0,0,0,0,0
399877316,42,2,1,5729.59,5729.59,1272.587,0,270,1200,126.003,0,2036,275,550,0,0,0,12500,12500,0,0,0,0,0
40368523,42,1,4,25196.7,6299.175,9235.89,0,3812,9178.52,200.58,0,0,0,1960,0,0,809.71,21700,5425,0,0,0,0,0
186258622,42,1,1,24343.4115,24343.4115,1922.52,1169.1,1000,4573,1600,480,1114.2,1155,11304,0,0,25.5915,20500,20500,0,0,0,0,0
620466110,42,2,1,5931.315,5931.315,1288.175,952.6,0,670,164.54,1160,0,1288,408,0,0,0,7982.31,7982.31,0,0,0,0,0
344347704,42,3,3,24192.668,8064.22266666666,7798.33,0,3000,950,960,2291,5196,2010,1045.208,0,0,942.13,27016.6666666667,9005.55555555555,0,0,0,0,0
786620354,42,2,5,9842.07,1968.414,4533.51,0,350,1922,112.58,0,2165,0,300,0,0,458.98,20259.69,4051.938,0,0,0,0,0
579325482,42,1,3,9504.3375,3168.1125,2342.53,5585.7,0,1081,0,0,63.8675,270,161.24,0,0,0,19134.66,6378.22,0,0,0,0,0
629934957,42,2,3,38813.628,12937.876,9647.24,671.15,1860,5525,5408.86,1525.8,7910,1380,1008.25,500,476.3,2901.028,45833.3333333333,15277.7777777778,0,0,0,0,0
83967782,42,1,1,3555.76,3555.76,974.25,0,0,831.51,0,0,0,250,1500,0,0,0,5701.66666666667,5701.66666666667,0,0,0,0,0
808135701,42,1,1,15336.186600000001,15336.186600000001,3086.2941,0,1150,6199,74.6925,0,672,750,200,0,3204.2,0,18000,18000,1732,0,0,1,0
749348153,42,2,2,25957.46,12978.73,6754.8,1515.5,3500,2550,0,1150,5330,760,2850,0,1299,248.16,58331.58,29165.79,1299,0,0,1,0
297305857,42,2,3,25236.86,8412.28666666667,7768.02,692.8,1270,3080,338.15,230,7685.75,610,1180,0,2165,217.14,31680.1666666667,10560.0555555556,1905.2,0,0,1,0
761493491,42,2,4,12120.6596,3030.1649,5315.6812,0,0,1004.5,84.3484,0,2565,990,1110,0,649.5,401.63,42251.6666666667,10562.9166666667,0,0,0,0,0
702228821,42,1,1,3016.355,3016.355,1088.995,0,0,413.26,0,600,0,94.5,300,0,519.6,0,8666.66666666667,8666.66666666667,519.6,0,0,1,0
174058162,42,1,1,9115.2,9115.2,3853.7,0,1000,2412,0,300,0,416.5,700,0,0,433,10000,10000,0,0,0,0,0
814296335,42,2,4,7203.6256,1800.9064,125.57,0,1450,1100,0,0,473.3556,900,600,0,2554.7,0,24396.8366666667,6099.20916666667,0,0,0,0,0
593385070,42,1,8,29199.6612,3649.95765,10534.89,4325.67,500,1608,138.56,0,7867.2512,585,2135.5,0,0,1504.79,29885.7966666667,3735.72458333333,0,0,0,0,0
791443861,42,2,1,1364.474,1364.474,856.474,0,0,508,0,0,0,0,0,0,0,0,4500,4500,0,0,0,0,1
355737452,42,2,4,11205.68,2801.42,1281.68,0,0,1918,600,0,6498,308,450,0,0,150,18164.69,4541.1725,0,0,0,0,0
9642993,42,2,2,10035.622,5017.811,1714.247,0,1400,1371,0,0,3747.935,833,675,0,0,294.44,22898.5,11449.25,0,0,0,0,0
561862696,42,2,3,7988.802,2662.934,1879.22,0,760,1506,0,0,2165,470,0,0,606.2,602.382,18300,6100,0,0,0,0,0
961716092,42,2,1,43666.05,43666.05,1732,515.27,11400,19850,3274.66,0,4330,2150,28,0,0,386.12,49416.6666666667,49416.6666666667,0,28,1,0,0
290183066,42,2,1,26981.6416,26981.6416,5146.2916,1363.95,0,955,3315,4815.55,7361,2100,900.52,0,822.7,201.63,34054.23,34054.23,562.9,0,0,1,0
822663130,42,1,2,27146.1647,13573.08235,2680.27,0,0,4020,112,856,17271,887,1165.58,0,108.25,46.0647,37616.6666666667,18808.3333333333,108.25,0,0,1,0
292706730,42,1,4,17216.995,4304.24875,8930.625,0,0,816.5,2088.87,0,0,1732,2350,0,1299,0,36700,9175,1299,0,0,1,1
609930072,42,2,2,7509.83,3754.915,4299.69,0,0,1363,200,0,0,998,432,0,0,217.14,20166.6666666667,10083.3333333333,0,0,0,0,1
891281387,42,2,1,9155.4005,9155.4005,3593.9,606.2,0,1200,570.9105,60,2165,0,600,0,0,359.39,29833.3333333333,29833.3333333333,0,0,0,0,0
941134108,42,1,5,3220.51,644.102,1212.4,290.11,0,1080,40,0,0,260,338,0,0,0,13108.6833333333,2621.73666666667,0,0,0,0,0
141849202,42,2,1,53575.93,53575.93,801.05,1039.2,5000,2845,3700,0,33186,1130,1280,0,3810.4,784.28,41066.6666666667,41066.6666666667,3031,0,0,1,0
632657360,42,2,2,20060.0503,10030.02515,4973.6545,775.07,505,2127,3300,5108.534,200,720,1170,0,0,1180.7918,54316.6666666667,27158.3333333333,0,0,0,0,0
355465727,42,1,4,25189.552,6297.388,10530.3435,0,6480,1472.37,1404.7385,280,0,1554,1866,0,1602.1,0,27417.56,6854.39,736.1,0,0,1,0
380242122,42,1,1,4729.7515,4729.7515,1648.2145,0,0,1160,0,100.023,433,550,467,0,0,371.514,10267,10267,0,0,0,0,0
323194531,42,1,2,15854.564,7927.282,749.09,0,2150,7422,353.45,0,480,600,3930,0,0,170.024,30133.3333333333,15066.6666666667,0,0,0,0,0
628438054,42,1,2,10754.6541,5377.32705,3938.0051,238.15,0,3673.76,494.053,1480,80,0,600,0,0,250.686,19500,9750,0,0,0,0,0
60254857,42,2,4,25536.2924,6384.0731,3803.1256,164.54,6263,3222,4801.765,452,1880,2220,752.8,0,346.4,1630.6618,33620.8333333333,8405.20833333333,0,0,0,0,0
733417048,42,2,2,18506.6061,9253.30305,6718.7311,519.6,2500,2130.695,0,1579.36,2385.83,529.25,2143.14,0,0,0,31548.3333333333,15774.1666666667,0,0,0,0,0
410964298,42,1,1,14366.75,14366.75,5784.88,1299,1280,1149.32,227.22,136,0,1010.43,752,0,2727.9,0,57000,57000,2727.9,0,0,1,0
878753399,42,1,2,9063.49,4531.745,5061.77,225.16,400,791.16,549.4,0,0,570,1256,0,0,210,5500,2750,0,0,0,0,1
345506163,42,1,1,5586.626,5586.626,1698.226,0,0,219,224,0,0,0,1500,0,1645.4,300,4817.17,4817.17,1645.4,0,0,1,0
317757707,42,2,2,26753.9092,13376.9546,1642.1092,2100.05,5850,1878.5,240,50,5516,586,7613.9,0,1277.35,0,45465.6666666667,22732.8333333333,0,0,0,0,0
494226053,42,2,3,20625.189,6875.063,2422.635,0,0,7831.99,1104,250,4424,1563,804.75,0,0,2224.814,44330,14776.6666666667,0,0,0,0,0
894736996,42,1,1,3298.94,3298.94,943.94,0,870,730,0,0,0,125,480,0,0,150,18400,18400,0,0,0,0,0
560583156,42,3,3,31512.425,10504.1416666667,6644.385,0,2700,9547,800,0,7923.9,1600,1280,0,0,1017.14,42916.6666666667,14305.5555555556,0,0,0,0,0
437606604,42,2,2,28030.453,14015.2265,5129.751,342.07,0,8700,513.971,0,2511.4,680,600,0,2944.4,6608.861,15655.5,7827.75,2944.4,0,0,1,0
880696680,42,3,2,29528.5384,14764.2692,8143.7774,0,300,3688,760.419,200,11703.55,950,1305,0,0,2477.792,26500,13250,0,0,0,0,0
864567935,42,2,2,60512.4256,30256.2128,9222.5536,166.272,7000,2324,1554.8,0,29600,540,3220,0,6754.8,130,7333.33333333333,3666.66666666667,6629.23,0,0,1,0
115011156,42,1,1,14283.23,14283.23,2732.23,0,1990,1943,0,6170.25,0,360,1087.75,0,0,0,24750,24750,0,0,0,0,0
64802060,42,1,4,8120.47000000001,2030.1175,2680.27,878.99,2250,739.61,575,0,560,120,230,0,86.6,0,10600,2650,0,0,0,0,0
180160838,42,2,3,24630.93,8210.31,4000.92,1835.92,4900,1075,80,6972,2803,450,1916.5,16,0,581.59,21100,7033.33333333333,0,0,0,0,0
821289111,42,1,4,11434.723,2858.68075,4456.003,0,0,1320,0,0,796.72,428,4434,0,0,0,14890,3722.5,0,0,0,0,0
884640698,42,2,4,29671.5107,7417.877675,8312.3876,1078.17,3770,4141,715.9595,2028.9,1299,1100,3951.1,0,960,2314.9936,61500,15375,0,0,0,0,0
727383187,42,2,1,40855.6511,40855.6511,4325.9731,0,2100,1035,558.2,570,23400,2060,4690,0,1645.4,471.078,15295.4766666667,15295.4766666667,1645.4,0,0,1,0
652884500,42,1,1,6260.666,6260.666,2208.3,0,0,1314,300,0,136,850,1050,0,0,402.366,2588.33333333333,2588.33333333333,0,0,0,0,0
254304235,42,1,1,28101.4,28101.4,1684.37,0,470,5976.5,1093,3579.4,7858,727.23,1387,0,3897,1428.9,12000,12000,649.5,0,0,1,0
100978164,42,3,4,62403.4543,15600.863575,10784.7743,0,3900,6007.4,7328,11400,4800,1930,8899.6,6600,0,753.68,55000,13750,0,0,0,0,0
306484442,42,2,4,17760.1656,4440.0414,7094.3586,0,1300,2333,0,0,1615.8,1066.5,1430.9,900,0,2019.607,23619,5904.75,0,0,0,0,0
34193939,42,2,2,8766.876,4383.438,2209.166,0,0,2633.5,216.5,0,2165,451,770,0,0,321.71,11666.6666666667,5833.33333333333,0,0,0,0,0
479285194,42,2,3,9764.79,3254.93,3736.79,0,0,1050,0,0,1732,1076,890,0,1280,0,32433.3333333333,10811.1111111111,0,0,0,0,0
420483733,42,2,2,11816.14,5908.07,5758.9,0,0,1832.72,173.2,920,2165,260.2,320,0,0,386.12,17500,8750,0,0,0,0,0
356659113,42,2,3,28207.6021,9402.53403333334,6002.9821,2186.65,2780,1010.5,0,5060,6840.02,172,887,0,2403.15,865.3,38152,12717.3333333333,1147.45,0,0,1,0
10775071,42,3,7,48354.07,6907.72428571428,12647.93,5758.9,4730,7702.07,3041.66,1000,11563,738.6,71.4,800,0,300.51,36332.31,5190.33,0,0,0,0,0
421093559,42,1,2,11330.202,5665.101,408.6654,614.427,836,6141,36.8,0,779.4,450,2018,0,0,45.9096,11000,5500,0,0,0,0,0
238019633,42,2,3,26395.562,8798.52066666667,8343.91,0,4350,3331,378.972,288,4078,960,1499.6,1000,608,1558.08,39183.3333333333,13061.1111111111,0,0,0,0,0
322873712,42,1,2,10311.394,5155.697,3031.866,0,0,1710.75,176,304,1089.8,1690,498,0,0,1810.978,16210,8105,0,0,0,0,0
277240673,42,1,3,17884.097,5961.36566666667,3900.897,0,10230,2980,173.2,0,200,400,0,0,0,0,6000,2000,0,0,0,0,0
129261933,42,2,4,19384.62,4846.155,3732.46,0,380,2119,560.58,1538.28,1602.1,2470,5366.45,680,0,935.75,29942,7485.5,0,2000,1,0,0
698550876,42,2,3,13658.32,4552.77333333333,1125.8,0,0,1315,0,1300,2338.2,680,2695.8,0,3377.4,826.12,32000,10666.6666666667,3377.4,0,0,1,0
732245067,42,3,3,15578.55,5192.85,519.6,0,4000,978,464,270,3398,495,3805,0,1493.85,155.1,67033.3333333333,22344.4444444444,0,3000,1,0,0
539831164,42,2,4,12042.7,3010.675,3507.3,0,800,3167,240,2129.4,1299,275,625,0,0,0,16133.3333333333,4033.33333333333,216.5,0,0,1,0
119443322,42,2,4,21504.864,5376.216,6481.144,0,190,1506.5,0,0,10696,1330,960,0,0,341.22,36866.6666666667,9216.66666666667,0,0,0,0,0
517807628,42,2,4,37072.23,9268.0575,6642.22,1108.48,600,11337,8238.8,0,2857.8,2600,600,0,2208.3,879.63,15200,3800,0,0,0,0,0
637187028,42,2,3,33144.5928,11048.1976,7106.2228,0,1000,2218.88,1500,1600,8616,1200,7268.05,0,2381.5,253.94,58500,19500,0,0,0,0,0
229457741,42,2,4,29733.73,7433.4325,5412.5,0,5630,1772,2656,999.6,6982,1600,4480,0,0,201.63,21383.3333333333,5345.83333333333,0,0,0,0,0
139239778,42,2,1,36067.9814,36067.9814,12063.0769,2121.7,300,5332,4380.3905,649.5,6130,925,1986.8,0,238.15,1941.364,44800,44800,0,0,0,0,0
602489547,42,2,7,37816.1392,5402.3056,3299.0703,2872.7385,1150,6914.19,7126.09,1664.54,6449,2530,1048.05,0,779.4,3983.0604,33785.8333333333,4826.54761904762,0,0,0,0,0
203348406,42,1,1,8094.3554,8094.3554,3099.847,350.73,900,1665,390,0,326.8284,138.05,292.95,0,930.95,0,6007.43,6007.43,930.95,0,0,1,0
306404810,42,2,4,18570.03,4642.5075,7625.13,4546.5,900,1150,0,0,2035.1,1430,190,0,0,693.3,27666.6666666667,6916.66666666667,0,0,0,0,0
735714816,42,1,3,40061.435,13353.8116666667,6066.33,493.62,2000,25040,0,839.7,1801.335,1109,1107.5,240,1363.95,0,108265.643333333,36088.5477777778,259.8,0,0,1,0
922935863,42,2,5,13850.05,2770.01,3751.8584,0,1605,2321.5,380.607,0,0,0,3189.84,0,0,2601.2446,16631.6666666667,3326.33333333333,0,0,0,0,0
683876250,42,2,2,11664.207,5832.1035,1982.707,0,0,1241.5,0,0,6495,1355,590,0,0,0,19500,9750,0,0,0,0,0
545325302,42,1,1,12368.4651,12368.4651,6559.1706,0,2070,1090.5,1075.2,72.0945,0,636.5,585,0,0,280,21328.3333333333,21328.3333333333,0,0,0,0,1
116130753,42,2,8,17484.9087,2185.6135875,6096.207,0,0,5478,127.735,0,2381.5,649.5,600,0,0,2151.9667,21358.3333333333,2669.79166666667,0,0,0,0,0
796394767,42,1,5,19021.172,3804.2344,13584.942,0,1150,1053.58,485.31,1700,0,225.16,623,0,0,199.18,30852,6170.4,0,0,0,0,1
7987902,42,3,4,66051.3104,16512.8276,5455.2804,0,7450,7451.91,13924.97,2585.8,13907,2000,8200,700,2576.35,1800,115833.333333333,28958.3333333333,3095.95,1200,1,1,0
800809734,42,2,3,22488.4,7496.13333333333,6139.94,0,0,10839.81,0,2200,880,1598.65,830,0,0,0,35166.6666666667,11722.2222222222,0,0,0,0,0
267637394,42,2,6,12871.7984,2145.29973333333,8484.5484,0,1600,1196,316.5,0,0,350,450,0,0,474.75,28933.3333333333,4822.22222222222,0,0,0,0,1
869211746,42,1,2,23564.228,11782.114,3618.148,1039.2,3700,5555,0,0,995.9,3504,0,2300,2727.9,124.08,15166.6666666667,7583.33333333333,0,0,0,0,0
185980888,42,1,1,20296.43,20296.43,1303.33,0,1100,10280,0,1460,691.2,2800,800,0,1861.9,0,18000,18000,1861.9,0,0,1,0
261714810,42,1,2,18234.031,9117.0155,9393.93499999999,0,0,3130.29,1582.276,3200,0,0,750,0,0,177.53,16288.3333333333,8144.16666666667,0,0,0,0,1
857054146,42,1,6,30772.1763,5128.69605,10652.7093,246.81,600,4038,0,0,272.357,2546,1610,732,8919.8,1154.5,32833.3333333333,5472.22222222222,4806.3,0,0,1,0
373670171,42,2,3,51248.9173,17082.9724333333,9569.6897,948.27,1480,9696.4,4091.3,4342.7,7939.6,230,5474.68,3500,1983.5,1992.7776,35000,11666.6666666667,1428.9,240,1,1,0
915527083,42,2,5,27532.59,5506.518,2351.19,0,2500,1550,1664,50,5892.5,2030,4027.2,0,6451.7,1016,36430,7286,0,0,0,0,0
435840772,42,2,2,16697.855,8348.9275,5196,194.85,250,1383.08,693.21,680,4330,2165.935,1804.78,0,0,0,31786.6666666667,15893.3333333333,0,0,0,0,0
98985126,42,2,2,29771.8734,14885.9367,2422.9814,0,530,1930,557.85,10263,8716,1520,2340,0,384,1108.042,62988,31494,0,940.042,1,0,0
139663685,42,2,4,39130.83,9782.7075,10682.11,1407.25,3700,2070.5,744.76,3600,4330,768.5,1061.5,7100,1125.8,2540.41,16391.6666666667,4097.91666666667,1125.8,0,0,1,0
539971823,42,2,1,11689.223,11689.223,2112.607,649.5,1710,3277,85.734,0,2598,433,490,0,0,333.382,14000,14000,0,0,0,0,0
807425832,42,3,3,5001.558752,1667.18625066667,2901.4031,0,0,1117.9,0,0,0,574.71,0,0,0,407.545652,44277.5,14759.1666666667,0,0,0,0,1
678846783,42,2,1,20977.9488,20977.9488,4764.0825,389.7,620,2907,1480,0,3789.2263,874,4301,0,1299,553.94,22690,22690,0,0,0,0,0
798219108,42,2,2,35806.7931,17903.39655,13617.936600000001,0,0,1394.71,12588.88,819.0522,506.5,563,563.9,0,5355.1275,397.6868,22750,11375,0,0,0,0,0
480563385,42,3,2,36680.2496,18340.1248,7801.0146,2987.7,650,3244,3899.4885,0,11591.5,1900,2260,0,974.25,1372.2965,65450,32725,0,0,0,0,0
841818892,42,1,1,17724.9449,17724.9449,2106.545,0,0,997.77,3371.4,7641.2625,368,1208,530,0,0,1501.9674,21266.25,21266.25,0,0,0,0,0
624206379,42,3,5,26405.8763,5281.17526,8195.6075,606.2,2270,5128.5,40,136.395,3031,883,4060,0,0,2055.1738,47434,9486.8,0,0,0,0,0
230267082,42,2,3,12550.2,4183.4,151.55,0,4500,2725,0,2173.65,0,1000,2000,0,0,0,69333.3333333333,23111.1111111111,0,0,0,0,0
401546863,42,2,2,10350.846,5175.423,5260.95,870.33,0,2938.12,0,0,0,527.5,527.5,0,0,226.446,16250,8125,0,0,0,0,1
137635002,42,1,1,7325.9137,7325.9137,2446.8397,0,0,1760.67,197.94,0,476.3,569,1446,200,0,229.164,18644.3333333333,18644.3333333333,0,0,0,0,0
81396051,42,2,2,11263.3195,5631.65975,5204.66,0,0,798,1125.8,100,2115.8675,1075,484.8,0,0,359.192,21500,10750,0,0,0,0,0
762797149,42,1,3,12562.38842,4187.46280666667,968.188,0,4400,4436.72,0,0,800,1330,461.87,0,0,165.61042,13093.0233333333,4364.34111111111,0,0,0,0,0
242482308,42,1,1,9988.035,9988.035,820.535,0,0,7437.5,0,0,0,1040,690,0,0,0,9508.33333333333,9508.33333333333,0,0,0,0,0
571483023,42,3,4,18818.874,4704.7185,3485.65,0,600,1771.99,1020,6000,0,3260,1867,0,0,814.234,5332.31,1333.0775,0,0,0,0,0
431260446,42,2,4,27510.31,6877.5775,6027.36,866,4450,2198.88,4150,0,4766.08,1333,2040,500,0,1178.99,36866.6666666667,9216.66666666667,0,0,0,0,0
982851016,42,1,1,12823.91,12823.91,3987.93,736.1,2700,1439.64,207.84,692.8,0,1423,557,0,0,1079.6,12610,12610,0,0,0,0,0
60103008,42,2,3,19328.264,6442.75466666666,9465.38,606.2,850,2430,0,0,3031,1100,1356.208,0,0,489.476,35800,11933.3333333333,0,0,0,0,0
113807769,42,3,2,39871.9122,19935.9561,4998.4654,246.81,8430,1827.88,3680,337.74,4096,2190,1758,2200,9237.9,869.1168,37721.8333333333,18860.9166666667,5758.9,0,0,1,0
55462582,42,2,3,5186.26,1728.75333333333,1091.16,0,110,3709.4,59.2,0,0,216.5,0,0,0,0,5800,1933.33333333333,0,0,0,0,0
706793577,42,2,3,16141.7792,5380.59306666667,4501.2082,272.79,800,3450,1156.8,0,3459,1008,430,0,0,1063.981,21320,7106.66666666667,0,0,0,0,0
165321324,42,1,2,8770.531,4385.2655,1631.111,766.41,1200,4260,0,0,0,500,160,49.5,0,203.51,7034.66666666667,3517.33333333333,0,0,0,0,0
646030434,42,2,2,35209.575,17604.7875,1948.5,0,730,8314.92,262,1060.85,10926,1483,5768,0,4631,85.305,23500,11750,1169.1,0,0,1,0
387252671,42,2,3,44141.27206,14713.7573533333,9001.47246,843.484,2244,3999.36,6147.169,760,6062,0,9935.3046,2224,2424.8,499.682,63660.06,21220.02,0,0,0,0,0
843827844,42,1,3,16913.0362,5637.67873333333,3920.815,212.17,0,2946.34,0,6007.009,108.9428,1011.33,2164.4,0,303.1,238.9294,38791,12930.3333333333,303.1,0,0,1,0
818307720,42,1,4,13807.39,3451.8475,8543.09,0,1360,2358.5,43.3,0,0,1030.54,420,0,51.96,0,7814.16666666667,1953.54166666667,0,0,0,0,1
144551635,42,1,4,11482.06,2870.515,4295.36,779.4,790,1591.5,761.45,0,433,1385.9,731,0,0,714.45,13433.3333333333,3358.33333333333,0,0,0,0,0
31371907,42,2,2,7613.0124,3806.5062,1200.4059,303.1,1200,640.5,0,0,1948.5,600,0,0,497.95,1222.5565,15666.6666666667,7833.33333333333,497.95,0,0,1,0
223936147,42,2,2,35419.6575,17709.82875,6365.1,0,0,10249.5,1060,601.25,3350.3375,2448,2788,2400,5412.5,744.97,73972.3333333333,36986.1666666667,5044.45,0,0,1,0
408619011,42,2,6,12158.6924,2026.44873333333,3879.68,2424.8,550,1944,1257.5,0,779.4,950,30,0,0,343.3124,21626.6666666667,3604.44444444444,0,0,0,0,0
925621797,42,1,1,6456.43,6456.43,1104.15,0,0,2238.5,500,0,0,913,502,0,584.55,614.23,31445.5,31445.5,0,0,0,0,0
239376007,42,3,1,18049.741,18049.741,1428.467,506.61,1970,4825,0,0,2969.8,500,4864,0,562.9,422.964,19832.8333333333,19832.8333333333,562.9,0,0,1,0
791530101,42,1,9,18642.95,2071.43888888889,3139.25,0,900,1089,0,0,10348.7,550,1750,0,866,0,26946.3566666667,2994.03962962963,0,0,0,0,0
81677713,42,3,2,54010.9962,27005.4981,3860.195,0,1050,2486.5,0,11128,25547,3350,2560,0,2104.6,1924.7012,56643,28321.5,952.6,0,0,1,0
720818706,42,3,3,66920.5444,22306.8481333333,14715.7648,0,0,1647.33,4725.746,6400,11210,2239,15686,1500,3117.6,5679.1036,89583.3333333333,29861.1111111111,0,0,0,0,0
129911965,42,2,3,20884.6037,6961.53456666667,8479.3957,0,0,3615.19,1382.136,50,5600,162,490,0,0,1105.882,25400,8466.66666666667,0,0,0,0,0
188255762,42,1,1,18310.7086,18310.7086,4729.0528,454.65,910,1660,135.096,3976.95,2187.3428,940,1070,0,0,2247.617,18413.3333333333,18413.3333333333,0,0,0,0,0
424936716,42,2,3,22260.74,7420.24666666667,8641.814,0,0,3868,0,0,2554.7,2920,790,0,3290.8,195.426,10000,3333.33333333333,3494.31,0,0,1,0
346281241,42,1,2,4381.95,2190.975,801.05,324.75,1400,1135,0,0,0,0,50,0,671.15,0,40817.17,20408.585,0,0,0,0,0
564355284,42,1,1,11272.2,11272.2,3853.7,0,0,4160,0,0,0,1069.5,710,0,1299,180,6600,6600,1299,0,0,1,0
410752096,42,1,2,14132.5921,7066.29605,5241.3351,476.3,1600,1207.5,128,2830.56,500,852.5,557.5,0,562.9,175.997,21433.3333333333,10716.6666666667,0,0,0,0,0
439698277,42,2,6,10935.2906,1822.54843333333,3767.0134,0,2450,1331.41,108.25,0,1200,0,648.44,0,1082.5,347.6772,23510.7633333333,3918.46055555556,0,0,0,0,0
347105759,42,2,4,12295.7426,3073.93565,3130.9364,0,0,3552,1250.248,450,0,677,1546.15,1230,0,459.4082,4666.66666666667,1166.66666666667,0,0,0,0,0
141173893,42,1,2,11108.98,5554.49,3056.98,0,1000,1100,600,2660,192,2100,0,0,0,400,28650,14325,0,0,0,0,0
250705119,42,2,4,7247.51,1811.8775,1511.17,0,0,3442,0,0,0,1280,590,0,0,424.34,41283.3333333333,10320.8333333333,0,0,0,0,0
523173279,42,2,2,26489.618,13244.809,7824.31,0,0,5653,3494.96,0,3662,880,780,0,3074.3,1121.048,51000,25500,0,0,0,0,0
968920733,42,2,4,27643.1436,6910.7859,5170.02,0,2280,11185,1135.1,0,0,1480,2122,0,2359.85,1911.1736,29667.69,7416.9225,0,0,0,0,0
701227007,42,1,3,10483.06,3494.35333333333,4425.26,303.1,0,662,0,400,0,330,800,2300,0,1262.7,4817.17,1605.72333333333,0,0,0,0,0
52460365,42,2,4,12355.2237,3088.805925,2347.5095,987.24,0,5982,0,349.431,0,1645,915,0,0,129.0432,17600,4400,0,0,0,0,0
959987613,42,3,4,40765.055,10191.26375,991.57,1177.76,3200,6628,18043,0,4384.125,795,2550,352,2251.6,392,150500,37625,0,0,0,0,0
185559529,42,2,1,39578.95,39578.95,4347.32,3637.2,800,12325,104,0,7875.5,150,1150,0,8833.2,356.73,81500,81500,4330,0,0,1,0
644749022,42,2,2,26752.8142,13376.4071,6366.2258,0,10100,2240,128,0,160,1627.5,1565,0,3680.5,885.5884,61435,30717.5,1515.5,0,0,1,0
549053585,42,2,2,10069.26,5034.63,1182.956,1667.05,0,4360,0,0,1515.5,785,475,0,0,83.754,15000,7500,0,0,0,0,0
380478963,42,1,4,23756.1806,5939.04515,5084.5891,0,3100,3738,6714.148,0,0,1400,1342.3,0,1952.2,424.9435,29166.6666666667,7291.66666666667,0,0,0,0,0
488895702,42,2,2,30685.292,15342.646,6107.032,0,8050,999,388,859.8,4330,800,1958,5700,0,1493.46,38833.3333333333,19416.6666666667,0,0,0,0,0
476575183,42,2,2,37321.0517,18660.52585,5454.2412,0,0,2500,7000,278.8087,9570,1550,2350,3000,3828.9,1789.1018,23353,11676.5,0,0,0,0,0
960055917,42,2,2,15273.9285,7636.96425,3883.3605,0,2370,462,151.55,450,5196,1778,926.728,0,0,56.29,9666.66666666667,4833.33333333333,0,0,0,0,0
93795719,42,2,3,19130.8586,6376.95286666667,6085.4686,0,3260,3565.58,0,300,2844.81,956,1800,0,0,319,48380,16126.6666666667,0,0,0,0,0
117522808,42,1,2,10036.4,5018.2,4195.77,0,1500,1653.79,0,0,0,901.76,1023,0,346.4,415.68,9000,4500,0,0,0,0,0
574957583,42,2,4,24923.675,6230.91875,7900.085,177.53,0,3425,714.45,5715.6,2372,800,2060,0,0,1759.01,26490,6622.5,0,0,0,0,0
198441177,42,1,4,22263.2686,5565.81715,5200.33,1667.05,5980,1129.665,1364.63,3402,1299,485,485,0,0,1250.5936,16441.6666666667,4110.41666666667,0,0,0,0,0
484473960,42,1,4,5518.159,1379.53975,1283.845,0,0,2680,33.6,0,544.714,476,500,0,0,0,20416.0233333333,5104.00583333333,0,0,0,0,0
448759675,42,3,2,26721.091,13360.5455,5025.831,0,1900,10487,0,0,6845,1760,300,0,0,403.26,63375,31687.5,0,0,0,0,0
645796300,42,2,2,15694.839,7847.4195,1864.065,0,0,11006,960,0,0,1070,400,0,0,394.774,40500,20250,0,0,0,0,0
282898669,42,1,1,11818.6,11818.6,433,0,2945,3473.5,0,0,572.3,450,420,900,2424.8,200,19776.3333333333,19776.3333333333,1558.8,0,0,1,0
936453525,42,1,2,34943.034,17471.517,18285.59,0,2700,1561.5,5433.23,2400,544.714,187,3561,0,0,270,22186,11093,0,0,0,0,1
760156540,42,1,5,6242.65,1248.53,1710.35,0,400,1790,779.4,0,433,300,700,0,0,129.9,16059.69,3211.938,0,0,0,0,0
273491493,42,1,3,16925.6,5641.86666666667,2134.69,736.1,2300,8048,246.81,0,0,1550,1830,0,0,80,23250,7750,0,0,0,0,0
197796444,42,1,3,6052.94,2017.64666666667,1693.03,0,0,1254.81,1022,200,303.1,580,1000,0,0,0,21600,7200,0,0,0,0,0
514058467,42,2,2,8540.74,4270.37,727.44,0,0,1250,0,1550,2942,500,1300,0,0,271.3,28666.6666666667,14333.3333333333,0,0,0,0,0
16530443,42,1,2,7012.14,3506.07,350.73,0,0,3870,211.41,0,0,650,1580,0,0,350,23906.25,11953.125,0,0,0,0,0
512342976,42,2,1,12003.77,12003.77,337.74,207.84,2000,1787,1744.4,1348.51,0,1150,1261,0,1550.14,617.14,36704,36704,0,217.14,1,0,0
625521002,42,1,2,13190.2645,6595.13225,7187.7567,0,0,2167.5608,1231.64,1203.307,0,340,410,0,0,650,21116.6666666667,10558.3333333333,0,0,0,0,1
64960383,42,1,6,6684.46,1114.07666666667,1134.46,0,1970,2227,400,0,0,453,500,0,0,0,14956,2492.66666666667,0,433,1,0,0
842482529,42,2,2,10152.169,5076.0845,3650.19,264.563,1840,706.5,462,700,1299,520,530,0,0,179.916,20748,10374,0,0,0,0,0
241537546,42,2,2,24002.1085,12001.05425,2774.0145,0,690,11254.5,487.466,1573,3464,960,359,0,320,2120.128,31963.5,15981.75,0,0,0,0,0
285706189,42,2,2,27374.7951,13687.39755,6521.9326,0,0,2800,301.0675,200,64,1988,15200,0,0,299.795,22572.1666666667,11286.0833333333,0,14000,1,0,0
110928125,42,2,3,40691.824,13563.9413333333,6408.4,562.9,2000,12360,274.48,250,10132.2,1100,1250,0,5975.4,378.444,83000,27666.6666666667,5109.4,0,0,1,0
944342135,42,1,2,11356.59,5678.295,5880.14,2242.94,0,1557.5,125.57,155.88,0,590,666,0,0,138.56,17333.3333333333,8666.66666666667,0,0,0,0,1
647749462,42,2,2,21261.3995,10630.69975,3040.7425,0,2100,1875,411.35,158.911,5309.5,2133,350,0,1428.9,4453.996,22833.3333333333,11416.6666666667,1428.9,0,0,1,0
270934637,42,1,1,16123.5535,16123.5535,1662.5035,216.5,0,6800,640,165,584.55,1690,2200,0,2165,0,17464.6666666667,17464.6666666667,0,0,0,0,0
709803223,42,1,3,8281.7895,2760.5965,2386.6094,259.8,2280,888.98,320.3334,0,0,346.4,987.54,100,0,712.1267,9841.66666666667,3280.55555555556,0,0,0,0,0
395105527,42,2,4,65108.096,16277.024,3446.68,2165,9460,2023.85,6316.4,3002,18883.26,1941.52,11581,0,4725.42,1562.966,30282.3333333333,7570.58333333333,0,3808,1,0,0
552043512,42,2,3,14997.2405,4999.08016666667,5369.2,0,0,2396,166.705,178.829,0,1833,2562.9,0,1385.6,1105.0065,17333.3333333333,5777.77777777778,1385.6,0,0,1,0
553220581,42,2,2,27911.1,13955.55,5304.25,1645.4,1000,7730,246,4096,4156.8,2500,1000,0,0,232.65,90000,45000,0,0,0,0,0
911237228,42,2,4,23949.377,5987.34425,9003.6721,0,2850,1582.63,4003.5549,50,866,1820.35,2121.65,450,0,1201.52,40130.6666666667,10032.6666666667,0,0,0,0,0
905587179,42,2,5,23658.57,4731.714,3238.84,350.73,500,1276,0,50,17600,165,478,0,0,0,22800,4560,0,0,0,0,0
13058855,42,3,3,67058.03,22352.6766666667,4529.18,1190.75,3000,4960,2850,5300,33959,1948,2540,1100,4981.1,700,67479,22493,0,0,0,0,0
801794492,42,1,2,12147.12,6073.56,4693.72,519.6,1200,2865,356.8,0,0,1300.5,811.5,400,0,0,20945,10472.5,0,0,0,0,0
952294830,42,1,2,13179.6155,6589.80775,2064.111,0,500,6855,880.289,689.5,319.3375,0,850,0,649.5,371.878,14597,7298.5,0,0,0,0,0
146817631,42,1,5,25331.9579,5066.39158,7109.6435,519.6,2850,5663.11,2356.787,1800,806.8284,950,2008,0,0,1267.989,22794.8333333333,4558.96666666667,0,0,0,0,0
474082036,42,3,3,64344.5807,21448.1935666667,6590.0435,0,3000,3335,124.8,0,34047,2900,2999.5,0,8506.34,2841.8972,80207.5,26735.8333333333,4148.14,0,0,1,0
397147606,42,2,1,9922.875716,9922.875716,4181.3078,0,0,1733.39,0,100,70.4,3316.6,369,0,0,152.177916,36666.6666666667,36666.6666666667,0,0,0,0,0
87050888,42,1,3,19081.7977,6360.59923333334,1610.7167,1190.75,0,8925,398.36,0,1500,230,4539.8,0,0,687.171,5333.33333333333,1777.77777777778,0,0,0,0,0
811014050,42,2,2,31270.045,15635.0225,8822.375,562.9,7329,5076.11,1698.18,0,270,590,2349,0,3593.9,978.58,25457.3333333333,12728.6666666667,3819.06,0,0,1,0
998705069,42,2,1,68246.0272,68246.0272,4043.5272,259.8,3500,7977.5,1581,0,11897,2684,29795,0,3464,3044.2,44833.3333333333,44833.3333333333,3464,0,0,1,0
85213144,42,1,1,5357.2614,5357.2614,1552.6514,0,0,1488.61,350,600,0,433,693,0,240,0,8666.66666666667,8666.66666666667,0,433,1,0,0
946917366,42,1,1,3132.812,3132.812,980.312,0,0,1325.5,0,0,0,227,600,0,0,0,20000,20000,0,0,0,0,0
926112916,42,2,2,22510.455,11255.2275,5929.935,0,5100,3320,0,0,4498,530,1300,700,0,1132.52,33057.6666666667,16528.8333333333,0,0,0,0,0
939791434,42,2,2,29639.55,14819.775,17757.33,346.4,4200,1277.58,566,3940.3,0,526,800,0,0,225.94,36200.6433333333,18100.3216666667,0,0,0,0,1
113931119,42,2,9,63304.3415,7033.81572222222,12640.3958,519.6,1500,4019.88,6694.405,2620,20132,5280,6676,970,0,2252.0607,97050.6666666667,10783.4074074074,0,0,0,0,0
907216354,42,1,4,12800.62,3200.155,60.62,0,640,10500,0,20,0,700,880,0,0,0,23866.6666666667,5966.66666666667,0,0,0,0,0
3215190,42,2,1,25868.658,25868.658,5602.154,706.656,0,1697.4,848,410,10260,290,4240,0,1172.8,641.648,18821.6666666667,18821.6666666667,0,0,0,0,0
69422393,42,1,1,9752.53,9752.53,1108.48,216.5,510,4428,40,0,584.55,400,300,0,2165,0,18000,18000,0,0,0,0,0
80325401,42,2,3,21382.05,7127.35,1558.8,0,0,2406,0,1473.95,6928,5360,2290,500,0,865.3,15000,5000,0,0,0,0,0
405121839,42,1,4,3085.269,771.31725,992.869,1212.4,370,210,0,0,0,0,300,0,0,0,10751,2687.75,0,0,0,0,0
733611950,42,1,1,16672.6138,16672.6138,10019.0138,562.9,800,1666.8,51.9,2532,0,0,860,0,0,180,11216.6666666667,11216.6666666667,0,0,0,0,1
786545716,42,2,1,9981.033,9981.033,489.29,0,0,1087,0,0,4330,1000,980,0,1645.4,449.343,35000,35000,952.6,0,0,1,0
498686859,42,1,3,12967.7193,4322.5731,3941.3825,0,172,1659,284.481,0,2273.9428,695.69,866,0,866,2209.223,9490,3163.33333333333,0,0,0,0,0
506708981,42,1,2,21733.1322,10866.5661,9830.5722,0,2610,4100,655.995,0,3031,200,952.74,0,0,352.825,41000,20500,1082.5,0,0,1,0
133731197,42,2,1,6685.793,6685.793,216.5,792.39,0,1300,1040,0,2165,700,0,0,389.7,82.203,9320,9320,0,0,0,0,0
194687441,42,1,3,18219.49,6073.16333333333,8261.64,995.9,1250,2140.66,64,2567.69,639.6,300,1800,0,0,200,1700,566.666666666667,0,0,0,0,0
399167394,42,1,3,16303.1,5434.36666666667,1082.5,0,2800,9415,0,0,0,1605,1395,0,0,5.6,19500,6500,0,0,0,0,0
572470336,42,1,3,12410.68,4136.89333333333,2407.48,173.2,4500,3190,0,0,0,0,1000,900,0,240,13000,4333.33333333333,0,0,0,0,0
913608480,42,2,1,10938.96,10938.96,1125.8,0,0,838,0,0,3031,0,500,0,5196,248.16,6007.43,6007.43,0,0,0,0,0
804524584,42,2,1,48446.043,48446.043,1104.583,0,0,578,5561.95,294,7265,614,31008.4,0,0,2020.11,59371.31,59371.31,0,0,0,0,0
411460695,42,3,3,57739.984,19246.6613333333,5511.2673,0,4850,6198.4,7983.0157,6249.5,9545,806.5,2805.4,6100,4979.5,2711.401,28971.8333333333,9657.27777777778,2554.7,592,1,1,0
245082766,42,2,2,31731.0178,15865.5089,5692.2613,0,2500,4142.51,3408,8600.9885,3727.55,526.5,600,0,0,2533.208,53255.31,26627.655,0,0,0,0,0
727468159,42,1,7,7548.08,1078.29714285714,2927.08,0,80,828,0,0,0,2648,765,0,0,300,22866.34,3266.62,0,0,0,0,0
252624805,42,1,2,12254.0902,6127.0451,4734.1189,0,0,1189.885,86.6,0,3789.2263,800,260,0,1299,95.26,14817.17,7408.585,0,0,0,0,0
306383750,42,2,4,20248.4,5062.1,3522.455,1688.7,1680,8680,160,350,938.675,600,2520,0,0,108.57,25225,6306.25,0,0,0,0,0
332371781,42,2,2,10373.525,5186.7625,1883.55,0,0,930,471.97,2570,2276,668,1336,0,0,238.005,34500,17250,0,0,0,0,0
627762294,42,1,4,11444.492,2861.123,5810.86,290.11,450,942,1280,0,1299,1066,0,0,0,306.522,20216.6666666667,5054.16666666667,0,0,0,0,1
952193306,42,1,1,8340.8955,8340.8955,3361.5955,0,230,3944.55,0,0,0,250,230,0,324.75,0,15138,15138,324.75,0,0,1,0
345259906,42,2,2,13070.76,6535.38,2511.4,0,2370,1135,0,0,4330,920,1286.2,0,0,518.16,13200,6600,0,0,0,0,0
439923437,42,1,4,29520.475,7380.11875,10803.35,3697.82,3790,3718,1515.5,0,894.145,330,770,0,2554.7,1446.96,23900.6633333333,5975.16583333333,0,0,0,0,0
872118833,42,1,4,12316.61,3079.1525,212.17,0,4360,1723,334.4,0,433,1092,3950,0,0,212.04,24739.3333333333,6184.83333333333,0,0,0,0,0
371221486,42,2,6,21388.31,3564.71833333333,866,1970.15,1860,2724,48,7880,1732,800,1400,1860,0,248.16,46466.6666666667,7744.44444444445,0,0,0,0,0
465085802,42,1,1,7235.41,7235.41,1749.32,0,0,3475,0,0,0,816.09,1195,0,0,0,18333.3333333333,18333.3333333333,0,0,0,0,0
581380545,42,2,3,36546.4485,12182.1495,5801.7237,0,3120,9725,1132.9878,0,4800,2240,8680,0,0,1046.737,50000,16666.6666666667,0,0,0,0,0
104273037,42,1,1,2218.7,2218.7,822.7,0,89,707,0,0,0,300,300,0,0,0,7383.33333333333,7383.33333333333,0,0,0,0,0
776510150,42,2,3,15385.445,5128.48166666666,7024.126,0,970,1680,808.68,0,2357,890,1019.6,0,0,636.039,23733.3333333333,7911.11111111111,0,0,0,0,0
335347792,42,1,2,9165.87,4582.935,2987.7,497.95,330,3786.22,200,0,433,866,65,0,0,0,8334.66666666667,4167.33333333333,0,0,0,0,0
57640547,42,2,1,5360.026,5360.026,1558.8,225.16,0,1600,192.8,0,753.266,0,1030,0,0,0,8700,8700,0,0,0,0,0
518972145,42,2,3,48819.98,16273.3266666667,17181.44,649.5,3500,3335,6512.3,3240.89,8817.52,950,670,0,0,3963.33,33036.6666666667,11012.2222222222,0,0,0,0,0
132054043,42,3,2,66107.2634,33053.6317,9160.2449,0,8100,2190,7558.9265,14900,6250,1385,5115,4000,4730.8,2717.292,86503.8333333333,43251.9166666667,2598,0,0,1,0
320964142,42,3,3,34752.9477,11584.3159,5374.1362,876.825,5150,4370.86,491.88,0,13040,1082,2861,0,0,1506.2465,57258.6666666667,19086.2222222222,0,0,0,0,0
979453213,42,2,2,45079.64,22539.82,3104.61,0,600,28491.72,1790.15,1646,1299,1160,2649,0,3247.5,1091.66,51572.31,25786.155,2879.45,0,0,1,0
496278314,42,2,5,25875.6038,5175.12076,3550.8598,0,2500,11457,800,0,1548,1446.4,1890,1500,0,1183.344,60833.3333333333,12166.6666666667,0,0,0,0,0
91568068,42,1,1,20449.9477,20449.9477,4718.3577,640.84,3789,1332.03,429.1,1367,0,886.89,1758.99,0,3615.55,1912.19,18000,18000,1558.8,0,0,1,0
481629121,42,2,2,5651,2825.5,2459.44,0,0,1550,138.56,0,0,860,210,0,0,433,23500,11750,0,0,0,0,0
146071705,42,2,3,32523.7862,10841.2620666667,2089.225,0,5700,3261.5,89.6,120,250,3999,6830,1600,0,8584.4612,54279.3333333333,18093.1111111111,0,1200,1,0,0
755018354,42,1,1,3223.73,3223.73,186.19,0,0,791,272.79,0,1385.6,350,0,0,238.15,0,6007.43,6007.43,0,0,0,0,0
773163090,42,2,3,16280.787,5426.929,2298.797,5174.35,1580,1182,0,0,2121.7,1500,480,0,1866,77.94,19000,6333.33333333333,866,0,0,1,0
603458627,42,1,2,6548.727,3274.3635,1753.65,0,690,1260,1555.077,0,0,420,870,0,0,0,17166.6666666667,8583.33333333333,0,0,0,0,0
473513322,42,1,1,4174.77,4174.77,1727.67,0,0,1209.5,0,0,57.6,560,620,0,0,0,19166.6666666667,19166.6666666667,0,0,0,0,0
443554973,42,3,2,22667.725,11333.8625,5423.325,0,600,5106.29,548,250,2629.9,852.91,3300,0,3092,865.3,29250,14625,0,0,0,0,0
657493619,42,1,2,8735.1935,4367.59675,2738.725,2329.54,250,498.81,588.67,338.005,441.4435,530,20,1000,0,0,13350,6675,0,0,0,0,0
155004809,42,1,1,9281.846,9281.846,481.496,1991.8,1050,4648,0,0,96,200,0,0,584.55,230,9250,9250,0,0,0,0,0
180885270,42,2,2,71406.6299,35703.31495,11986.0029,0,7150,6811,3176.863,3256.2,8109,769.5,24845.5,0,2294.9,3007.664,57766.6666666667,28883.3333333333,0,0,0,0,0
102347066,42,3,4,80990.254,20247.5635,15813.8095,5630.8619,2400,2830,1145.8,3246.3426,14668,1356,21842.3,3700,5239.3,3117.84,123154.666666667,30788.6666666667,3247.5,0,0,1,0
736417806,42,2,4,18777.536,4694.384,5551.06,0,3170,1747,1782,588.1,320,295,4160,0,416,748.376,48045.5,12011.375,0,0,0,0,0
684184456,42,1,4,18555.18,4638.795,4377.63,0,0,6977,2285.4,0,0,1500,2450,0,0,965.15,20000,5000,0,0,0,0,0
241187379,42,2,2,24857.125,12428.5625,2632.207,0,0,9526.04,1395.178,3200,2385,628,428.8,0,4156.8,505.1,31537.5,15768.75,0,0,0,0,0
164300877,42,1,6,19572.18,3262.03,8209.68,0,0,7882.5,0,0,1232,1010,1238,0,0,0,22031.32,3671.88666666667,0,0,0,0,0
390336254,42,2,5,7003.905,1400.781,3279.975,519.6,500,395.5,0,0,80,1380,400,0,0,448.83,19826.69,3965.338,0,0,0,0,0
806158263,42,1,4,9053.265,2263.31625,2051.554,0,1530,3720,418.711,0,0,433,900,0,0,0,14766.6666666667,3691.66666666667,0,0,0,0,0
325190980,42,1,5,4595.64,919.128,1381.27,164.54,1480,890.28,151.55,0,0,368,160,0,0,0,10020.3333333333,2004.06666666667,0,0,0,0,0
569861112,42,1,4,15921.335,3980.33375,3061.31,281.45,4950,2222,134.23,0,0,925.16,821.655,0,2056.75,1468.78,5500,1375,2056.75,0,0,1,0
315418383,42,1,5,16082.226,3216.4452,2688.93,0,2550,3430,1442.8,454.65,866,1686.5,700,0,497.95,1765.396,14266.6666666667,2853.33333333333,0,0,0,0,0
462806032,42,1,4,15879.276,3969.819,3208.097,0,2560,5760,288,0,2593,800,350,0,0,320.179,18333.3333333333,4583.33333333333,0,0,0,0,0
59834878,42,2,1,27856.8868,27856.8868,1862.9825,0,2200,8781.04,160,0,11789.2263,800,550,0,1299,414.638,18000,18000,0,0,0,0,0
177875290,42,1,2,39068.1419,19534.07095,3673.572,0,2510,19416.7,383.4567,4306.667,1745.16,981,3242.79,1200,939.61,669.1862,44733.3333333333,22366.6666666667,939.61,0,0,1,0
557234266,42,1,4,10166.22,2541.555,952.6,1576.12,0,1856.2,278,3810.35,208,815,288.2,0,0,381.75,7066.66666666667,1766.66666666667,0,128,1,0,0
261407535,42,1,2,7057.5308000000005,3528.7654000000002,990.5308,0,0,4190,0,172,0,1020,685,0,0,0,25041.6666666667,12520.8333333333,0,0,0,0,0
48597412,42,2,1,32603.019,32603.019,3720.769,376.71,5600,5408,800,3600,8138,750,2400,0,1212.4,597.14,30000,30000,779.4,0,0,1,0
68171467,42,2,2,20606.079016,10303.039508,1407.25,216.5,4920,3457.84,0,0,584.55,2099,4545,700,2165,510.939016,69618.6666666667,34809.3333333333,0,0,0,0,0
264808879,42,1,4,6990.7224,1747.6806,1303.33,0,0,3957.5,0,82.9195,0,350,530,0,0,766.9729,9000,2250,0,0,0,0,0
990305544,42,2,2,15072.39,7536.195,3165.23,0,0,1725,0,2370,5600,0,1264,0,0,948.16,24666.6666666667,12333.3333333333,0,0,0,0,0
112149570,42,3,3,29979.5855,9993.19516666667,4326.7958,0,3980,1793,126.4,830,8772,1730,1200,0,6062,1159.3897,54581.3333333333,18193.7777777778,6062,0,0,1,0
307967432,42,2,2,25412.657,12706.3285,10388.103,0,5130,2344,594.44,0,1523,1270,790,0,2294.9,1078.214,59575,29787.5,2294.9,0,0,1,0
739739999,42,2,1,17682.9571,17682.9571,844.4366,0,0,5472,3816.023,2727.53,0,637,1460,0,0,2725.9675,25093.3333333333,25093.3333333333,0,0,0,0,0
49897064,42,2,1,17599.46,17599.46,1541.48,2866.46,2900,3605.32,0,0,1904,835,2475,0,1472.2,0,23341.6666666667,23341.6666666667,822.7,1760,1,1,0
206453844,42,2,4,26267.9192,6566.9798,5333.8672,0,1900,3939.5,1284.761,1101.213,6698,1671,1780,0,0,2559.578,33881.1666666667,8470.29166666667,0,0,0,0,0
261765744,42,2,2,11970.2039,5985.10195,4099.3409,294.44,1100,2344.73,388.401,0,1732,670,898.232,0,0,443.06,5708.33333333333,2854.16666666667,0,0,0,0,0
994772880,42,1,2,7723.02,3861.51,1835.92,0,600,4265,347.24,60,0,233,200,0,0,181.86,8500,4250,0,0,0,0,0
945591060,42,1,2,15863.825,7931.9125,3297.295,1368.28,0,5750,112,500,2165,630,2041.25,0,0,0,27500,13750,866,0,0,1,0
188232477,42,3,2,56717.4977,28358.74885,8828.0473,3238.407,0,14992.3,4261.126,1627.38,7100.8,2630,3080,624,8917.8,1417.6374,70080,35040,779.4,0,0,1,0
116658772,42,2,4,30245.9593,7561.489825,9311.4918,1177.76,4120,5537.29,979.0515,0,3125,1496,3288.02,664,0,547.346,21123.3333333333,5280.83333333333,0,0,0,0,0
259936584,42,2,2,11035.53,5517.765,571.56,0,0,740,1450.4,0,6495,1150,520,0,0,108.57,14000,7000,0,0,0,0,0
976879284,42,2,3,23784.6783,7928.2261,3402.1243,320.42,480,7209,708.17,0,6523,1259,1231,0,1472.2,1179.764,21036.5,7012.16666666667,0,0,0,0,0
791489807,42,1,2,9813.83283,4906.916415,3635.1216,0,1200,1994.5,683.84123,0,692.8,899,600,0,0,108.57,9333.33333333333,4666.66666666667,0,0,0,0,0
757857818,42,2,3,18338.98,6112.99333333333,5148.37,0,3620,1380,0,1120,5400,1200,300,0,0,170.61,22300,7433.33333333333,0,0,0,0,0
615162611,42,1,1,10550.2568,10550.2568,3338.43,1515.5,400,2345.47,190.7,0,653.6568,510,660,0,720,216.5,10857,10857,0,0,0,0,0
110510467,42,3,3,25836.33,8612.11,2641.3,0,0,7746,0,576,11187.27,640,1645,0,952.6,448.16,65250,21750,952.6,0,0,1,0
118812021,42,2,2,20089.3957,10044.69785,5435.2758,2554.6134,1150,2775,2279.1865,700,2338.2,1650,930,0,0,277.12,20764.3333333333,10382.1666666667,0,0,0,0,0
324111651,42,1,2,16170.5115,8085.25575,1911.9115,0,700,1177.5,0,0,10104.8,1450,350,0,476.3,0,20833.3333333333,10416.6666666667,0,0,0,0,0
131666994,42,2,3,18390.0602,6130.02006666666,8516.8502,974.25,300,1831.86,0,0,3539.9,935,1982,0,0,310.2,21391.6666666667,7130.55555555556,0,0,0,0,0
324648396,42,2,3,12266.54,4088.84666666667,8867.84,0,0,1000,606.2,649.5,0,240,470,0,0,433,20833.3333333333,6944.44444444444,0,0,0,0,1
266710867,42,2,3,21894.976,7298.32533333333,7780.577,0,0,6855.5,0,0,2165,1980,1760,350,480,523.899,13516.6666666667,4505.55555555556,0,0,0,0,0
836793888,42,2,2,12051.3925,6025.69625,5270.3894,0,0,720,500.58,2165,860.8,380,700,0,0,1454.6231,7000,3500,0,0,0,0,0
579575897,42,1,2,23310.85,11655.425,11578.42,6495,0,1941.48,2545.95,0,0,200,550,0,0,0,19000,9500,0,0,0,0,0
224440355,42,1,2,9032.32,4516.16,2749.55,0,2050,995,285,606.2,433,750,885,0,0,278.57,6066.66666666667,3033.33333333333,0,0,0,0,0
915602262,42,2,2,28729.8865,14364.94325,3549.0845,2182.32,2230,8185,0,2948.73,4799,2000,600,2000,0,235.752,21950,10975,0,0,0,0,0
99445660,42,3,3,76566.1175,25522.0391666667,2315.4675,0,4800,7462.5,13987,1230,19940.4,1878,7796.4,0,4537.79,12618.56,79083.3333333333,26361.1111111111,4169.79,0,0,1,0
