id,provincia,propauto,cantmiem,gastot,gastotpc,gc_01,gc_02,gc_03,gc_04,gc_05,gc_06,gc_07,gc_08,gc_09,gc_10,gc_11,gc_12,ingtoth,ingpch,tn_restaurant,tn_internet,cat_gastos_internet,cat_gastos_restaurant,cat_gc_01
360665153,70,2,4,31047.6056666667,7761.90141666667,8690.31,0,800,1250,0,0,3455.19566666666,2600,1200,9000,3897,155.1,50166.6666666667,12541.6666666667,3290.8,0,0,1,0
868299562,70,1,3,14535.845,4845.28166666666,4654.75,920.125,570,827.35,3072,1792.62,0,600,800,0,1299,0,19900,6633.33333333333,0,0,0,0,0
20305033,70,1,2,4021.89,2010.945,1411.58,0,0,1180,0,30.31,0,0,1400,0,0,0,9166.66666666667,4583.33333333333,0,0,0,0,0
999780715,70,1,3,12359.256,4119.752,4607.12,909.3,0,5867,0,0,905.836,0,70,0,0,0,18300,6100,0,0,0,0,0
822499806,70,1,2,11816.9488095238,5908.47440476191,1617.255,1299,0,4874,0,0,2186.44380952381,0,0,0,1840.25,0,19000,9500,1407.25,0,0,1,0
261582924,70,2,5,11215.9806666667,2243.19613333333,3883.144,710.12,0,1139,0,0,3081.51666666666,450,913,0,1039.2,0,24138.31,4827.662,1039.2,0,0,1,0
820341193,70,1,1,7442.528,7442.528,1662.72,519.6,0,1458,2360,0,0,866,576.208,0,0,0,8090,8090,0,0,0,0,0
673331567,70,2,3,27313.0578,9104.3526,7373.99,0,6500,680,195.6,1200,1487.1678,1975,3023,800,2511.4,1566.9,16166.6666666667,5388.88888888889,2078.4,0,0,1,0
807182436,70,1,2,18814.315,9407.1575,7737.71,779.4,3500,1330,264,0,2764.705,240,2198.5,0,0,0,5506.67,2753.335,0,0,0,0,0
479172786,70,1,2,6968.8,3484.4,2901.1,0,0,1555,0,0,822.7,1000,690,0,0,0,21500,10750,0,0,0,0,0
321493008,70,1,1,6176.69,6176.69,2091.39,0,110,1900,0,0,476.3,0,300,0,1299,0,15600,15600,0,0,0,0,0
51576453,70,2,2,13949.57,6974.785,7235.43,0,1180,3100,684.14,800,0,500,450,0,0,0,15700,7850,0,0,0,0,1
949375409,70,1,2,4771.9,2385.95,1169.1,0,0,2600,433,0,259.8,0,310,0,0,0,30000,15000,0,0,0,0,0
361318359,70,1,5,8094.79,1618.958,4230.41,0,450,610,28,500,1332.03,0,100,0,844.35,0,17300,3460,0,0,0,0,1
898441437,70,2,4,14297.15,3574.2875,6685.52,1446.22,0,1500,0,0,1944.76,933,900,0,779.4,108.25,41500,10375,0,0,0,0,0
674992023,70,1,6,23412.9313333333,3902.15522222222,6947.485,173.2,0,9592.5,0,0,5345.09633333333,900,0,0,454.65,0,24236,4039.33333333333,454.65,0,0,1,0
663580700,70,2,3,4524.265,1508.08833333333,1461.375,0,0,2000,0,142.89,0,800,0,0,0,120,31700,10566.6666666667,0,0,0,0,0
855226974,70,2,3,32368.4382,10789.4794,9983.8975,0,9770,1257.35,1190.1242,0,188.355,0,2910,0,3377.4,3691.3115,5658.28,1886.09333333333,2459.44,0,0,1,0
89516294,70,1,3,6018.36,2006.12,398.36,0,120,5500,0,0,0,0,0,0,0,0,4132.25,1377.41666666667,0,0,0,0,0
163468741,70,2,3,25517.6815,8505.89383333333,5886.635,0,250,2239.03,137,2127.6105,2289.336,2700,2070,3520,3961.95,336.12,40550,13516.6666666667,3961.95,0,0,1,0
996752199,70,1,4,14381.796,3595.449,6698.51,0,0,4000,330,0,1534.552,1466,300,0,0,52.734,15400,3850,0,0,0,0,0
593998314,70,2,2,19502.24,9751.12,1485.19,671.15,0,5500,5240,4000,0,110,1200,0,995.9,300,18400,9200,995.9,0,0,1,0
712423338,70,3,6,54048.425,9008.07083333333,9101.66,0,2900,4077,1120,11860,16454,0,2946,600,4738.5,251.265,62833.3333333333,10472.2222222222,4546.5,0,0,1,0
343537769,70,1,2,6790.94997619048,3395.47498809524,2455.11,0,1500,1290,0,0,1505.83997619048,0,40,0,0,0,13300,6650,0,0,0,0,0
212109357,70,2,2,2725.89,1362.945,324.75,303.1,0,850,0,0,866,0,320,0,0,62.04,24552.3333333333,12276.1666666667,0,0,0,0,0
814720662,70,2,4,9386.91988095238,2346.7299702381,2797.18,0,200,1550,237.84,700,1683.69988095238,1100,845,0,0,273.2,24033.3333333333,6008.33333333333,0,0,0,0,0
322500877,70,2,5,22528.84,4505.768,9413.42,0,0,2672,95.26,2093.85,1088,280,4382.5,1824,0,679.81,21700,4340,0,0,0,0,0
917114705,70,1,1,4936.15,4936.15,2576.35,0,0,2100,0,0,259.8,0,0,0,0,0,16034.56,16034.56,0,0,0,0,1
788234954,70,1,2,8619.18,4309.59,4485.88,0,0,880,960,550,43.3,0,1700,0,0,0,14166.6666666667,7083.33333333333,0,0,0,0,1
55082124,70,1,2,9471.62,4735.81,1359.62,0,0,4350,40,0,0,2072,1650,0,0,0,15616.6666666667,7808.33333333333,0,0,0,0,0
425233749,70,1,4,8935.81713333333,2233.95428333333,3334.1,467.64,908,1309,34.64,1697.6198,585.127333333333,491.44,0,0,0,108.25,42790,10697.5,0,0,0,0,0
912757265,70,1,6,11843.97,1973.995,8114.42,866,200,780,714.45,0,129.9,519.6,0,0,0,519.6,19000,3166.66666666667,0,0,0,0,1
57566211,70,1,1,18952.3694,18952.3694,6694.18,0,3000,1414.19,1500,307.43,259.8,600,538.56,0,2165,2473.2094,46000,46000,0,0,0,0,0
482203267,70,2,4,29201.606,7300.4015,5650.65,0,2950,4970,4348,0,2851.692,2440,4300,0,714.45,976.814,38500,9625,0,0,0,0,0
352559994,70,2,5,16151.43,3230.286,2788.52,116.91,2500,3650,3520,0,130,550,1856,1040,0,0,31000,6200,0,0,0,0,0
550237264,70,1,4,11490.85,2872.7125,8608.04,0,0,1770,246.81,0,519.6,0,0,0,0,346.4,18100,4525,0,0,0,0,1
610750879,70,1,1,14562.6657619048,14562.6657619048,2115.205,0,1300,1442.98,3920.44,2546.04,463.268761904763,600,1380,0,0,794.732,6893.33333333333,6893.33333333333,0,0,0,0,0
873911347,70,1,3,11883.625,3961.20833333334,4903.725,0,0,1150,0,2529.9,0,0,3300,0,0,0,29000,9666.66666666667,0,0,0,0,0
878942080,70,2,2,9455.6,4727.8,2121.7,129.9,2350,1810,70,0,1299,1275,400,0,0,0,32000,16000,0,0,0,0,0
808273763,70,2,1,21941.421,21941.421,2812.335,0,0,9041.17,1640,0,7918,350,0,0,0,179.916,25000,25000,0,0,0,0,0
304893982,70,1,1,18756.8193666667,18756.8193666667,4634.1392,0,0,6196.18,442.2212,389.7,1843.13666666666,1772.7,316.5,0,0,3162.2423,13493,13493,0,0,0,0,0
541480750,70,2,2,12194.7733333333,6097.38666666667,4918.88,562.9,600,992.56,80,95.26,269.903333333333,790,3512.89,0,372.38,0,16715.8333333333,8357.91666666667,0,0,0,0,0
75183933,70,2,7,10804.1067,1543.44381428571,6681.1467,0,0,1189.5,398.36,0,866,200,300,0,1039.2,129.9,16060,2294.28571428571,0,0,0,0,1
310286457,70,1,4,19068.1483333333,4767.03708333333,7997.51,497.95,3930,4500,411.41,0,1687.97833333333,0,0,0,43.3,0,21750,5437.5,0,0,0,0,0
803346725,70,1,6,21001.162,3500.19366666666,4797.64,0,0,4300,0,0,2188.382,1866,2708.3,4500,640.84,0,26505,4417.5,0,0,0,0,0
657272697,70,2,8,20983.875,2622.984375,4457.735,0,2620,1421.33,2375.4,7474.4,1414.01,760,91,0,0,370,36333.3333333333,4541.66666666667,0,0,0,0,0
67188231,70,1,2,12103.5516666667,6051.77583333333,2857.8,1623.75,3650,1509,73.61,0,1821.75166666667,433,0,0,0,134.64,12850,6425,0,0,0,0,0
596741647,70,1,4,8272.3656,2068.0914,3204.2,0,740,1100,311.76,1255.7,0,1233,277.12,0,0,150.5856,13900,3475,0,0,0,0,0
568021182,70,1,2,25856.7166666667,12928.3583333333,1987.47,0,0,1716.5,0,13046.4,2787.07666666666,3950,1250,0,1026.21,93.06,20500,10250,0,0,0,0,0
587388197,70,2,3,48578.3078333333,16192.7692777778,3407.71,0,14200,1664.6,7944,2000,4897.80733333333,1100,8869.84,200,2944.4,1349.9505,24100,8033.33333333333,2294.9,0,0,1,0
730181089,70,1,2,16918.233,8459.1165,5451.47,610.53,0,1735,352.895,0,4046.818,800,700,0,2987.7,233.82,20384.9766666667,10192.4883333333,0,0,0,0,0
845455083,70,1,9,9981.721,1109.08011111111,5092.08,822.7,0,1005,1163,0,1418.941,200,0,0,0,280,44183.15,4909.23888888889,0,0,0,0,1
787997290,70,1,3,4413.14299047619,1471.04766349206,164.54,0,970,2650,0,80,516.342190476191,0,0,0,0,32.2608,5620,1873.33333333333,0,0,0,0,0
631127570,70,1,6,13203.3156666667,2200.55261111111,2223.455,1939.84,1400,4119,0,0,3466.02066666667,0,55,0,0,0,16713.76,2785.62666666667,0,0,0,0,0
478535552,70,1,1,14420.8525,14420.8525,445.99,0,18.75,1353,3177,1913.9825,822.7,1220,979.22,0,3238.84,1251.37,29926,29926,0,0,0,0,0
489718435,70,1,3,18894.7873333333,6298.26244444445,7326.36,844.35,870,1260,2730,1702.6,2143.92733333333,0,1324.75,0,692.8,0,20550,6850,692.8,0,0,1,0
23050228,70,1,2,10868.8902,5434.4451,3268.8902,0,0,940,0,600,0,1600,1260,3000,0,200,13593,6796.5,0,0,0,0,0
716049701,70,1,1,1829.6,1829.6,125.57,0,0,1554.03,0,0,0,0,150,0,0,0,7800,7800,0,0,0,0,0
896734740,70,2,2,30048.6421666667,15024.3210833333,4944.86,3572.25,0,10500,335.14,1944.17,2073.86616666667,1760,986.208,1100,1082.5,1749.648,19300,9650,346.4,0,0,1,0
787414897,70,2,4,9082.16866666667,2270.54216666667,2439.955,0,0,1065,0,0,344.313666666666,2246.4,485,2000,346.4,155.1,45333.3333333333,11333.3333333333,0,0,0,0,0
216206322,70,1,3,11519.334,3839.778,5312.91,0,0,1910.8,0,1732,1004.56,759.8,700,0,0,99.264,14700,4900,0,0,0,0,0
130879782,70,1,2,25011.18,12505.59,3762.77,1948.5,3200,1214,7.2,8149.06,765.25,1835,1753.5,0,995.9,1380,21589.3333333333,10794.6666666667,0,0,0,0,0
488124620,70,2,4,33806.0176666667,8451.50441666666,10725.41,0,0,2928,7489.52,0,5523.63666666666,650,5300,0,0,1189.451,61500,15375,0,0,0,0,0
953108120,70,1,5,11341.8559,2268.37118,3077.8939,238.15,0,2833.5,160,0,2426.532,350,2125.88,0,129.9,0,34878,6975.6,0,0,0,0,0
608339229,70,1,2,13070.4136,6535.2068,6087.98,0,0,1700,0,2598,155.5336,0,1100,0,1428.9,0,13666.6666666667,6833.33333333333,0,0,0,0,0
404495093,70,1,1,12040.241,12040.241,1465.705,0,580,4784,0,1846,775.936,340,330,0,1299,619.6,9875,9875,0,0,0,0,0
391639242,70,2,3,22700.886,7566.962,7192.13,0,0,3270,192,0,6954.8,2270,2580,0,0,241.956,28000,9333.33333333333,476.3,0,0,1,0
884236379,70,2,6,21984.7766666667,3664.12944444444,5737.25,0,0,2729,116.91,4500,5308.12066666667,0,0,3358,0,235.496,35031.32,5838.55333333333,0,0,0,0,0
216073744,70,1,7,28805.888,4115.12685714286,13236.81,2035.1,880,2485,75,930.95,3355.75,1849.5,3070,0,844.35,43.428,30400,4342.85714285714,0,0,0,0,0
647520611,70,1,1,13047.0136666667,13047.0136666667,1684.37,0,0,645,8186.19,0,184.313666666666,530,1349.5,0,467.64,0,7000,7000,467.64,0,0,1,0
272649284,70,2,4,22714.4,5678.6,6724.49,0,2050,3341,1520,320,2424.8,1449.4,2932.5,0,1277.35,674.86,30000,7500,649.5,0,0,1,0
764203285,70,1,2,7759.412,3879.706,3676.17,0,440,1470,890,0,421.742,250,375,0,0,236.5,10400,5200,0,0,0,0,0
417893206,70,2,5,27152.633,5430.5266,9422.08,727.44,2006,1809,164.54,0,6228.823,1406.5,950,0,4265.05,173.2,34000,6800,3464,0,0,1,0
94663812,70,2,3,10934.8705,3644.95683333333,3139.25,0,1350,1574.75,0,0,1526.4705,400,0,0,346.4,2598,11133.3333333333,3711.11111111111,346.4,0,0,1,0
599012304,70,1,2,3737.57,1868.785,1801.28,0,0,1580,0,0,56.29,0,0,300,0,0,13000,6500,0,0,0,0,0
445515440,70,1,2,13071.7761,6535.88805,3412.7761,0,3904,1866,70,1389.93,909.3,273.77,1090,0,0,156,21738,10869,0,0,0,0,0
24402238,70,2,3,8131.401,2710.467,5683.125,0,110,0,240,112,1084.56,0,200,0,528.26,173.456,12332,4110.66666666667,0,0,0,0,1
979042320,70,3,3,30199.28,10066.4266666667,2814.5,0,4650,2015,2544,3900,9526,1800,500,0,1515.5,934.28,64000,21333.3333333333,0,0,0,0,0
491059507,70,2,1,25977.5349,25977.5349,8567.0349,0,4100,2130,3320,80,3100,1260,3124,0,216.5,80,12458.3333333333,12458.3333333333,476.3,0,0,1,0
483226306,70,2,4,18587.51,4646.8775,6776.45,151.55,0,2020,549.91,2491.8,3078,1910,1350,0,0,259.8,42833.3333333333,10708.3333333333,0,0,0,0,0
396261050,70,2,1,68860.686,68860.686,2468.1,9019.39,2000,2690,3220,1400,1920,2100,6299,2500,9396.1,25848.096,80000,80000,1732,0,0,1,0
214783079,70,2,2,20572.54,10286.27,2680.27,0,0,2482.44,500,0,2398.4,1487,1323,0,8919.8,781.63,30000,15000,0,0,0,0,0
68061217,70,1,6,31299.046,5216.50766666667,8555.214,0,0,10200,55,2832.9,1105.882,4450,450,877,2533.05,240,50979,8496.5,108.25,0,0,1,0
41539456,70,2,1,16540.4803333333,16540.4803333333,2636.97,0,26,12250,0,800,217.510333333334,30,580,0,0,0,16000,16000,0,0,0,0,0
579830676,70,2,3,91189.65,30396.55,4988.16,0,0,12745.5,4261.9,0,52946,2535,4650,2350,6352.44,360.65,47166.6666666667,15722.2222222222,779.4,0,0,1,0
342290690,70,2,2,13737.3335619048,6868.66678095238,9006.4,606.2,0,665.5828,106.36,532,333.368761904763,440.5,897,0,0,1149.922,15164.1666666667,7582.08333333333,0,0,0,0,1
38565278,70,2,3,15484.155,5161.385,3697.82,0,0,5812.5,0,103.92,2621.815,0,1992.4,0,1255.7,0,13070,4356.66666666667,259.8,0,0,1,0
738115450,70,2,2,18629.9616666667,9314.98083333333,2165,0,2000,2852,1212.4,931.55,6600.31366666667,1441,903,0,0,524.698,26166.6666666667,13083.3333333333,0,0,0,0,0
574028577,70,2,2,17946.6468,8973.3234,4451.24,1082.5,200,1809.2,0,1166.935,5687.2928,1553,1312,0,0,684.479,31959.3333333333,15979.6666666667,0,0,0,0,0
966190941,70,1,2,15161.6493809524,7580.82469047619,9517.34,2262.858,0,1310,605.767,0,166.684380952381,0,0,0,1299,0,5000,2500,0,0,0,0,1
881854802,70,2,6,19843.255,3307.20916666666,3942.465,0,400,3200,0,2901.1,4377.63,1800,1830,0,1299,93.06,34700,5783.33333333333,0,0,0,0,0
497434590,70,2,4,5559.28000000001,1389.82,3533.28,0,0,2026,0,0,0,0,0,0,0,0,16550,4137.5,0,0,0,0,1
227568453,70,2,4,10945.5573333333,2736.38933333333,2329.54,0,2600,2455,368.05,0,715.027333333333,1800,0,600,77.94,0,20800,5200,0,0,0,0,0
512908576,70,2,5,53297.1253333333,10659.4250666667,7179.14,1792.62,12930,2138.64,2923.4,1064,13421.0703333333,2779.49,3289.5,1100,3379.565,1299.7,35916.6666666667,7183.33333333333,2063.245,0,0,1,0
960602323,70,3,5,15369.1520476191,3073.83040952381,6247.757,1350.96,1020,1081,1191.6,0,1333.47504761905,1390,490,0,1212.4,51.96,22533.3333333333,4506.66666666667,0,0,0,0,0
527334054,70,1,1,4316.94,4316.94,1052.19,0,600,2040,103.92,0,116.91,300,0,0,0,103.92,7000,7000,0,0,0,0,0
269434739,70,2,5,20225.258,4045.0516,9162.28,0,1850,2200,1432.07,500,735.188,2640,1000,0,86.6,619.12,38333.3333333333,7666.66666666667,0,32.908,1,0,0
908594726,70,1,5,11539.281,2307.8562,5014.14,0,0,1727,2456.5,0,912.330999999999,316.5,0,0,909.3,203.51,20690.0033333333,4138.00066666667,0,0,0,0,0
756696462,70,2,1,7651.36876190476,7651.36876190476,103.92,0,0,2740,1200,1000,333.368761904763,1050,1100,0,0,124.08,7050.83333333333,7050.83333333333,0,0,0,0,0
796533859,70,1,4,9918.36226666666,2479.59056666667,2087.06,909.3,2980,1400,164.95,0,926.562266666667,0,355,0,1095.49,0,23400,5850,1095.49,0,0,1,0
529434760,70,1,3,22393.2476666667,7464.41588888889,7430.28,1939.84,0,2455,324.75,2400,4482.02066666667,500,875,1100,736.1,150.257,31135,10378.3333333333,736.1,0,0,1,0
357831285,70,1,2,9418.70980952381,4709.3549047619,2212.63,0,0,4400,51.96,0,1654.71980952381,320,0,0,779.4,0,6000,3000,0,0,0,0,0
573812207,70,1,3,6686.154,2228.718,3935.97,0,970,569.28,0,730.904,0,0,280,0,0,200,16600,5533.33333333333,0,0,0,0,1
905021576,70,2,1,12522.8877,12522.8877,442.4827,303.1,0,1545,268.893,1280,4874.212,2290,480,0,1039.2,0,48750,48750,1515.5,0,0,1,0
768720520,70,1,6,36586.8706666667,6097.81177777778,5845.5,909.3,8500,3759,4268,1732,3800.17066666667,4096,1115,0,1861.9,700,51633.3333333333,8605.55555555556,1861.9,0,0,1,0
209952318,70,1,2,20085.2166666667,10042.6083333333,10140.86,844.35,800,1780,1208.07,0,1843.13666666666,1110,800,0,0,1558.8,14025,7012.5,0,0,0,0,1
133496095,70,2,5,52596.1,10519.22,12124,753.42,8100,4824,9558,2804.33,9570,900,2762.2,96,1104.15,0,35000,7000,0,0,0,0,0
194236353,70,1,6,12178.546,2029.75766666667,3442.35,0,2000,3700,0,0,3036.196,0,0,0,0,0,14000,2333.33333333333,0,0,0,0,0
335836391,70,2,2,53892.9142,26946.4571,11865.2392,0,3000,9838.6,2067.9895,3000,6431.3545,4365.26,6729,2000,2895.471,1700,35012,17506,2681.136,0,0,1,0
689085204,70,1,1,1768.63,1768.63,913.63,0,0,855,0,0,0,0,0,0,0,0,7116.66666666667,7116.66666666667,0,0,0,0,1
49327220,70,2,4,18818.015,4704.50375,4299.69,0,0,1600,0,0,11857.705,1000,0,0,0,60.62,14412,3603,0,0,0,0,0
737275522,70,1,2,12753.041,6376.5205,4286.7,2987.7,800,2450,0,380.31,652.531000000001,0,0,0,1125.8,70,18000,9000,0,0,0,0,0
649872070,70,1,4,40177.1801,10044.295025,15142.01,1342.3,0,2822.4,0,7256.5171,3351.853,216.5,1602.1,0,8443.5,0,38250,9562.5,5174.35,114.312,1,1,0
291019500,70,1,2,8476.57,4238.285,2117.37,0,416,1334,2758.4,300,700.8,600,100,0,0,150,9290,4645,0,0,0,0,0
406031708,70,2,3,21159.24,7053.08,3637.2,1212.4,0,2850,0,0,8227,600,4415.5,0,0,217.14,26000,8666.66666666667,0,0,0,0,0
809286566,70,2,2,17604.1818333333,8802.09091666666,9764.0634,0,0,969.24,771.5368,3509.7051,645.097833333332,333.94,19.97,0,0,1590.6287,18475,9237.5,0,0,0,0,1
181851196,70,1,6,20794.2783333333,3465.71305555555,11045.83,0,3200,590,160,1290,3913.59833333332,400,0,0,108.25,86.6,6506.65,1084.44166666667,0,0,0,0,1
632166258,70,1,5,12291.86,2458.372,5984.06,129.9,2100,650,0,0,2727.9,300,200,0,0,200,19866.6666666667,3973.33333333333,0,0,0,0,0
263219832,70,2,2,15005.12,7502.56,2048.09,476.3,0,1830,236.6,0,1948.5,400,3406.55,0,3897,762.08,24500,12250,779.4,0,0,1,0
502218887,70,2,7,23864.435,3409.205,389.7,0,280,2768.8,4360,600,4688.475,593.3,5064.8,1500,3290.8,328.56,34046,4863.71428571429,1472.2,0,0,1,0
83280187,70,1,9,11564.2907142857,1284.92119047619,6051.175,0,0,1519,99.59,0,3582.76571428572,0,0,0,259.8,51.96,16000,1777.77777777778,0,0,0,0,1
926466757,70,2,3,24326.94,8108.98,3485.65,281.45,3950,5923,272,0,8227,1300,680,0,0,207.84,42558.28,14186.0933333333,0,0,0,0,0
605347866,70,3,4,54773.445,13693.36125,3762.77,0,0,1152.12,35000,0,8901.655,1048,780,1500,1428.9,1200,42000,10500,1428.9,0,0,1,0
810416085,70,3,3,54180.0103666666,18060.0034555555,5824.2397,1363.95,8050,2789.75,2929.467,4100,18984.3536666667,2323,2369.55,0,1905.2,3540.5,54000,18000,1515.5,0,0,1,0
51657724,70,1,3,23385.924,7795.308,5533.74,5455.8,0,2825,649.5,703.51,228.624,300,5200,0,2273.25,216.5,19283.3333333333,6427.77777777778,1796.95,0,0,1,0
879116635,70,2,3,9810.72,3270.24,3368.74,0,0,310,181.86,0,2598,600,25,0,2381.5,345.62,19400,6466.66666666667,0,0,0,0,0
317843525,70,2,4,12877.0608,3219.2652,3031,0,1200,3200,0,1800,1271.9808,850,1400,0,0,124.08,71066.6666666667,17766.6666666667,0,0,0,0,0
585536543,70,2,3,17208.067,5736.02233333333,2467.667,0,2100,2450,1017.55,0,3882.74,2000,0,3000,290.11,0,30526,10175.3333333333,0,0,0,0,0
89508280,70,1,1,6345.59,6345.59,173.2,0,0,2000,329.08,1582.91,1212.4,773,275,0,0,0,4250,4250,0,0,0,0,0
389263637,70,2,5,48452.02,9690.404,4879.91,870.33,4000,2750,1263,1444,25314.3,1916.5,4560,1200,129.9,124.08,46611.85,9322.37,0,0,0,0,0
913877364,70,1,1,13400.9,13400.9,3637.2,0,1900,2640,1169.84,2970,363.3,382,0,0,0,338.56,5600,5600,0,0,0,0,0
140447299,70,2,5,20287.25,4057.45,7746.37,0,500,1532.5,0,0,853.01,476.3,0,7800,1286.01,93.06,17823,3564.6,0,0,0,0,0
819580175,70,1,2,5635.99752380952,2817.99876190476,2000.46,0,610,1234,0,250,666.737523809526,173.2,700,0,0,1.6,9504.64666666667,4752.32333333333,0,0,0,0,0
438175152,70,2,5,14248.214,2849.6428,7542.86,0,0,2004.5,0,0,2211.764,700,1000,0,649.5,139.59,37500,7500,0,0,0,0,1
233689567,70,2,1,38977.50076,38977.50076,625.1221,0,0,1632.146,4652,1044,3637.2,2030.98,1240,22500,359.39,1256.66266,46000,46000,0,0,0,0,0
269385157,70,1,2,11199.63,5599.815,3390.39,303.1,0,3280,320.42,363.72,2221.76,800,0,0,0,520.24,13900,6950,0,0,0,0,0
863853301,70,2,3,17939.48,5979.82666666667,2948.73,909.3,0,3331,279,1299,4330,429,1101,0,3312.45,0,30000,10000,2381.5,0,0,1,0
246166368,70,1,5,13830.2203333333,2766.04406666667,7261.41,346.4,870,1668.8,64,0,1819.61033333333,1300,500,0,0,0,27000,5400,0,0,0,0,1
520396791,70,2,7,9167.541,1309.64871428571,2492.781,2693.26,1500,1611.5,0,0,0,270,600,0,0,0,58395.44,8342.20571428571,0,0,0,0,0
114695516,70,2,2,28896.92,14448.46,6417.06,5455.8,1400,8300,1299,0,0,1600,2600,0,1732,93.06,15000,7500,0,0,0,0,0
163067442,70,2,3,6027.54783333333,2009.18261111111,1147.45,0,0,2390,960,285,645.097833333332,0,600,0,0,0,23133.3333333333,7711.11111111111,0,0,0,0,0
308258699,70,2,4,13032.0643333333,3258.01608333333,640.84,108.25,1700,3075,792,0,921.568333333332,2600,3030,0,0,164.406,50376,12594,0,0,0,0,0
287563113,70,2,5,14071.4389,2814.28778,5858.49,0,0,1375,100,0,3057.8889,600,2287.74,0,606.2,186.12,21240,4248,606.2,0,0,1,0
378537416,70,1,2,8284.251,4142.1255,1329.31,0,2000,2060,320,500,552.940999999999,1050,472,0,0,0,23033.3333333333,11516.6666666667,0,0,0,0,0
383755136,70,1,4,29741.0752,7435.2688,15918.5089,1277.35,0,1165.5,1557.1979,0,4763,0,0,0,2035.1,3024.4184,48000,12000,822.7,0,0,1,1
622439355,70,3,5,48444.012,9688.8024,11418.21,0,0,4428.35,0,0,16490.372,2100,1400,8500,2727.9,1379.18,57000,11400,2727.9,0,0,1,0
711855707,70,1,2,14289.78,7144.89,6746.14,0,2050,1195,506.61,272,562.9,1100,330,750,0,777.13,20100,10050,0,0,0,0,0
617630043,70,2,3,14700.878,4900.29266666667,3648.025,1394.26,2050,825,70,1190,2823.593,900,1550,0,0,250,8000,2666.66666666667,0,0,0,0,0
266517041,70,3,2,68271.0761666667,34135.5380833333,10599.84,4676.4,0,2982.5,173.2,1688.7,45522.1841666667,1520,430,0,0,678.252,55500,27750,0,0,0,0,0
866887039,70,1,3,22085.7503333333,7361.91677777777,4490.21,0,3280,5528,1609.9,1112,1434.24033333333,1150,870,0,1710.35,901.05,20750,6916.66666666667,0,0,0,0,0
457173587,70,2,3,17431.3,5810.43333333333,4503.2,0,1500,6450,303.1,300,2165,0,1750,300,0,160,17700,5900,0,0,0,0,0
425570877,70,2,3,13774.011,4591.337,5183.01,0,0,774,0,0,6062,1280,0,0,0,475.001,29500,9833.33333333333,0,0,0,0,0
641716049,70,2,5,15653.806,3130.7612,6033.855,0,0,5006.75,0,0,2813.201,300,1500,0,0,0,19880.31,3976.062,0,0,0,0,0
355504919,70,1,6,26019.471,4336.5785,6772.12,580.22,100,7547,4252,4330,1605.131,0,400,0,433,0,42017.33,7002.88833333333,0,0,0,0,0
500049349,70,1,5,9205.55257142857,1841.11051428571,1779.63,389.7,0,4616,216.5,0,2000.21257142858,0,0,0,0,203.51,20416.6666666667,4083.33333333333,0,0,0,0,0
730801015,70,1,3,8607.6056666666609,2869.20188888889,2271.951,173.2,990,1250,649.5,0,737.254666666665,600,680,0,1255.7,0,10412,3470.66666666667,0,0,0,0,0
851744453,70,1,6,29135.3633333333,4855.89388888889,7408.63,2961.72,4000,3594.5,567,0,3690.60333333334,450,4650,0,1342.3,470.61,27400,4566.66666666667,1169.1,0,0,1,0
235229770,70,1,2,7637.636,3818.818,3026.67,0,0,1644,0,1299,173.2,750,580,0,0,164.766,8000,4000,0,0,0,0,0
489763512,70,1,4,13891.16,3472.79,5291.26,0,860,4450,0,0,0,1000,500,1660,129.9,0,19700,4925,0,0,0,0,0
915851273,70,2,2,18006.258,9003.129,2528.72,0,1300,1450,1100,7537.54,560,1080,798,0,0,1651.998,15650,7825,0,0,0,0,0
62813334,70,3,2,3161.546,1580.773,961.26,0,0,0,0,0,952.940999999999,0,1100,0,0,147.345,15333.3333333333,7666.66666666667,0,0,0,0,0
320790336,70,1,5,16158.284,3231.6568,7062.23,1320.65,1850,563,77.94,0,2610.124,600,1250,0,216.5,607.84,34000,6800,0,0,0,0,0
771780675,70,1,3,2851.84,950.613333333333,1056.52,0,0,1245,450.32,0,0,100,0,0,0,0,19600,6533.33333333333,0,0,0,0,0
127368953,70,1,5,16420.1881428571,3284.03762857143,4663.41,974.25,4400,1137,1125,798,673.253142857144,336.5,2250,24,0,38.775,15266.6666666667,3053.33333333333,0,0,0,0,0
267426479,70,2,7,23569.6416,3367.09165714286,5230.64,0,0,4370,0,0,11847.8816,800,865,0,0,456.12,39900,5700,0,0,0,0,0
423964972,70,2,3,60178.7366666666,20059.5788888889,15852.13,0,9950,3247.6,6707.98,3300,11448.4466666667,2485,2044.75,0,1970.15,3172.68,39850,13283.3333333333,497.95,433,1,1,0
782877303,70,1,5,11377.2680952381,2275.45361904762,1212.4,0,4000,1590,572,0,3552.86809523809,0,450,0,0,0,7260,1452,0,0,0,0,0
926940776,70,1,2,10436.1736666667,5218.08683333333,3888.34,0,3300,2145.56,51.96,0,184.313666666666,216.5,129.9,0,519.6,0,5000,2500,0,0,0,0,0
882237930,70,2,2,17516.82,8758.41,6113.96,1169.1,1000,3325,736,0,2491.8,1009.5,19.2,0,0,1652.26,30000,15000,0,0,0,0,0
253207552,70,2,4,24019.6349333333,6004.90873333333,7512.55,0,2000,2726.8,373.2,0,8870.10333333334,900,580,0,0,1056.9816,38993,9748.25,0,0,0,0,0
445889767,70,1,3,7950.926,2650.30866666667,4915.416,0,0,1075.8,268.46,350,0,800,0,0,346.4,194.85,6500,2166.66666666667,0,0,0,0,1
426609856,70,2,2,21345.1537,10672.57685,852.5337,0,0,8650,0,4600,3640,500,2100,0,692.8,309.82,29824.3333333333,14912.1666666667,0,0,0,0,0
482688803,70,1,6,10179.782,1696.63033333333,3059.145,0,0,1500,0,0,3870.58699999999,500,714.45,16,519.6,0,13723.9233333333,2287.32055555556,0,0,0,0,0
591946322,70,1,1,15028.38,15028.38,458.98,0,5100,2384,1900.8,129.9,573.2,400,1700,0,2381.5,0,12750,12750,0,0,0,0,0
521742549,70,2,2,12535.428,6267.714,2163.268,0,0,1755,120,7335,433,0,400,0,0,329.16,22250,11125,0,0,0,0,0
672406023,70,2,5,6615.25,1323.05,2537.38,0,0,2350,6.4,0,1017.55,200,400,0,0,103.92,27016.6666666667,5403.33333333333,0,0,0,0,0
115207271,70,1,2,3494.6022,1747.3011,1290.34,0,0,1915,0,108.25,166.0122,15,0,0,0,0,8600,4300,0,0,0,0,0
406835817,70,2,8,18947.47,2368.43375,4022.57,6226.54,1610,1000,223.3,433,913,0,138.56,700,3680.5,0,27168.31,3396.03875,0,0,0,0,0
581058555,70,1,2,7344.59,3672.295,1831.59,0,0,2630,0,950,433,650,850,0,0,0,22700,11350,0,0,0,0,0
191882340,70,2,2,14239.33,7119.665,7322.03,0,0,2705,450.32,108.25,744.76,1889.8,350,0,108.25,560.92,17000,8500,151.55,0,0,1,1
94676701,70,1,4,8794.69880952381,2198.67470238095,4258.555,0,710,1317,350,0,1883.34380952381,259.8,16,0,0,0,5320,1330,0,0,0,0,0
920063342,70,2,6,16674.97,2779.16166666667,4256.39,259.8,0,1366,86.6,0,5079.09,0,320,0,4416.6,890.49,23866.6666666667,3977.77777777778,303.1,0,0,1,0
924282848,70,2,2,13747.7031666667,6873.85158333333,3102.445,0,860,3332.34,0,3856.5145,184.313666666666,0,2156.09,0,0,256,20000,10000,0,0,0,0,0
769090002,70,2,5,16646.97,3329.394,4252.06,0,4230,2303.91,0,0,4763,400,698,0,0,0,18800,3760,0,0,0,0,0
287947940,70,1,1,11503.13,11503.13,723.11,307.43,1700,1122.59,5170,380,300,0,1800,0,0,0,3885.31,3885.31,0,0,0,0,0
801927677,70,1,4,26754.2936666667,6688.57341666667,1107.3975,0,1500,9108,1400,200,8058.07616666666,1994,620,1500,666.82,600,47184.3333333333,11796.0833333333,108.25,0,0,1,0
93414472,70,2,1,25538.34,25538.34,5828.18,866,0,1096,259.8,0,11031,1100,1668,0,2901.1,788.26,28000,28000,129.9,0,0,1,0
444041343,70,2,5,15985.906,3197.1812,8560.41,1775.3,700,863.75,0,0,1971.836,0,400,0,1428.9,285.71,11485,2297,0,0,0,0,1
60692080,70,3,2,13068.1602,6534.0801,3891.4143,1212.4,1000,1154.87,313.305,1815.6989,562.9,1000,1184.312,160,0,773.26,26905,13452.5,0,0,0,0,0
487985465,70,1,5,17134.867,3426.9734,4442.58,0,4500,1256.06,238.15,0,4303.58699999999,346.4,0,0,1775.3,272.79,18251,3650.2,1775.3,0,0,1,0
994568011,70,1,4,16927.1923333333,4231.79808333333,2015.615,0,2050,3150,151.55,7061.5,368.627333333333,1000,1000,0,129.9,0,21233.3333333333,5308.33333333333,0,0,0,0,0
425784204,70,2,3,46399.1077,15466.3692333333,7912.1657,129.9,0,3771.05,0,3364.41,13294.252,5007.25,5665,0,1125.8,6129.28,46000,15333.3333333333,0,400,1,0,0
388716765,70,1,4,6421.212,1605.303,3351.42,0,400,1390.71,0,0,391.432,216.5,0,0,454.65,216.5,11840,2960,0,0,0,0,1
431488554,70,2,2,21707.4893,10853.74465,4425.5198,398.36,0,1395.705,1887.685,0,5263.8825,2587,2472.5,0,454.65,2822.187,9350,4675,0,0,0,0,0
55355077,70,1,2,21083.54,10541.77,9920.03,433,6380,1470,224.8,151.55,1264.36,300,600,0,0,339.8,15849.28,7924.64,0,0,0,0,0
105902925,70,2,4,11664.8461428571,2916.21153571428,3134.92,0,0,821.555,108.25,0,1615.46114285714,3985.99,1530,0,173.2,295.47,28233.3333333333,7058.33333333333,0,0,0,0,0
495361499,70,1,6,13622.307,2270.3845,5994.885,1870.56,600,1800,909.3,220.83,1019.282,519.6,60,0,454.65,173.2,47766.6666666667,7961.11111111111,0,0,0,0,0
274633366,70,1,3,23804.8578333333,7934.95261111111,6528.5575,0,0,3720,922.29,3710.15,2027.45033333333,1766.5,2848,0,1472.2,809.71,22500,7500,1472.2,0,0,1,0
294317465,70,1,3,1924.74366666667,641.581222222222,212.17,0,0,1528.26,0,0,184.313666666666,0,0,0,0,0,17366.6666666667,5788.88888888889,0,0,0,0,0
237826783,70,1,5,8785.347,1757.0694,3509.465,0,0,2080,0,0,1355.882,100,740,1000,0,0,7200,1440,0,0,0,0,0
260585981,70,1,2,9625.97733333333,4812.98866666666,1277.35,0,900,2700,0,1750,368.627333333333,1764,0,0,866,0,10316.6666666667,5158.33333333333,866,0,0,1,0
802421867,70,2,5,30143.89459,6028.778918,8763.487,1415.79309,3999,787,93.7445,0,4546.5,1000,1770,0,3788.75,3979.62,46000,9200,194.85,0,0,1,0
540343025,70,1,9,18918.8185,2102.09094444444,4409.672,415.68,2910,2900,0,250,3594.11649999999,430,300,700,3009.35,0,54555,6061.66666666667,2208.3,0,0,1,0
931881904,70,2,1,12885.6483333333,12885.6483333333,4641.76,0,800,1425,1552.87,140,674.758333333332,385,2023.55,0,476.3,766.41,22390,22390,0,0,0,0,0
70291780,70,3,6,22525.123,3754.18716666666,10158.613,853.01,2100,1624,2614,0,1299,1416.5,400,2060,0,0,33220,5536.66666666667,0,0,0,0,0
137460777,70,1,5,13895.81,2779.162,8906.81,0,3090,600,0,0,1299,0,0,0,0,0,13900,2780,0,0,0,0,1
83440420,70,1,2,15466.9898809524,7733.49494047619,4589.8,0,1000,2608.43,502.28,3429.36,2333.1998809523802,0,700,0,0,303.92,11500,5750,0,0,0,0,0
61938684,70,1,7,11011.642,1573.09171428571,2585.01,1190.75,0,2230,0,3000,1105.882,0,900,0,0,0,34100,4871.42857142857,0,0,0,0,0
396247304,70,2,4,7977.9,1994.475,1550.14,0,0,900,0,0,0,2000,728,1200,866,733.76,17000,4250,1472.2,0,0,1,0
870614607,70,2,3,28641.725,9547.24166666666,10976.55,1485.19,4185,1003,1827.6,0,5323.735,1190,890,0,1320.65,440,22500,7500,1320.65,0,0,1,0
670271292,70,1,7,9154.15485714286,1307.73640816327,2491.915,1169.1,1975,1694,0,0,1457.53985714286,0,280,0,0,86.6,28500,4071.42857142857,0,0,0,0,0
872461545,70,1,5,34370.3200666667,6874.06401333333,7747.1494,736.1,3100,1150,6008.72,0,3791.63666666666,1379.5,6692.394,0,1688.7,2076.12,17000,3400,1688.7,0,0,1,0
414135919,70,2,3,20208.563,6736.18766666667,3126.26,1801.28,5050,4705,232,64,4213.523,0,600,0,216.5,200,20912,6970.66666666667,0,0,0,0,0
411683516,70,1,2,14084.6703333333,7042.33516666666,1208.07,0,0,1117,0,8552.15,2027.45033333333,280,650,0,0,250,11488.3333333333,5744.16666666667,0,0,0,0,0
554166341,70,2,16,20682.6998333333,1292.66873958333,13470.63,0,1710,2494.19,1500,0,1447.87983333333,0,60,0,0,0,37400,2337.5,0,0,0,0,1
40051483,70,3,3,27049.186,9016.39533333334,3316.78,238.15,1225,64,750,0,8045.5,780,2145.89,6960,2121.7,1402.166,34266.6666666667,11422.2222222222,736.1,0,0,1,0
898699869,70,2,4,17064.22,4266.055,8677.32,0,0,1893,493.62,1625.57,2598,600,1124.75,0,0,51.96,23600,5900,0,0,0,0,1
244614096,70,2,4,37178.6474714286,9294.66186785714,9694.7834,562.9,3053,2073.71,0,1759.6731,11742.7125714286,3203.22,980,0,1732,2376.6484,63291.6666666667,15822.9166666667,0,0,0,0,0
604594258,70,2,3,13075.8403333333,4358.61344444445,3337.3042,0,0,2848,224.9205,0,1453.04133333333,0,3245,0,779.4,1188.1743,73000,24333.3333333333,0,0,0,0,0
688814595,70,2,5,13960.8688095238,2792.17376190476,1857.57,0,0,1709.5,0,0,1678.84380952381,200,285,4300,3767.1,162.855,49240,9848,3767.1,0,0,1,0
3553475,70,1,6,14617.75,2436.29166666667,2229.95,0,1800,3120,188,2532,2294.9,519.6,1340,0,0,593.3,32000,5333.33333333333,0,0,0,0,0
319868299,70,2,1,11495.55,11495.55,2966.05,649.5,0,4815,100,0,2165,0,800,0,0,0,12000,12000,0,0,0,0,0
282391145,70,2,5,21644.5848095238,4328.91696190476,6020.865,324.75,4360,787.44,240,0,5094.34380952381,665,2784.75,0,1234.05,133.386,39832,7966.4,844.35,133.386,1,1,0
306517720,70,1,2,12062.41,6031.205,2108.71,0,0,6100,0,0,3593.9,0,0,0,0,259.8,21200,10600,0,0,0,0,0
182182632,70,2,5,34503.96,6900.792,9093,2771.2,5100,3970,1600,0,2338.2,2745,3116.5,0,1169.1,2600.96,42600,8520,0,0,0,0,0
862876888,70,2,3,7945.005,2648.335,1766.64,0,685,1153.475,418.6,0,1299,0,1700,0,0,922.29,5518,1839.33333333333,0,0,0,0,0
433015175,70,3,4,63672.9561,15918.239025,11695.5898,1467.87,7850,5180,300.763,2778.0024,7322.178,3495.9,6023.78,14545,0,3013.8729,70000,17500,0,0,0,0,0
680847564,70,1,5,28332.29,5666.458,5603.02,0,2000,7621,0,1600,7159.38,956.2,1160,0,1320.65,912.04,45000,9000,281.45,0,0,1,0
863853916,70,2,3,13888.68,4629.56,1905.2,125.57,300,1707,800,1000,2684.6,1200,0,1800,2273.25,93.06,33000,11000,1926.85,0,0,1,0
595587805,70,2,1,40190.38,40190.38,1905.2,597.54,7000,4300,719.4,1930,12671,700,6296,2300,1299,472.24,41250,41250,0,0,0,0,0
153934959,70,3,4,8431.13623333333,2107.78405833333,1509.5679,0,0,4000,0,0,921.568333333332,1395,605,0,0,0,18734.9766666667,4683.74416666667,0,0,0,0,0
618414904,70,1,4,12813.85,3203.4625,3810.4,0,3500,2550,0,694.85,1299,0,440,0,519.6,0,57750,14437.5,0,0,0,0,0
851323969,70,1,1,11626.496,11626.496,1091.16,0,3000,3500,480,0,342.936,800,1000,0,1212.4,200,11000,11000,0,0,0,0,0
649643132,70,2,6,8802.64416666667,1467.10736111111,3554.93,216.5,0,1900,240,0,620.784166666666,250,1280,0,606.2,134.23,28345.1833333333,4724.19722222222,0,0,0,0,0
240994167,70,2,5,32168.32,6433.664,6642.22,0,450,12750,160,2315,4589.8,1600,120,180,2901.1,460.2,57600,11520,0,0,0,0,0
816047662,70,2,3,28140.16,9380.05333333333,1909.53,0,3900,7113,1760,0,8864,1612.8,1500,0,939.61,541.22,47066.6666666667,15688.8888888889,649.5,0,0,1,0
515467134,70,2,4,14229.656,3557.414,5585.7,0,1970,1508.13,372.38,0,3543.672,835,300,0,0,114.774,22800,5700,0,0,0,0,0
568732299,70,1,4,30338.2902,7584.57255,3857.7702,0,10460,1835,1750,0,3351.42,1950,1600,1950,3334.1,250,63416.6666666667,15854.1666666667,519.6,0,0,1,0
383909839,70,2,3,14846.7016666667,4948.90055555556,5823.85,0,0,2340,854,0,3728.85166666667,1500,600,0,0,0,24966.6666666667,8322.22222222222,0,0,0,0,0
712881678,70,1,5,6799.572,1359.9144,961.26,0,0,3424,0,0,114.312,350,1950,0,0,0,31098.6666666667,6219.73333333333,0,0,0,0,0
750555218,70,1,3,5610.54,1870.18,1030.54,0,0,3280,0,0,0,150,1150,0,0,0,3000,1000,0,0,0,0,0
331957745,70,2,5,29145.9529,5829.19058,9339.1605,0,760,3013,2768.47,1392.3,5384,920,3300,300,0,1969.0224,35000,7000,0,0,0,0,0
551113874,70,3,3,23428.51,7809.50333333333,1069.51,0,3520,13500,240,0,0,600,3200,0,1299,0,50000,16666.6666666667,1299,0,0,1,0
203514541,70,3,5,51861.24,10372.248,19415.72,0,1300,3570,3797.06,5156.8,9567.8,1180,2000,2000,0,3873.86,44000,8800,0,1920.8,1,0,0
78656149,70,2,2,6058.11,3029.055,2147.68,0,0,526.85,0,2598,545.58,240,0,0,0,0,7833.33333333333,3916.66666666667,0,0,0,0,0
178960340,70,1,2,5841.62,2920.81,2048.09,0,1550,800,0,0,744.76,400,0,0,0,298.77,6366.66666666667,3183.33333333333,0,47.63,1,0,0
416978234,70,2,3,18319.385,6106.46166666667,2003.924,0,600,6500,0,0,5736.541,700,190.52,0,1948.5,639.9,28000,9333.33333333333,649.5,0,0,1,0
399956769,70,1,3,25449.9666666667,8483.32222222222,8116.585,1156.11,3615,2451,3929.48,550,1477.25166666667,430,1701.8,0,1688.7,334.04,15535.5,5178.5,0,0,0,0,0
870500155,70,1,10,20516.6053333333,2051.66053333333,4581.14,3182.55,0,1354,3124,86.6,4792.15533333333,649.5,2450.16,0,216.5,80,33230,3323,0,0,0,0,0
590767787,70,2,4,9477.65,2369.4125,5940.76,649.5,25,850,424.34,0,638.75,0,40,0,0,909.3,13278,3319.5,0,0,0,0,1
853917117,70,2,3,12213.3,4071.1,1991.8,0,0,5197.2,0,0,966,950,900,0,2208.3,0,26000,8666.66666666667,2208.3,0,0,1,0
581344615,70,1,3,8304.20128571429,2768.0670952381,2673.775,0,0,376,0,3663.18,1000.10628571429,340,0,0,0,251.14,18662,6220.66666666667,0,0,0,0,0
658231616,70,2,5,11872.1739333333,2374.43478666667,2788.52,0,1500,2050,226.345,510.62,2381.84893333333,650,480,0,584.55,700.29,29600,5920,194.85,0,0,1,0
288696279,70,2,1,10679.93,10679.93,5923.44,0,0,1290,1281.68,0,0,1005,400,0,0,779.81,11900,11900,0,0,0,0,1
378717859,70,2,3,24944.5426,8314.84753333333,10966.4611,1086.83,1050,2102.8,384.54,600,4150.7655,1480,2000,0,974.25,148.896,37333.3333333333,12444.4444444444,866,562.9,1,1,0
320117732,70,1,6,6915.94,1152.65666666667,4217.42,536.92,0,1675,0,100,0,0,300,0,0,86.6,6316.66666666667,1052.77777777778,0,0,0,0,1
547348892,70,1,5,8469.067,1693.8134,2736.127,0,30,766.1,2880,0,1506.84,50,500,0,0,0,17633.3333333333,3526.66666666667,0,0,0,0,0
968273496,70,3,3,18041.03,6013.67666666667,4897.23,0,3449,6399,303,0,0,750,1400,0,692.8,150,37000,12333.3333333333,0,0,0,0,0
693703693,70,2,7,16510.2442,2358.60631428571,6518.815,0,0,2493.86,0,4162.1692,0,1295.29,0,1500,0,540.11,27600,3942.85714285714,0,0,0,0,0
92265871,70,2,5,14502.19,2900.438,4386.29,779.4,3000,3570,0,0,0,2416.5,350,0,0,0,31800,6360,0,0,0,0,0
168018224,70,2,5,17721.875,3544.375,4857.827,0,0,7050,86.6,0,1220.808,2090,500,0,1558.8,357.84,30008,6001.6,0,0,0,0,0
932755577,70,1,6,25461.3866666667,4243.56444444444,7622.965,0,0,9415,433,1279.4,2943.75166666667,1520,0,0,2247.27,0,36504,6084,1991.8,0,0,1,0
255752187,70,1,3,28716.4276,9572.14253333333,9586.62,0,3270,4228,6232,1784,158.4,1500,1438,0,0,519.4076,34158.28,11386.0933333333,0,0,0,0,0
485990368,70,1,4,6857.01666666666,1714.25416666667,259.8,848.68,0,1660,0,0,2276.13666666666,0,729.9,0,1082.5,0,13000,3250,0,0,0,0,0
137775166,70,1,5,7601.19833333333,1520.23966666667,1130.13,0,450,3150,0,0,1354.56833333333,216.5,1300,0,0,0,12000,2400,0,0,0,0,0
559489856,70,2,5,28368.7783333333,5673.75566666667,13009.485,164.54,1570,1718,676,0,8806.90333333333,705.9,1220,0,194.85,303.1,21320.3333333333,4264.06666666667,194.85,0,0,1,0
852990755,70,1,2,7082.28,3541.14,3165.23,0,0,1749,0,0,259.8,0,1800,0,0,108.25,12966.6666666667,6483.33333333333,0,0,0,0,0
332582965,70,3,4,50234.7693333334,12558.6923333333,11015.52,433,3900,3950,5794,1064.6,7403.50933333333,1200,2800,9200,3117.6,356.54,60000,15000,0,0,0,0,0
743053240,70,2,3,3316.79,1105.59666666667,640.84,0,0,2611,0,64.95,0,0,0,0,0,0,10000,3333.33333333333,0,0,0,0,0
140511193,70,1,1,7266.46,7266.46,671.15,0,2100,1125,1418.25,0,1026,400,0,0,433,93.06,4533.33333333333,4533.33333333333,0,0,0,0,0
490984544,70,2,5,55084.365,11016.873,9206.879,866,4950,2800,1375,0,5383.056,5000,4650,6500,10651.8,3701.63,61000,12200,6754.8,0,0,1,0
234438089,70,3,3,10800.223,3600.07433333333,5997.05,671.15,400,1000,0,21.65,641.272999999999,500,443.3,0,1125.8,0,26000,8666.66666666667,0,0,0,0,1
992092029,70,1,1,19073.049,19073.049,3637.2,0,2700,5375,765.977,1730,27.712,2100,630,0,0,2107.16,9666.66666666667,9666.66666666667,0,0,0,0,0
704526164,70,1,2,9634.28033333334,4817.14016666667,4096.18,303.1,300,3440,0,0,793.400333333334,500,201.6,0,0,0,23666.6666666667,11833.3333333333,0,0,0,0,0
176619731,70,2,5,31037.1741666667,6207.43483333333,8274.63,0,10650,1840,0,4200,2056.88416666667,1060,1647.45,170,389.7,748.51,36666.6666666667,7333.33333333333,0,0,0,0,0
677686491,70,1,2,7429.32783333334,3714.66391666667,541.25,2320.88,0,1670,0,0,904.897833333332,550,100,0,1342.3,0,10300,5150,433,0,0,1,0
287622070,70,1,3,15509.7136666667,5169.90455555556,2706.25,562.9,50,7142.6,60,0,2392.61366666667,639.6,740,0,1190.75,25,3017.33333333333,1005.77777777778,1190.75,0,0,1,0
724446042,70,2,5,9710.5,1942.1,3247.5,0,2970,1160,0,0,0,433,1900,0,0,0,32000,6400,0,0,0,0,0
360564932,70,1,3,8566.395,2855.465,1701.69,0,300,3000,0,0,2764.705,0,450,0,0,350,10851,3617,0,0,0,0,0
595275812,70,2,3,19517.274,6505.758,2801.51,0,5000,1899,0,2650,2451.764,1350,1566,0,1299,500,36083.3333333333,12027.7777777778,0,0,0,0,0
284889254,70,2,1,17628.0556666667,17628.0556666667,6809.4879,458.98,0,1499,781.4351,0,5071.15166666667,940,1160,0,0,908.001,21000,21000,0,0,0,0,0
582694142,70,1,3,7701.595,2567.19833333333,4602.79,0,180,1150,129.9,346.4,0,433,277.12,0,0,582.385,12100,4033.33333333333,0,0,0,0,1
474894535,70,1,6,9200.10286666667,1533.35047777778,2372.84,0,0,5659,307.43,0,557.732866666667,259.8,0,0,0,43.3,18050,3008.33333333333,0,0,0,0,0
314005442,70,2,5,47913.5823333333,9582.71646666666,11816.57,1610.76,1100,3116.3,4255.487,0,16200.0653333333,3432,2755,0,3377.4,250,59500,11900,1385.6,0,0,1,0
566648216,70,1,3,6869.999,2289.99966666667,1162.605,0,880,1350,0,802.69,433,100,996,0,0,1145.704,9200,3066.66666666667,0,200,1,0,0
30258161,70,2,3,16130.505,5376.835,2080.565,0,3100,1252.7,2877.54,4120.7,1299,900,500,0,0,0,30297.8333333333,10099.2777777778,0,0,0,0,0
273239913,70,1,8,2664.78752380953,333.098440476191,151.55,0,0,1630,0,0,710.037523809526,173.2,0,0,0,0,10800,1350,0,0,0,0,0
245479676,70,1,3,5980.25,1993.41666666667,974.25,0,0,2000,560,0,866,0,1580,0,0,0,4833.33333333333,1611.11111111111,0,0,0,0,0
935654321,70,1,2,8112.54066666667,4056.27033333333,922.29,0,790,500,0,3165.23,435.020666666667,1000,1200,0,0,100,16000,8000,0,0,0,0,0
89588768,70,1,2,8382.01799999999,4191.009,3329.77,1039.2,200,1285,294.8,0,1592.3,216.5,350,0,0,74.448,11000,5500,0,0,0,0,0
877254191,70,2,2,19559.2038095238,9779.60190476191,1844.58,0,190,9950.78,1120,0,5713.84380952381,640,100,0,0,0,19500,9750,649.5,0,0,1,0
676199587,70,2,4,49802.1283333333,12450.5320833333,8062.46,0,2420,3410,340,6700,20623.0683333333,0,5454.8,800,1991.8,0,35333.3333333333,8833.33333333333,1991.8,0,0,1,0
326802216,70,2,3,22479.4749666667,7493.15832222222,6278.5866,2082.73,0,3404.135,363.72,3541.94,4008.13666666666,1288,648,0,0,864.2267,25200,8400,0,0,0,0,0
169847745,70,2,5,58194.7661666667,11638.9532333333,13821.36,1320.65,4000,7963.5,454.25,2572.2,9360.66616666666,3791.8,4170.4,5500,4849.6,390.34,25833.3333333333,5166.66666666667,2684.6,0,0,1,0
378043852,70,2,4,13346.9256666667,3336.73141666667,4377.63,476.3,0,2649,16,0,3122.19566666666,1440,250,0,467.64,548.16,38000,9500,0,0,0,0,0
96120324,70,2,1,15389.676,15389.676,2165,2424.8,0,2790,0,5397,2165,330,0,0,0,117.876,3500,3500,0,0,0,0,0
410900602,70,2,3,9593.91066666667,3197.97022222222,1905.2,0,250,1350,133.3,0,3082.29066666667,1060,1120,0,519.6,173.52,22700,7566.66666666667,519.6,0,0,1,0
618994282,70,2,2,23459.3503333333,11729.6751666667,2675.94,433,2400,1137.5,108.25,1250.11,8423.45033333333,1766,465,0,3680.5,1119.6,28600,14300,2468.1,0,0,1,0
875423998,70,2,3,15214.22,5071.40666666667,4730.525,1212.4,0,2610,433,0,4345.155,400,150,0,866,467.14,31000,10333.3333333333,0,0,0,0,0
608056705,70,2,5,6986.08,1397.216,2299.23,0,450,1115.76,0,0,1299,340,300,0,1182.09,0,40333.3333333333,8066.66666666667,541.25,0,0,1,0
