id,provincia,propauto,cantmiem,gastot,gastotpc,gc_01,gc_02,gc_03,gc_04,gc_05,gc_06,gc_07,gc_08,gc_09,gc_10,gc_11,gc_12,ingtoth,ingpch,tn_restaurant,tn_internet,cat_gastos_internet,cat_gastos_restaurant,cat_gastos_alimentos
424197498,26,2,6,33719.1369,5619.85615,12024.41,0,2250,3829.4869,6630,0,2848,2199,2966,0,0,972.24,43713.3333333333,7285.55555555556,0,0,0,0,0
486398547,26,1,3,12975.7,4325.23333333333,5555.39,0,0,2698.5,818.37,0,0,2292.5,1100,0,0,510.94,16950,5650,0,0,0,0,0
771914626,26,1,3,17769.64,5923.21333333333,4135.15,0,2020,6572.05,0,0,2026.44,1666,1350,0,0,0,46583.3333333333,15527.7777777778,0,0,0,0,0
955724605,26,2,4,20341.4878,5085.37195,5949.1602,0,1240,3076.89,1611.37,0,3637.2,2661,1748,0,0,417.8676,30755,7688.75,0,0,0,0,0
964642540,26,2,2,20209.9645,10104.98225,2529.3695,1058.685,500,3020,629.43,0,2165,1200,8405,0,0,702.48,13000,6500,0,0,0,0,0
714383861,26,1,1,12292.229,12292.229,2369.809,1532.82,0,2770,0,0,0,770,0,0,4849.6,0,30585.3333333333,30585.3333333333,1818.6,0,0,1,0
446585389,26,1,1,21794.7727,21794.7727,10133.8887,2511.4,0,1237,5448.976,0,0,155,890,0,0,1418.508,27600,27600,0,0,0,0,0
848496559,26,1,1,4781.02,4781.02,796.72,0,0,1985,0,0,562.9,300,1050,0,0,86.4,7883.33333333333,7883.33333333333,0,0,0,0,0
406990121,26,1,3,10342.7006,3447.56686666667,3951.2116,0,0,920,65,0,138.56,433,3054,0,0,1780.929,19200,6400,0,0,0,0,0
991857765,26,2,3,12253.84,4084.61333333333,671.15,0,1500,3070,0,0,2736.56,2000,1200,0,649.5,426.63,70633.3333333333,23544.4444444444,0,0,0,0,0
24704029,26,2,3,33455.74,11151.9133333333,2299.23,151.55,900,10500,6877.8,650,4330,1700,1400,4000,0,647.16,35000,11666.6666666667,0,0,0,0,0
397350859,26,2,3,24418.7742,8139.5914,10173.1618,0,0,5696,581.717,0,2829,1387,2228,0,625,898.8954,41730,13910,0,0,0,0,0
200263673,26,2,5,12722.504,2544.5008,1814.27,853.01,0,1790,576,0,4512,1123,1892.92,0,0,161.304,24033.3333333333,4806.66666666667,0,0,0,0,0
582251160,26,2,2,11712.6876,5856.3438,826.6836,0,220,2000,242,736.1,3081,1600,1553.364,0,346.4,1107.14,28800,14400,346.4,0,0,1,0
12444576,26,1,4,36902.481,9225.62025,6605.415,0,8850,6094.5,4000,2316.55,168,850,4515,3000,0,503.016,46837,11709.25,0,0,0,0,0
30728327,26,2,3,7949.835,2649.945,3470.495,0,0,1005,0,0,1732,0,600,0,822.7,319.64,15166.6666666667,5055.55555555556,822.7,0,0,1,0
893537615,26,1,6,10311.21,1718.535,4230.41,805.38,0,1748,400.8,0,0,870,1206.71,0,0,1049.91,41016.6666666667,6836.11111111111,0,0,0,0,0
202431079,26,1,2,17552.34,8776.17,6603.25,0,1850,2919.12,288,192,0,2499,1430,0,1628.08,142.89,18633.3333333333,9316.66666666667,0,0,0,0,0
913467028,26,1,1,3485.07,3485.07,688.47,0,0,1143.4,0,0,225.16,833,500,0,0,95.04,6333.33333333333,6333.33333333333,0,0,0,0,0
694766472,26,1,2,18622.8177,9311.40885,6231.5195,0,0,10388.82,182.6827,816.7679,0,450,0,0,0,553.0276,23633.3333333333,11816.6666666667,0,0,0,0,0
556174565,26,1,1,17811.283,17811.283,1653.627,0,1800,7000,0,0,273.656,300,1144,4000,0,1640,25000,25000,0,0,0,0,0
809118769,26,1,1,6403.41,6403.41,4143.81,0,0,1500,129.9,240,389.7,0,0,0,0,0,6814.66666666667,6814.66666666667,0,0,0,0,1
74308287,26,1,6,14705.8983,2450.98305,6836.6803,2338.2,0,1992.73,0,0,838.288,1600,1100,0,0,0,29361.5,4893.58333333333,0,0,0,0,0
130670601,26,1,4,4886.215,1221.55375,3487.815,0,0,440,258.4,0,0,250,450,0,0,0,11800,2950,0,0,0,0,1
1473280,26,1,1,12150.8715,12150.8715,4162.1259,0,770,6061.39,304,100,0,280,212.17,0,0,261.1856,6666.66666666667,6666.66666666667,0,0,0,0,0
80473912,26,1,3,35494.3,11831.4333333333,12453.08,0,5500,5500,7344.35,0,0,1600,940,800,0,1356.87,20070,6690,0,0,0,0,0
232177286,26,1,2,10903.864,5451.932,2364.18,0,1500,2550,0,0,1449.684,700,2340,0,0,0,6000,3000,0,0,0,0,0
699341812,26,2,3,12498.8486,4166.28286666667,2933.2286,0,890,2615,0,0,2748.5,2466,260,0,0,586.12,21578.3333333333,7192.77777777778,0,0,0,0,0
741025139,26,2,2,10538.9781,5269.48905,3756.5781,433,90,2000,288,0,1645.4,1016,1310,0,0,0,18300,9150,0,736,1,0,0
374993878,26,1,5,37929.67078,7585.934156,4234.74,1732,0,7309,12460,4763,2273.25,1929.5,250,0,2922.75,55.43078,26748.3333333333,5349.66666666667,2251.6,0,0,1,0
516529878,26,3,3,71941.5892,23980.5297333333,10795.2529,276.0375,7240,19907,471.886,240,10162,4971,9800,40,2836.15,5202.2628,110883.333333333,36961.1111111111,0,300,1,0,0
429355004,26,2,3,23538.8227,7846.27423333333,1734.1217,1753.65,1400,10487.88,627.85,3031,1299,1646.38,1200,0,0,358.941,42940,14313.3333333333,0,0,0,0,0
925116766,26,2,5,34180.298,6836.0596,11582.75,0,0,460.35,1286.01,0,2165,1981,2300,0,13617.85,787.338,17100,3420,12124,0,0,1,0
40144465,26,2,4,24849.611,6212.40275,4786.0789,0,1900,4215.607,0,2538.1161,4210.4,2000,3650,0,0,1549.409,41166.6666666667,10291.6666666667,0,0,0,0,0
850958522,26,1,3,10160.5773,3386.8591,4964.8213,0,0,3007.77,257.446,0,900.64,820,80,0,0,129.9,20445,6815,0,0,0,0,0
329057255,26,2,1,64028.61,64028.61,627.85,2550.37,2750,6300,0,1400,34881,1400,8850,1500,2468.1,1301.29,138835.333333333,138835.333333333,0,0,0,0,0
954828075,26,1,3,9956.7624,3318.9208,3882.1914,0,350,1616.97,0,0,337.74,300,1680,0,0,1789.861,8817,2939,0,0,0,0,0
746927016,26,2,2,17634.06,8817.03,3546.27,0,0,2875.15,0,0,2814.5,1976,1875,0,4330,217.14,54333.3333333333,27166.6666666667,4330,0,0,1,0
897031151,26,2,1,24404.3251,24404.3251,3543.9751,1385.6,1590,8000,1159.2,0,4047,1180,890,0,0,2608.55,41183.3333333333,41183.3333333333,1385.6,0,0,1,0
671367713,26,3,4,88116.6159999999,22029.154,12149.98,649.5,7650,610,0,0,24957.866,2050,10520,12342,6365.1,10822.17,88850,22212.5,6365.1,0,0,1,0
227923139,26,2,3,16130.076,5376.692,6438.71,0,310,1271.85,2302.9,513.2,0,1433,0,0,476.3,3384.116,18030.1666666667,6010.05555555556,476.3,0,0,1,0
115641496,26,2,5,10682.6855,2136.5371,4743.2985,0,1380,983.27,287.697,0,0,614,2388.64,0,129.9,155.88,15750,3150,129.9,0,0,1,0
244277343,26,2,4,38176.778,9544.1945,8244.32,0,0,15135.92,0,1408,5948.028,3000,3818.9,0,77.94,543.67,47723.1666666667,11930.7916666667,0,0,0,0,0
19924876,26,1,3,6542.392,2180.79733333333,3127.992,0,0,2800,0,0,0,600,0,0,0,14.4,19333.3333333333,6444.44444444444,0,0,0,0,0
873905599,26,2,6,40591.778,6765.29633333333,11548.11,433,13500,809.51,2340.8,64,6050.558,1662.9,1476,28,216.5,2462.4,63189,10531.5,433,285.78,1,1,0
756719287,26,2,5,33335.987,6667.1974,3212.86,0,0,10841.6,710,7481.2,5129.973,2143,1819.6,0,129.9,1867.854,18741.6666666667,3748.33333333333,0,0,0,0,0
222387649,26,2,4,17244.962,4311.2405,4630.502,0,0,1095,0,606.2,6862,1976.5,1740,0,86.6,248.16,21166.6666666667,5291.66666666667,0,0,0,0,0
792774668,26,1,2,11352.0958,5676.0479,3251.6568,0,0,4629.789,0,1320.65,0,900,1250,0,0,0,35366.6666666667,17683.3333333333,0,0,0,0,0
458432031,26,1,2,19533.902,9766.951,5708.4122,454.65,750,8463,84.435,0,1280,600,30.5698,0,0,2162.835,25666.6666666667,12833.3333333333,0,0,0,0,0
370540383,26,2,1,23213.468,23213.468,3059.145,649.5,0,13360,652.531,0,4849.6,500,0,0,0,142.692,16250,16250,0,0,0,0,0
309991181,26,3,4,61937.7362,15484.43405,4546.5,471.97,8000,7537.96,3320,600,24428.9062,2500,6712,1200,0,2620.4,82333.3333333333,20583.3333333333,0,320,1,0,0
266927292,26,1,1,7480.55,7480.55,2576.35,1818.6,600,1000,0,0,866,0,100,0,519.6,0,14154.9133333333,14154.9133333333,0,0,0,0,0
641444526,26,2,6,11015.637,1835.9395,2416.573,0,0,3000,155.88,0,3004.684,1141.5,1297,0,0,0,8640.23,1440.03833333333,0,0,0,0,0
145397491,26,2,3,20047.03,6682.34333333333,1277.35,649.5,3000,3730,100,0,951,6160,2700,1200,0,279.18,16300,5433.33333333333,0,0,0,0,0
330826010,26,2,4,54521.8604,13630.4651,18080.1315,0,8300,2696,2864,9492.107,4424,1912,6212,0,0,541.6219,54966.6666666667,13741.6666666667,0,0,0,0,0
547655296,26,1,3,26883.91,8961.30333333333,7867.61,0,0,5640,2500,0,5715.6,1106,900,0,2554.7,600,28916.6666666667,9638.88888888889,0,0,0,0,0
869941005,26,2,2,13426.831,6713.4155,2415.707,168.87,0,2575,295,50,3367.5,1746.2,1747,0,822.7,238.854,59873.6666666667,29936.8333333333,822.7,0,0,1,0
484912099,26,1,3,8951.932,2983.97733333333,3160.9,0,0,1645,0,0,1300.732,350,1240,0,1082.5,172.8,26166.6666666667,8722.22222222222,0,0,0,0,0
942223559,26,1,4,29012.6095,7253.152375,13343.1115,2058.482,2200,1203,2001.759,1749.32,1562.264,616.5,1400,0,1353.558,1524.615,49543.1666666667,12385.7916666667,779.4,0,0,1,0
848102229,26,2,4,7623.69,1905.9225,1918.19,0,0,580,0,0,2598,360,800,0,0,1367.5,15920.36,3980.09,0,0,0,0,0
322586771,26,2,2,4395.49,2197.745,541.25,0,0,975,0,0,2165,0,0,0,0,714.24,38755,19377.5,0,0,0,0,0
368446631,26,2,3,17860.72,5953.57333333333,1515.5,0,0,11720,558.57,0,0,1500,950,0,0,1616.65,44700,14900,0,0,0,0,0
285796445,26,2,5,19463.692,3892.7384,3851.535,1419.807,2200,3090,846.515,0,3316.78,2360.5,1245.57,0,736.1,396.885,16916.6666666667,3383.33333333333,0,0,0,0,0
853162607,26,2,4,18871.524,4717.881,2074.07,0,2110,3040,0,0,3594.098,1500,900,0,5196,457.356,67166.6666666667,16791.6666666667,5196,0,0,1,0
538283744,26,2,4,9613.422,2403.3555,2628.31,0,0,2650,259.8,0,0,1500,1544,0,0,1031.312,60133.3333333333,15033.3333333333,0,0,0,0,0
398205485,26,1,1,21694.7492,21694.7492,3886.0884,0,0,2190,10547.93,2895.7308,0,1200,975,0,0,0,17000,17000,0,0,0,0,0
225811070,26,1,2,3594.4,1797.2,2355.52,0,0,836.5,0,0,155.88,216.5,30,0,0,0,3860.74,1930.37,0,0,0,0,1
835272274,26,2,4,20676.75,5169.1875,2424.8,476.3,0,2345,48,0,6194.946,2133,4600,0,1504.1,950.604,27393.3333333333,6848.33333333333,0,0,0,0,0
927857212,26,2,1,24006.53,24006.53,1234.05,259.8,5560,10709.5,752,0,2632,0,1700,0,0,1159.18,81483.3333333333,81483.3333333333,0,750,1,0,0
494222218,26,2,2,14294.89,7147.445,2814.5,0,240,3432,2390.11,50,2338.2,1090,1360,0,207.84,372.24,28100,14050,0,0,0,0,0
728716136,26,2,5,25797.061,5159.4122,5356.21,2273.25,0,2995,0,692,3930.341,1900,2000,4800,1082.5,767.76,40550,8110,0,0,0,0,0
486052569,26,2,2,25671.634,12835.817,7648.512,3121.93,0,9375.795,559.869,0,1688.7,900,1400,0,0,976.828,36219.6666666667,18109.8333333333,0,0,0,0,0
359830587,26,2,2,13837.6,6918.8,2394.49,0,0,2747.43,0,0,3628.54,2200,2650,0,0,217.14,39540,19770,0,0,0,0,0
396535999,26,1,1,23126.64,23126.64,2212.63,0,5000,12000,363.72,0,411.35,0,1795,0,0,1343.94,18000,18000,779.4,0,0,1,0
950674780,26,2,1,14392.09,14392.09,1260.03,3160.9,0,5000,0,0,2026.9,500,890,0,995.9,558.36,25333.3333333333,25333.3333333333,0,0,0,0,0
521983318,26,2,3,44860.7429,14953.5809666667,17826.3069,2341.664,13680,2799,409.9,0,1667.24,1900,965.4,0,389.7,2881.532,119398,39799.3333333333,0,0,0,0,0
601194140,26,2,4,64926.3276,16231.5819,9654.6876,281.45,0,9984.19,0,16900,21650,4000,2000,0,0,456,35000,8750,0,0,0,0,0
781929803,26,2,2,17807.986,8903.993,2182.32,779.4,1405,3505.8,1043.53,1493.6,1376,3221.8,2344.99,0,0,455.546,64666.6666666667,32333.3333333333,0,1392,1,0,0
358134720,26,2,1,16201.244,16201.244,4291.03,2684.6,0,3395,0,0,1732,360,1080,0,1299,1359.614,16833.3333333333,16833.3333333333,1299,0,0,1,0
817054326,26,1,3,8860.605,2953.535,3089.455,0,0,3280,0,0,0,1386.5,1104.65,0,0,0,18000,6000,0,0,0,0,0
158852130,26,2,2,8557.494,4278.747,1060.85,0,0,3050,0,0,2670.744,800,0,200,0,775.9,32500,16250,0,0,0,0,0
689523482,26,2,4,9999.806,2499.9515,1740.66,0,0,2395,0,0,410,1000,1450,0,1970.15,1033.996,29175,7293.75,1970.15,0,0,1,0
862438933,26,2,2,19146.9564,9573.4782,1753.65,0,150,6515.05,135.2,192,4763,715,3020,0,0,1903.0564,2274.59,1137.295,0,0,0,0,0
57397341,26,2,3,17544.772,5848.25733333333,3386.06,1299,0,2562.5,736.1,0,0,2900,2872.2,0,1299,2489.912,173051.666666667,57683.8888888889,0,0,0,0,0
422484215,26,2,4,17818.1134,4454.52835,3013.5934,489.29,780,677.46,132.065,2300,4364,1397,4579.4,0,0,85.305,22916.6666666667,5729.16666666667,0,0,0,0,0
255269765,26,2,1,12277.694,12277.694,3797.41,0,0,2804.52,96,0,4346,216.5,600,0,0,417.264,9716.66666666667,9716.66666666667,0,0,0,0,0
992340689,26,1,3,20775.9095,6925.30316666667,6664.0865,0,5710,1595,377.576,0,2623.98,1882.5,1200,0,0,722.767,20016.6666666667,6672.22222222222,0,0,0,0,0
242627416,26,1,4,9349.728,2337.432,2489.75,251.14,1450,2145.55,0,0,439.928,750,1400,0,0,423.36,92141.6666666667,23035.4166666667,0,0,0,0,0
344798402,26,2,2,26493.5,13246.75,6018.7,0,1800,1733.82,2331.2,2089.11,3031,1600,7042.9,0,0,846.77,82393.3333333333,41196.6666666667,0,0,0,0,0
719435891,26,2,4,31059.7,7764.925,1861.9,151.55,4900,1090,2750,14150,0,2350,1100,0,2706.25,0,68166.6666666667,17041.6666666667,0,0,0,0,0
400393491,26,2,2,38491.21,19245.605,3615.55,0,0,22818,0,0,1018,1575,1880,0,7144.5,440.16,195453.333333333,97726.6666666667,6278.5,0,0,1,0
540589065,26,2,1,11423.476,11423.476,1212.4,0,0,2480,0,0,2598,1630,1480,0,1905.2,117.876,45483.3333333333,45483.3333333333,0,0,0,0,0
265940928,26,2,4,10857.7567,2714.439175,5598.6467,0,0,1125.67,0,0,1247.04,390,2496.4,0,0,0,17416.6666666667,4354.16666666667,0,0,0,0,1
296646085,26,1,4,7370.34,1842.585,2836.15,0,0,1450,0,1732,554.24,433,300,0,0,64.95,14800,3700,0,0,0,0,0
601555028,26,2,5,18489.935,3697.987,2186.217,0,1300,9740,0,0,3462.74,560,1120,0,0,120.978,27032.6766666667,5406.53533333333,0,0,0,0,0
111253966,26,1,4,9203.18,2300.795,2762.54,251.14,0,4700,0,0,0,649.5,840,0,0,0,11240,2810,0,0,0,0,0
547766121,26,1,1,3637.4998,3637.4998,1420.4998,0,0,2217,0,0,0,0,0,0,0,0,38083.3333333333,38083.3333333333,0,0,0,0,0
384157548,26,2,3,11933,3977.66666666667,1268.69,770.74,1800,5597.45,160,0,800,0,1200,0,0,336.12,25500,8500,0,0,0,0,0
544619405,26,1,2,23204.449,11602.2245,5519.884,0,0,1680,5163.13,3160.9,0,0,2530,0,0,5150.535,24050,12025,0,0,0,0,0
713071849,26,2,2,6947.7469,3473.87345,2798.1759,779.4,380,1410,0,0,0,500,600,0,0,480.171,21666.6666666667,10833.3333333333,0,0,0,0,0
781764089,26,2,4,41267.56,10316.89,7079.55,1939.84,0,4538.98,2548.27,60,19339.112,1390,1580,0,1796.95,994.858,56991,14247.75,1537.15,0,0,1,0
676189854,26,2,1,32667.9185,32667.9185,4792.7038,526.528,0,14500,181.86,0,4763,1935,2565,0,0,3403.8267,31083.3333333333,31083.3333333333,0,0,0,0,0
325550245,26,1,1,15875.507,15875.507,6333.058,476.3,0,1115.71,1528.49,4500,0,0,600,0,0,1321.949,21975,21975,0,0,0,0,0
928479063,26,1,2,9264.5,4632.25,1385.6,476.3,1500,1610,0,0,0,433,742,0,3117.6,0,17733.3333333333,8866.66666666667,0,0,0,0,0
953845432,26,2,3,19006.8353,6335.61176666667,7513.3294,606.2,0,816.72,968.1,1386.6825,1369,425.6,3500,200,0,2221.2034,20166.6666666667,6722.22222222222,0,25.6,1,0,0
184039498,26,3,3,15813.182,5271.06066666667,3879.68,0,2056,2243.97,0,0,5075.332,750,1525,0,0,283.2,15166.6666666667,5055.55555555556,0,0,0,0,0
952467491,26,2,4,11422.511,2855.62775,3811.3526,0,0,2210.0434,1618.121,0,717.048,600,1270,0,0,1195.946,20250,5062.5,0,0,0,0,0
147081043,26,2,3,32640.12,10880.04,13349.39,0,1200,3140,1711.33,0,5428.86,3150,1900,1100,0,1660.54,52666.6666666667,17555.5555555556,0,0,0,0,0
184615199,26,1,5,13417.916,2683.5832,5698.28,454.65,1350,0,281.45,324.75,949.136,562.9,3489.9,0,0,306.85,15362,3072.4,0,0,0,0,0
558398087,26,1,1,7942.7367,7942.7367,1056.4767,0,0,3015,181.86,0,0,810,900,0,779.4,1200,15000,15000,0,0,0,0,0
951307321,26,1,1,40178.7587,40178.7587,8265.97,0,1650,1880,22540,4542.7887,0,300,500,0,0,500,22190,22190,0,0,0,0,0
752155167,26,2,2,32888.19,16444.095,26322.07,0,450,2500,580,0,580,1100,1170,0,0,186.12,38033.3333333333,19016.6666666667,0,0,0,0,1
379857340,26,1,1,12637.1443,12637.1443,8355.6443,268.46,0,2568,0,0,0,0,1350,0,0,95.04,16250,16250,0,0,0,0,1
86894028,26,1,2,23446.5022,11723.2511,4698.05,194.85,0,11660,1920,1698.6022,0,1800,1033,0,0,442,30333.3333333333,15166.6666666667,0,0,0,0,0
377086472,26,2,2,75575.82,37787.91,9160.115,0,3400,25811,608,8446.345,8170,3030,13700,2500,0,750.36,91679.3333333333,45839.6666666667,0,3720,1,0,0
177012958,26,2,4,63110.77,15777.6925,7114.19,0,4500,15848,4532.82,4299,14495,1600,3260,400,4000,3061.76,102083.333333333,25520.8333333333,0,0,0,0,0
635187845,26,1,3,9748.9267,3249.64223333333,5880.0967,1818.6,0,700,108.25,0,0,566.5,0,0,0,675.48,21250,7083.33333333333,0,0,0,0,1
561910396,26,1,3,27933.26,9311.08666666667,2836.15,238.15,9910,2307,4267.2,0,0,2100,1200,0,2598,2476.76,38916.6666666667,12972.2222222222,0,0,0,0,0
876752364,26,3,5,40362.7255,8072.5451,6111.1455,0,3000,2765,5840,0,9928,4430,1292,0,2338.2,4658.38,119103.666666667,23820.7333333333,2576.35,0,0,1,0
192163973,26,1,2,7343.0394,3671.5197,3105.3894,0,0,1838.06,0,0,99.59,700,1600,0,0,0,7750,3875,0,0,0,0,0
515213042,26,1,3,10728.57,3576.19,2550.37,0,2100,2073.9,562.9,541.25,411.35,0,64,0,0,2424.8,11901.13,3967.04333333333,0,0,0,0,0
542983398,26,1,1,23639.007,23639.007,2125.597,0,250,7755,2296,8637.2,1026.21,600,949,0,0,0,14000,14000,0,0,0,0,0
686013997,26,1,3,15521.285,5173.76166666667,2996.36,0,0,7713.82,909.3,692.8,296.605,400,1300,0,0,1212.4,8200,2733.33333333333,0,0,0,0,0
59815201,26,1,1,4427.61,4427.61,636.51,0,0,2310.9,0,0,0,750,384,0,259.8,86.4,19500,19500,0,0,0,0,0
491471283,26,2,6,39310.2092,6551.70153333334,15983.0692,1783.96,7600,3201.02,129.9,1140,3472.43,3422.5,2060,0,0,517.33,56693.9066666667,9448.98444444444,0,0,0,0,0
650646181,26,2,4,19860.412,4965.103,5271.342,866,1900,2520,627.85,0,3466.75,2532,1355,0,0,1321.47,55166.6666666667,13791.6666666667,0,0,0,0,0
364150367,26,2,3,22720.76,7573.58666666667,5750.24,225.16,2150,5500,272,0,4764.64,1300,1200,0,0,1558.72,34600,11533.3333333333,0,0,0,0,0
849783364,26,2,3,31858.022,10619.3406666667,3986.631,0,6440,2850,1343.917,0,4507.6,2250,8380.908,0,1059.8,1039.166,107916.666666667,35972.2222222222,0,0,0,0,0
902939696,26,2,3,19249.124,6416.37466666667,3615.55,0,0,8553.05,0,0,6789,0,40,0,0,251.524,16170,5390,0,0,0,0,0
44621747,26,2,3,31022.6904,10340.8968,6839.1484,1932.912,2440,8600,597.54,950,2165,1446.5,1768,0,1948.5,2335.09,22750,7583.33333333333,2165,0,0,1,0
541220726,26,3,2,30210.684,15105.342,6230.004,2563.36,6950,4131.5,0,0,4087.2,2000,2790,0,0,1458.62,93000,46500,0,389.7,1,0,0
150111784,26,2,2,14558.94,7279.47,10677.78,0,0,1462,0,0,640,731,800,0,0,248.16,30333.3333333333,15166.6666666667,0,0,0,0,1
402048719,26,1,1,56990.1302,56990.1302,8625.2301,0,901.6,4300,36701.384,801.05,0,360,2005,0,0,3295.8661,52500,52500,0,0,0,0,0
591723627,26,2,4,38629.97,9657.4925,6767.79,0,0,2489.27,800,2192.8,3959.44,6060,3790,5500,5564.05,1506.62,51726.6666666667,12931.6666666667,5304.25,0,0,1,0
378427227,26,2,1,9917.5405,9917.5405,3789.6593,0,0,1517.5,38.4,50,3665,669,0,0,0,187.9812,22000,22000,0,0,0,0,0
707198249,26,2,3,14968.71,4989.57,4897.23,0,0,2242.12,528.26,1750,4330,866,200,0,0,155.1,17416.6666666667,5805.55555555555,0,0,0,0,0
436099122,26,1,1,13204.2117,13204.2117,4821.888,0,1130,2165.4,301.8937,0,736,1290,1870,0,433,456.03,29275.8333333333,29275.8333333333,0,380,1,0,0
299292009,26,2,1,12013.7154,12013.7154,1320.65,0,0,7360,0,303.1,1299,850,300,0,0,580.9654,10000,10000,0,0,0,0,0
519171512,26,2,5,30753.46868,6150.693736,9214.24,1125.8,4560,3515.01,277.12,0,4931.87,2406.5,2205.88,1200,866,451.04868,27116,5423.2,0,1024,1,0,0
708993002,26,2,2,30774.564,15387.282,2095.72,259.8,6500,10704,541.25,0,4609,1600,1480,0,0,2984.794,72820,36410,0,0,0,0,0
651391796,26,1,3,6771.454,2257.15133333333,2299.23,454.65,0,2121,242.48,0,237.284,419.9,880,0,0,116.91,17233.3333333333,5744.44444444444,0,0,0,0,0
196214984,26,1,2,36283.594,18141.797,6043.814,0,880,7580,541.25,150,224,1053,17209.2,0,2338.2,264.13,22096.6666666667,11048.3333333333,0,0,0,0,0
908973041,26,2,4,33473.87,8368.4675,4507.53,519.6,9900,11465.9,0,0,2276,2100,2000,0,0,704.84,78541.6666666667,19635.4166666667,0,0,0,0,0
866476148,26,1,1,27075.935,27075.935,2725.735,0,0,12520,24,9200,606.2,500,1200,0,0,300,42306.6666666667,42306.6666666667,0,0,0,0,0
408918131,26,1,1,8670.56,8670.56,1307.66,0,0,6000,0,0,562.9,200,600,0,0,0,16250,16250,0,0,0,0,0
88650487,26,2,1,18358.742,18358.742,3399.05,0,0,10000,0,0,0,900,1550,0,2338.2,171.492,30573.3333333333,30573.3333333333,0,0,0,0,0
966970565,26,2,5,21752.3842,4350.47684,6899.6385,0,2950,3691.865,226.0235,0,1483.458,2500,1860,0,0,2141.3992,24900,4980,0,0,0,0,0
277717105,26,1,3,11582.6136,3860.8712,5325.5536,0,0,2140,1280,0,1528.49,300,900,0,0,108.57,9000,3000,0,0,0,0,0
937489972,26,1,5,20013.5003,4002.70006,4803.3123,2338.2,2100,1710,192.252,0,0,2300,1200,0,4416.6,953.136,41708.3333333333,8341.66666666667,0,0,0,0,0
623019240,26,3,5,44258.8123,8851.76246000001,9287.8933,924.888,0,11223,2880,982.91,8877.224,4636.8,2500,0,433,2513.097,74899.8333333333,14979.9666666667,0,1756.8,1,0,0
903001695,26,2,3,14708.811,4902.937,2784.623,389.7,0,2640,900.64,0,2511.4,2081,1624.95,0,216.5,1559.998,47500,15833.3333333333,0,0,0,0,0
743852522,26,2,2,18964.921,9482.4605,1324.547,484.96,1050,12000,0,0,1800,1200,950,0,0,155.414,78866.6666666667,39433.3333333333,0,0,0,0,0
719855569,26,2,5,39161.886,7832.3772,9862.874,0,0,3951.05,2297.57,0,7794,3000,1600,3800,3507.3,3349.092,81016.6666666667,16203.3333333333,4070.2,0,0,1,0
105943397,26,2,3,21553.24,7184.41333333333,3702.15,866,3700,8840,0,0,0,800,1000,0,2619.65,25.44,33116.6666666667,11038.8888888889,2619.65,0,0,1,0
383002726,26,2,5,46164.0243,9232.80486,13608.8436,0,2820,13950.675,1435.589,0,6495,2165,1600,0,0,4088.9167,5300,1060,0,0,0,0,0
408217660,26,2,2,24601.3513,12300.67565,2043.76,0,0,2312.82,750,10918.47,4763,1591,1950,0,0,272.3013,21883.3333333333,10941.6666666667,0,0,0,0,0
972482737,26,2,2,31740.936,15870.468,5276.0184,229.49,3700,3957.84,600,2474.8086,5396.1326,850,1787.364,0,0,7469.2824,68815,34407.5,0,0,0,0,0
197544939,26,2,2,15743.926,7871.963,3074.3,389.7,0,3441,0,757.75,4546.5,1636.8,1300,480,0,117.876,29900,14950,0,0,0,0,0
218764572,26,1,2,19415.75,9707.875,5260.95,0,0,8676.43,0,3204.2,0,200,1808.25,0,0,265.92,32229.1666666667,16114.5833333333,0,0,0,0,0
563052616,26,2,2,27620.46,13810.23,2511.4,0,3300,8762.16,600,150,1732,4192,2870,0,2502.9,1000,48769.3333333333,24384.6666666667,995.9,960,1,1,0
959309167,26,2,4,15632.3335,3908.083375,7720.39,0,1160,2912,384.8535,0,1082.5,1633,600,0,0,139.59,10750,2687.5,0,0,0,0,0
291382660,26,1,2,16692.03,8346.015,3858.03,0,1600,1719,0,6495,0,1030,1990,0,0,0,14166.6666666667,7083.33333333333,0,0,0,0,0
411866810,26,1,8,16272.33,2034.04125,4594.13,0,3330,1598.05,822.7,0,779.4,2922.75,1169.1,0,0,1056.2,23342.4,2917.8,0,0,0,0,0
297230025,26,2,3,25413.0205,8471.00683333333,5637.66,0,2290,3902.7,2380.8505,995.9,5102.24,2300,1010,0,407.02,1386.65,35000,11666.6666666667,407.02,0,0,1,0
201131011,26,2,4,52738.387,13184.59675,17038.55,0,1680,11500,11122.397,0,5196,1800,700,2300,0,1401.44,86533.3333333333,21633.3333333333,0,0,0,0,0
234911606,26,1,2,12608.84,6304.42,1073.84,0,1000,8115,320,200,0,700,1200,0,0,0,24845,12422.5,0,0,0,0,0
170753308,26,1,1,6982.6714,6982.6714,1972.6614,0,1100,1203.69,136,0,762.08,750,900,0,0,158.24,14130,14130,0,0,0,0,0
533212196,26,1,3,6533.9559,2177.9853,1191.7026,0,0,2239.2533,1120,0,0,1133,850,0,0,0,18333.3333333333,6111.11111111111,0,0,0,0,0
581168463,26,1,1,7389.55,7389.55,2489.75,0,0,894.4,1934,0,0,433,1344,0,0,294.4,6786.31,6786.31,0,0,0,0,0
394041265,26,3,4,41726.33,10431.5825,4442.58,281.45,0,3648,0,300,23082.7,5600,2520,0,1039.2,812.4,48116.6666666667,12029.1666666667,0,0,0,0,0
469242291,26,1,3,25260.432,8420.144,2082.73,0,3100,3980.44,757.75,5394.7,2582.412,4414,2150,0,0,798.4,44183.3333333333,14727.7777777778,0,0,0,0,0
133773225,26,2,3,18493.19636,6164.39878666667,9144.96,0,0,1532.1514,0,112,4685.06,740,1350,0,0,929.02496,19500,6500,0,0,0,0,0
566667168,26,2,7,19968.73,2852.67571428571,5763.23,0,0,7880,0,0,2727.9,2842.5,600,0,0,155.1,32750,4678.57142857143,0,0,0,0,0
916390274,26,1,2,9871.225,4935.6125,1738.495,0,600,1800,0,0,788.06,950,3250,16,0,728.67,19140.23,9570.115,0,0,0,0,0
598760492,26,1,3,6839.815,2279.93833333333,2587.175,207.84,950,544,0,150,0,1125.8,1200,0,0,75,19061.6666666667,6353.88888888889,0,0,0,0,0
402357384,26,2,4,20197.204,5049.301,9720.85,930.95,2780,723.5,922.29,1028,1844.58,680,1300,0,0,267.034,27983.3333333333,6995.83333333333,0,0,0,0,0
581201508,26,3,4,80744.4965,20186.124125,40797.4765,1667.05,0,1487.12,6910.68,0,16808.6,5201,1100,0,3368.7,3403.87,216166.666666667,54041.6666666667,0,1706.5,1,0,1
736454489,26,2,2,35998.0177,17999.00885,15563.9252,2166.0825,640,1521,90,1775.3,4898,433,6195,0,1818.6,897.11,19850.8333333333,9925.41666666667,0,0,0,0,0
217748041,26,2,2,13244.817,6622.4085,2147.68,519.6,650,2650,822.267,0,2165,250,790,0,2546.04,704.23,26266.6666666667,13133.3333333333,0,0,0,0,0
272643150,26,2,3,16280.5039,5426.83463333333,2271.2149,915.795,1500,2823.88,1824,0,3255.32,1232,600,0,0,1858.294,22191,7397,0,0,0,0,0
415414836,26,2,1,13053.4556,13053.4556,1979.1564,0,0,2422,207.84,627.85,2223.3,1766,2150,0,1385.6,291.7092,18616.6666666667,18616.6666666667,1385.6,0,0,1,0
592328763,26,2,1,25005.7197,25005.7197,4095.1841,0,0,3389,70.579,8600,5396.1326,1358,1383.364,0,0,713.46,30000,30000,0,0,0,0,0
236072586,26,2,4,20200.4099,5050.102475,7086.3048,701.46,3120,1540,340.0349,0,3031,2000,1000,0,259.8,1121.8102,38896.3333333333,9724.08333333333,0,0,0,0,0
87726837,26,2,1,19034.934,19034.934,2617.2252,0,290,3288.74,1214,890,4380,1324.48,3320,0,0,1710.4888,46886.6666666667,46886.6666666667,0,736.8,1,0,0
741770497,26,1,2,6330.4235,3165.21175,2331.705,0,0,1219.5,413.2415,0,0,596.5,990,0,0,779.477,24283.3333333333,12141.6666666667,0,0,0,0,0
571876646,26,2,1,38923.622,38923.622,10153.85,1350.96,0,887,4939.01,4274.75,6757.8,2052.4,6381,0,0,2126.852,63666.6666666667,63666.6666666667,0,8726.4,1,0,0
564402849,26,1,5,7739.865,1547.973,1924.685,259.8,2300,900,77.94,0,562.9,400,1150,0,0,164.54,14700,2940,0,0,0,0,0
203728510,26,2,2,13724.415,6862.2075,2692.1775,488.2075,0,1671,0,0,4330,1781,1940,0,0,822.03,32500,16250,0,0,0,0,0
284517859,26,1,1,6069.4775,6069.4775,1600.5845,0,0,1890,0,0,0,1330,980,0,0,268.893,61250,61250,0,0,0,0,0
64296147,26,2,4,18775.15,4693.7875,4226.08,0,4500,2482.04,0,0,3498.64,1800,1080,0,0,1188.39,39625,9906.25,0,0,0,0,0
153787673,26,1,3,20758.54,6919.51333333333,7239.76,281.45,0,3918,0,400,2450.78,2515.5,1724.56,0,2013.45,215.04,57615,19205,1558.8,0,0,1,0
769492757,26,3,6,42436.632,7072.772,6759.13,454.65,1640,5511,1000,5600,8168.112,2269.5,2700,0,7179.14,1155.1,57000,9500,0,0,0,0,0
663393793,26,2,2,13346.74,6673.37,4278.04,0,0,1999.5,2000,0,3520,379,860,0,0,310.2,24466.6666666667,12233.3333333333,0,0,0,0,0
883330826,26,2,1,22432.327,22432.327,2407.047,779.4,2000,9100,0,0,4000,433,1320,0,1861.9,530.98,43141.6666666667,43141.6666666667,0,0,0,0,0
133083969,26,1,1,8911.9433,8911.9433,5229.5575,433,0,980,1307.8738,86.6,56.29,0,674,0,0,144.622,9000,9000,0,0,0,0,1
223673718,26,2,2,12799.6929,6399.84645,2475.1579,324.75,0,0,0,0,1732,500,2476,0,4070.2,1221.585,7859.00666666667,3929.50333333333,4113.5,0,0,1,0
9550937,26,2,2,41053.2328,20526.6164,6470.6654,0,0,5807.65,0,535.1014,19978.036,1800,4800,0,0,1661.78,38750,19375,0,0,0,0,0
900917199,26,2,2,17707.65,8853.825,7304.71,493.62,600,5340.12,1264,0,1905.2,300,500,0,0,0,32000,16000,0,0,0,0,0
945218501,26,1,2,16626.4418,8313.2209,7692.0718,0,0,5440,1338.47,337.74,285.78,1109.5,0,0,0,422.88,44948.3333333333,22474.1666666667,0,0,0,0,0
205274689,26,2,2,10397.236,5198.618,1506.84,216.5,3150,2219.45,173.2,0,953.466,1050,750,0,0,377.78,31016.6666666667,15508.3333333333,0,0,0,0,0
523032757,26,2,3,53911.7153,17970.5717666667,14056.8687,0,7350,2813.0876,5311.941,2407.25,8250.152,1700,6400,0,0,5622.416,124371.08,41457.0266666667,0,0,0,0,0
967121287,26,1,2,7729.218,3864.609,2475.028,229.49,0,2125,0,389.7,0,1410,1100,0,0,0,17243,8621.5,0,0,0,0,0
847415563,26,1,1,8481.225,8481.225,3829.885,0,0,2710,0,0,389.7,270,1100,0,0,181.64,8666.66666666667,8666.66666666667,0,0,0,0,0
12410767,26,1,2,4803.07,2401.535,2004.79,0,0,1150,0,0,523.93,0,691.35,0,433,0,7333.33333333333,3666.66666666667,108.25,0,0,1,0
361326499,26,2,6,11885.98,1980.99666666667,3134.92,0,0,1988.06,225.16,0,2580.68,1673,1580,0,0,704.16,23833.3333333333,3972.22222222222,0,0,0,0,0
773804374,26,2,2,14565.64,7282.82,1883.55,0,4000,1760,260,240,2480.46,2680,1060,0,0,201.63,25000,12500,0,0,0,0,0
688971202,26,2,5,28920.933,5784.1866,8055.965,649.5,3660,3840,160,952.6,3770.06,1787.4,2869.9,900,303.1,1972.408,37166.6666666667,7433.33333333333,216.5,0,0,1,0
73029160,26,2,4,20125.0915,5031.272875,5120.225,0,1640,2672.2665,0,200,3862.36,3300,2950,8,0,372.24,42183.3333333333,10545.8333333333,0,0,0,0,0
88147811,26,2,4,24017.08,6004.27,2424.8,0,6000,3425,980,1732,7525,1406.2,400,0,0,124.08,23523.5,5880.875,0,0,0,0,0
141496754,26,2,4,52629.2974,13157.32435,7079.6366,0,7799.3,2389.33,0,0,20624.82,5480,5326,0,1294.67,2635.5408,67484.6666666667,16871.1666666667,0,0,0,0,0
956625323,26,1,2,11342.63,5671.315,991.57,0,0,4500,0,640,528.26,1120,352,0,1255.7,1955.1,3673.33333333333,1836.66666666667,1255.7,112,1,1,0
516359850,26,2,2,18850.8689,9425.43445,6123.3994,882.2375,600,6600,0,0,2731.5,733,747.22,0,259.8,173.712,30783.3333333333,15391.6666666667,0,433,1,0,0
13342577,26,1,6,10365.352,1727.55866666667,3504.702,2294.9,0,2815,0,0,0,952.6,560,0,0,238.15,6900,1150,0,0,0,0,0
895858712,26,1,3,13292.7628,4430.92093333333,5874.6409,389.7,0,1503.65,1104.15,624,491.888,730.5,1670,0,0,904.2339,11166.6666666667,3722.22222222222,0,24,1,0,0
408915345,26,1,2,5625.33,2812.665,1208.07,0,0,2348.98,0,0,294.48,660,1085,0,0,28.8,30000,15000,0,0,0,0,0
133283695,26,1,9,5569.98,618.886666666667,2840.48,0,0,100,0,0,389.7,200,866,0,1125.8,48,12383.3333333333,1375.92592592593,1125.8,0,0,1,1
111613943,26,1,5,14411.51,2882.302,2108.71,0,650,6168,40,720,2165,433,1170,0,0,956.8,8966.66666666667,1793.33333333333,0,0,0,0,0
575458141,26,2,3,20588.177,6862.72566666667,8304.94,0,0,3224,0,0,3331.88,1970,1020,0,2165,572.357,15750,5250,0,0,0,0,0
632829526,26,3,2,53228.3652,26614.1826,2338.2,497.95,0,4300,173.2,11375.2052,28330,2260,2500,0,0,1453.81,68250,34125,0,0,0,0,0
865923630,26,1,5,29801.9107,5960.38214,5957.6037,1073.84,12860,6598.71,80,550,0,866,1630,0,0,185.757,10833.3333333333,2166.66666666667,0,0,0,0,0
915032798,26,2,1,14270.5569,14270.5569,3715.7895,909.3,1700,959,86.6,0,3464,1303,1220,0,0,912.8674,20978.1666666667,20978.1666666667,0,0,0,0,0
396040470,26,2,5,23351.374,4670.2748,11524.728,0,170,876.89,2242.94,0,6321.8,949.5,319.9,0,433,512.616,15166.6666666667,3033.33333333333,0,0,0,0,0
841459861,26,2,2,31165.3266,15582.6633,3055.681,0,1380,20407.29,1012,0,1901.28,1442,1073,0,0,894.0756,33758.3333333333,16879.1666666667,0,0,0,0,0
77894668,26,2,4,23428.024,5857.006,6234.767,0,2357.85,3061,1967.58,50,2598,1000,1660,3600,0,898.827,58710,14677.5,0,0,0,0,0
255167848,26,2,5,45359.9422,9071.98844,11123.15081,0,2000,10778,3417.16869,900,5834.05,1500,400,0,1732,7675.5727,30616.6666666667,6123.33333333333,0,0,0,0,0
902553301,26,1,1,15212.1441,15212.1441,5350.9274,3498.5967,700,2430,544.44,0,1065.18,433,790,0,0,400,6800,6800,0,0,0,0,0
941500750,26,3,5,44441.4786,8888.29572,18148.4156,4851.765,2800,1783.37,176.664,5687.4,5629,1200,1537,0,0,2627.864,28614,5722.8,0,0,0,0,0
517065177,26,3,4,60692.0035,15173.000875,6003.3285,1166.935,1000,7062,10596.42,0,23699,1900,3100,4700,0,1464.32,107632.333333333,26908.0833333333,0,256,1,0,0
749565492,26,2,1,17994.284,17994.284,2987.7,346.4,1700,8000,0,0,3029,400,1170,0,216.5,144.684,32940,32940,0,0,0,0,0
629708282,26,1,3,16291.7904,5430.5968,1372.0904,0,3400,4590,0,389.7,0,600,5740,0,0,200,39717.5633333333,13239.1877777778,0,0,0,0,0
420632058,26,2,5,22622.93,4524.586,3637.2,0,1600,8440,1632,600,3563.59,1433,1500,0,0,217.14,35766.6666666667,7153.33333333333,0,0,0,0,0
208346336,26,1,5,18791.568,3758.3136,1706.02,0,0,9000,476.3,2800,2029.038,1520,1100,0,0,160.21,38791.6666666667,7758.33333333333,0,0,0,0,0
728886076,26,1,4,8714.435,2178.60875,2067.575,606.2,430,3000,96,0,415.68,669.7,1160,0,0,269.28,16126.6666666667,4031.66666666667,0,96,1,0,0
514199582,26,3,4,18369.1024,4592.2756,2797.9594,0,490,1240,636.893,140,5412.5,3600,2450,0,0,1601.75,45500,11375,0,0,0,0,0
899069790,26,3,2,44321.76,22160.88,4866.92,0,0,1909.58,3600,2647.74,10794,2560,4580,0,8332,5031.52,144933.333333333,72466.6666666667,5196,0,0,1,0
468907798,26,2,3,29844.9821,9948.32736666667,1073.84,0,0,5394.81,0,9824.8121,12573.4,600,0,0,0,378.12,30520.5,10173.5,0,0,0,0,0
284969706,26,1,5,10542.611,2108.5222,2892.007,0,0,3394.86,85.734,0,1740.66,600,985,0,0,844.35,24610.25,4922.05,0,0,0,0,0
719319017,26,2,2,10440.811,5220.4055,2630.475,0,0,3152.12,0,100,1732,1596,950,0,0,280.216,25566.6666666667,12783.3333333333,0,0,0,0,0
816356904,26,1,1,9783.906,9783.906,2818.83,1454.88,0,2621.82,121.24,0,732.636,649.5,1305,0,0,80,12000,12000,0,0,0,0,0
902670841,26,2,2,59207.5781,29603.78905,8091.904,1039.2,5200,8169.49,1201.142,5793.4621,17684,2840,7907,0,0,1281.38,51500,25750,0,0,0,0,0
218852137,26,1,2,16448.65,8224.325,2450.78,259.8,6100,3270,0,0,866,1500,1250,0,0,752.07,82750,41375,0,0,0,0,0
7971035,26,2,4,28012.8,7003.2,5416.83,1255.7,0,11605.14,0,0,5042.46,2100,1713,0,0,879.67,73316.6666666667,18329.1666666667,0,0,0,0,0
349154985,26,2,5,45219.368,9043.8736,16194.2,0,7000,2900,1232,433,5629,3726,6359.398,0,288,1457.77,64872.8333333333,12974.5666666667,0,0,0,0,0
9154493,26,1,3,8700.8995,2900.29983333333,2100.6995,0,0,1418.82,632.18,700,1255.7,1096.5,1497,0,0,0,34000,11333.3333333333,0,0,0,0,0
589008400,26,1,1,7155.25,7155.25,1840.25,0,0,5315,0,0,0,0,0,0,0,0,10366.6666666667,10366.6666666667,0,0,0,0,0
490067484,26,2,4,46341.4016,11585.3504,5465.8456,862.536,5496,9236.36,415.68,370,7289.61,3065.77,7232.35,3168,3139.25,600,72540.8333333333,18135.2083333333,2468.1,0,0,1,0
219793306,26,1,2,10807.7574,5403.8787,3773.5084,2190.114,800,1420,59.754,0,0,1000,1150,0,0,414.381,21083.3333333333,10541.6666666667,0,0,0,0,0
731566532,26,1,4,14464.9661,3616.241525,6884.5701,294.44,2146.75,1908.64,1176.803,50,844.35,0,700,0,0,459.413,20000,5000,0,0,0,0,0
522226314,26,2,4,27534.4745,6883.618625,5998.9985,623.52,0,3086.5,183.033,0,7944,2060,5677.2,0,0,1961.223,58683.3333333333,14670.8333333333,995.9,400,1,1,0
673666917,26,2,4,18328.8263,4582.206575,6141.8019,0,0,4285.29,941.3537,1291.2,0,2410.9,2153.625,0,0,1104.6557,47845.5733333333,11961.3933333333,0,129.9,1,0,0
638071830,26,2,1,36050.017,36050.017,5765.828,1903.468,730,6800,400,0,10982.8,480,1918,0,5440.2,1629.721,18833.3333333333,18833.3333333333,4936.2,400,1,1,0
266365600,26,2,4,48372.0127,12093.003175,22841.5727,4624.44,2900,1264,620,0,5276,496,10150,0,0,200,15513.3333333333,3878.33333333333,0,0,0,0,0
965880853,26,3,4,30915.3038,7728.82595,4390.0138,3853.7,0,3050.19,9524.15,1270,1732,1500,1730.7,3268,0,596.55,50416.6666666667,12604.1666666667,0,0,0,0,0
954757896,26,2,5,13137.82,2627.564,3438.02,0,1350,2220,0,1255.7,1757.98,890,1662.38,0,0,563.74,14338,2867.6,0,0,0,0,0
112848930,26,2,1,20146.4924,20146.4924,2126.8094,1349.228,4800,4048.14,197.015,0,2165,600,2800,0,1905.2,155.1,28666.6666666667,28666.6666666667,0,0,0,0,0
908206074,26,2,4,16391.746,4097.9365,3572.25,519.6,840,6900,0,0,2598,700,680,0,433,148.896,37926.6666666667,9481.66666666667,0,0,0,0,0
288221912,26,3,3,44233.1438,14744.3812666667,10786.7661,3541.94,950,9040,4541.221,0,6788.6,3000,3800,0,0,1784.6167,98811,32937,0,0,0,0,0
206368669,26,2,3,18867.746,6289.24866666667,5719.93,649.5,0,1931,2940.07,0,4459.9,1050,650,0,0,1467.346,55366.6666666667,18455.5555555556,0,0,0,0,0
679739850,26,1,4,15185.0227,3796.255675,8736.1647,0,500,1481.545,584.983,0,788.06,1116,857.6,0,0,1120.67,21045.5,5261.375,0,0,0,0,1
524069795,26,2,1,10013.3,10013.3,2048.09,0,500,657.11,0,2402.1,3006,350,550,0,0,500,8789,8789,0,0,0,0,0
618442224,26,1,6,17539.77,2923.295,645.17,0,600,3350,0,9526,519.6,1082.5,1600,0,0,216.5,10000,1666.66666666667,0,0,0,0,0
202744747,26,2,4,25791.92,6447.98,7244.09,0,0,9000,120,0,3243.12,1600,3100,0,0,1484.71,72550.1666666667,18137.5416666667,0,0,0,0,0
744906202,26,2,2,26279.46,13139.73,9443.73,0,2000,3649.62,0,50,5470.81,2700,2000,0,0,965.3,133333.333333333,66666.6666666667,0,0,0,0,0
287835018,26,3,3,34146.55,11382.1833333333,8963.1,1363.95,0,1440,705.79,0,6928,1250,11856.2,0,0,1639.51,686796.666666667,228932.222222222,562.9,0,0,1,0
239125609,26,2,4,24154.2162,6038.55405,7957.674,0,0,4621.8,205.679,1000,5626,3243,1300,40,0,160.0632,45543.6666666667,11385.9166666667,0,640,1,0,0
151126227,26,2,3,20105.7675,6701.9225,5028.1259,0,2182,3487.2,2600,1200,400,1588,2842,200,86.6,491.8416,20863.6666666667,6954.55555555555,194.85,0,0,1,0
797174757,26,2,7,13521.877,1931.69671428571,3748.5243,0,1800,2412.5,335,0,2381.5,2002.6,0,0,0,841.7527,18000,2571.42857142857,0,0,0,0,0
10503373,26,1,2,9839.81,4919.905,5350.3645,268.46,140,917.81,160,493.1755,0,570,1020,700,0,220,17410,8705,0,0,0,0,1
88585538,26,2,3,12513.122,4171.04066666667,4620.11,0,2400,2157.1,0,0,288,750,1625,0,0,672.912,84490,28163.3333333333,0,0,0,0,0
55242533,26,1,1,30694.23,30694.23,10547.88,1558.8,1800,6000,0,1464,433,3350,1700,0,1970.15,1870.4,28526,28526,866,2400,1,1,0
601062827,26,2,4,84983.7509,21245.937725,6875.3472,13439.8437,6475,19329.77,0,9000,6064.23,3375,1317,8900,6992.95,3214.61,107400,26850,6992.95,0,0,1,0
948775594,26,2,3,15309.656,5103.21866666667,952.6,476.3,3800,2238.85,0,0,0,2500,3502.2,0,0,1839.706,69140,23046.6666666667,0,0,0,0,0
855906127,26,2,2,20077.7775,10038.88875,6156.1775,923.589,1300,1890,0,150,6495,1350,798,0,0,1015.011,30833.1666666667,15416.5833333333,0,0,0,0,0
477566277,26,2,5,26523.66,5304.732,10305.4,519.6,1720,1881.35,0,0,5196,1500,3890,0,1385.6,125.71,48512.24,9702.448,0,0,0,0,0
762890930,26,2,4,29499.38,7374.845,710.12,0,0,1650,1760,0,21196,1800,1980,0,0,403.26,34370,8592.5,0,0,0,0,0
879510591,26,1,4,5016.93,1254.2325,2801.51,0,0,453.43,281.45,0,0,866,450,0,0,164.54,20250,5062.5,0,0,0,0,1
775395550,26,2,2,8940.28,4470.14,3230.18,0,460,1010,0,100,2165,700,1120,0,0,155.1,9566.66666666667,4783.33333333333,0,0,0,0,0
603110130,26,1,1,10520.294,10520.294,1566.594,0,0,1091,3050,216.5,768,840,650,0,2338.2,0,30333.3333333333,30333.3333333333,0,0,0,0,0
853203117,26,2,2,7405.396,3702.698,1169.1,519.6,0,2745,0,0,0,1000,1330,0,0,641.696,64700,32350,0,0,0,0,0
367997619,26,1,1,20420.37,20420.37,519.6,1450.55,0,5500,0,0,666.82,300,700,4000,6841.4,442,19500,19500,1991.8,0,0,1,0
624849947,26,2,2,31773.528,15886.764,1848.91,2771.2,0,6132.82,861.67,1455.7,15464.968,400,2195,0,0,643.26,42781.1666666667,21390.5833333333,0,0,0,0,0
120074329,26,1,2,23828.309,11914.1545,4339.959,1039.2,940,11461.5,0,829.4,256,1827,1141.6,0,1993.65,0,22793.3333333333,11396.6666666667,2121.7,0,0,1,0
23681547,26,1,2,6253.8888,3126.9444,2473.9888,0,300,2400,0,0,0,0,829.9,0,0,250,16166.6666666667,8083.33333333333,0,0,0,0,0
681698604,26,1,3,6622.18,2207.39333333333,2675.94,0,0,696.24,2500,0,0,150,600,0,0,0,21550,7183.33333333333,0,0,0,0,0
386140963,26,1,6,9538.1769,1589.69615,6298.1149,0,380,495.2,959.095,0,0,1103.1,0,0,0,302.667,18250,3041.66666666667,0,0,0,0,1
876526336,26,1,3,22079.8339,7359.94463333333,3637.2,0,0,5080,0,7027.0339,1125.8,2100,2659.8,0,0,450,55230,18410,0,0,0,0,0
165918794,26,1,1,11195.703,11195.703,3832.05,476.3,0,4627.815,264.13,0,639.108,240,400,0,0,716.3,1666.66666666667,1666.66666666667,0,0,0,0,0
758134775,26,1,2,14923.164,7461.582,3077.0279,0,0,2436.8021,519.6,6144.27,1992.666,577,0,0,0,175.798,17500,8750,0,0,0,0,0
999171880,26,3,4,52592.65,13148.1625,5823.85,0,4400,4095,0,7256.55,16961.98,2000,4862.9,0,5867.15,1325.22,76200,19050,5304.25,3880,1,1,0
120194711,26,1,1,6873.84,6873.84,3801.74,0,0,1839.1,0,0,0,433,800,0,0,0,9173.33333333333,9173.33333333333,0,0,0,0,1
879318470,26,1,4,12403.37,3100.8425,3156.57,0,0,2670,0,0,0,3115.5,958.56,0,2013.45,489.29,23916.6666666667,5979.16666666667,1558.8,0,0,1,0
647653711,26,1,6,49456.04,8242.67333333333,7443.27,3186.88,1280,26900,4475,0,727.44,1600,2003.2,0,1840.25,0,50866.6666666667,8477.77777777778,1407.25,0,0,1,0
800181094,26,1,3,9033.6,3011.2,3694.356,974.25,300,1435.86,205.01,0,1146.584,433,680,0,0,164.54,11516.6666666667,3838.88888888889,0,0,0,0,0
746817898,26,2,3,28448.6033,9482.86776666666,14467.4393,3026.67,400,2869,1945.779,0,1645.4,800,1748.2,0,0,1546.115,34700,11566.6666666667,0,0,0,0,1
229093839,26,1,2,27368.0204,13684.0102,10097.4734,3897,0,2885.91,995.467,1082.5,909.3,2600,618,0,4070.2,212.17,20350,10175,3204.2,0,0,1,0
399892738,26,2,4,16802.19,4200.5475,5568.38,242.48,0,2124.49,0,0,3424.408,2450,2100,0,0,892.432,45000,11250,0,0,0,0,0
855918343,26,2,3,38912.8182,12970.9394,10935.415,259.8,800,7690.6762,1667.59,1515.5,10142.548,1832,1407,0,819.8,1842.489,54446.1666666667,18148.7222222222,0,0,0,0,0
392133798,26,1,3,10271.0613,3423.6871,5909.8438,908.2175,0,1470,0,300,0,933,750,0,0,0,9500,3166.66666666667,0,0,0,0,1
650433932,26,1,2,2960.23,1480.115,878.99,0,0,1260,121.24,0,0,200,500,0,0,0,4000,2000,0,0,0,0,0
145045628,26,2,2,15815.0984,7907.5492,1363.95,0,0,10500,1424.57,0,320,900,950,0,0,356.5784,86333.3333333333,43166.6666666667,0,0,0,0,0
