id,provincia,propauto,cantmiem,gastot,gastotpc,gc_01,gc_02,gc_03,gc_04,gc_05,gc_06,gc_07,gc_08,gc_09,gc_10,gc_11,gc_12,ingtoth,ingpch,tn_restaurant,tn_internet,cat_gastos_internet,cat_gastos_restaurant,cat_gc_01
262505053,46,2,3,15202.974,5067.658,7147.964,519.6,550,1840,251.14,82.27,2946,866,500,300,0,200,9200,3066.66666666667,0,866,1,0,0
308122782,46,2,3,17800.5,5933.5,5845.5,0,600,2850,780,1594,3031,1000,1700,0,0,400,30700,10233.3333333333,0,0,0,0,0
526706300,46,1,7,18089.892,2584.27028571429,9846.42,259.8,500,2200,196,0,1746.722,1160,850,0,930.95,400,43066.6666666667,6152.38095238095,930.95,0,0,1,1
193623716,46,2,2,19460.93,9730.465,5113.73,0,0,4430,0,216.5,3384.6,400,500,0,5066.1,350,25000,12500,4416.6,0,0,1,0
560601869,46,1,1,8369.38,8369.38,1671.38,0,0,1486,460,0,1507,0,3165,0,0,80,7000,7000,0,0,0,0,0
55183986,46,1,1,20070.07,20070.07,3723.8,0,3500,845,1385.6,8660,417.92,0,680,0,0,857.75,16250,16250,0,0,0,0,0
458146168,46,1,3,4649.79,1549.93,1398.59,0,130,1080,60,0,0,592,350,0,1039.2,0,20500,6833.33333333333,1039.2,0,0,1,0
986676512,46,1,3,11225.42,3741.80666666667,4217.42,0,0,1900,450,400,0,2008,1050,0,0,1200,20000,6666.66666666667,0,0,0,0,0
139894112,46,2,2,17132.48,8566.24,3533.28,0,800,1275,0,816,6099,1770,1800,0,1039.2,0,34000,17000,1039.2,0,0,1,0
783729136,46,1,3,14176.67,4725.55666666667,3953.29,0,0,5445.78,86.6,0,2165,0,1360,0,866,300,17333.3333333333,5777.77777777778,0,0,0,0,0
575452031,46,1,2,14433.495,7216.7475,5098.575,0,0,775,1572.31,450,3411.6,340,300,0,779.4,1706.61,11000,5500,0,0,0,0,0
619083994,46,3,3,19926.6,6642.2,6789.44,0,200,1960,0,0,5396,800,900,0,3593.9,287.26,47000,15666.6666666667,1299,1428.9,1,1,0
986657997,46,2,4,20766.83,5191.7075,7278.73,0,1000,1450,0,0,1299,3000,5030,40,1169.1,500,24526.6666666667,6131.66666666667,1169.1,0,0,1,0
626847735,46,2,4,17425.43,4356.3575,5997.05,0,1700,1860,290.11,0,3746.27,500,1300,0,1732,300,18240,4560,1385.6,0,0,1,0
191201973,46,1,4,17294.73,4323.6825,7750.7,259.8,0,2270,0,0,1519.83,800,1819.6,0,2424.8,450,28583.3333333333,7145.83333333333,2251.6,0,0,1,0
686577029,46,1,2,9918.53,4959.265,4788.98,281.45,0,980,0,0,649.5,400,850,0,1818.6,150,8050,4025,1385.6,0,0,1,0
163221994,46,1,2,10943.94,5471.97,5009.81,0,0,2210.5,77.94,2598,0,0,900,0,0,147.69,14733.3333333333,7366.66666666667,0,0,0,0,0
894978516,46,1,7,24606.22,3515.17428571428,6945.32,692.8,1810,7880,854,1486.42,1801.28,2336.4,580,0,0,220,19640.0666666667,2805.72380952381,0,969.92,1,0,0
43817883,46,2,1,13804.168,13804.168,3706.48,887.65,0,1140,0,0,2315,920,3296,0,1147.45,391.588,14500,14500,866,0,0,1,0
196091148,46,1,4,19496.21,4874.0525,7607.81,160.21,1600,1042.73,1912.34,0,2355.52,1990,1407.59,1000,0,420.01,19778,4944.5,0,0,0,0,0
487722691,46,1,3,8792.72,2930.90666666667,2009.12,0,0,2480,0,0,2755.5,745,500,0,303.1,0,3200,1066.66666666667,0,0,0,0,0
726134432,46,2,3,19988.03,6662.67666666667,8750.93,0,1300,1550,0,320,3767.1,2935,1365,0,0,0,29833.3333333333,9944.44444444444,0,0,0,0,0
307782177,46,1,1,8603.61,8603.61,3147.91,0,170,990,40,2142.8,0,416.5,500,0,346.4,850,8666.66666666667,8666.66666666667,0,0,0,0,0
891855741,46,1,6,8021.57,1336.92833333333,2896.77,0,2130,1990,0,0,0,300,0,12,692.8,0,6200,1033.33333333333,0,0,0,0,0
854212730,46,1,4,19473.73,4868.4325,4585.47,1667.05,2490,1136.62,3676.44,2727.9,1299,966.5,600,0,0,324.75,8200,2050,0,0,0,0,0
58300710,46,1,5,20374.16,4074.832,9686.21,281.45,640,1030,0,250,3139,500,1450,0,649.5,2748,15113.3333333333,3022.66666666667,649.5,0,0,1,0
949258184,46,1,3,7563,2521,4459.9,0,700,1050,0,0,303.1,600,450,0,0,0,16450,5483.33333333333,0,0,0,0,1
919895995,46,2,4,24042.695,6010.67375,6891.195,0,2410,2160,2327.52,1000,2838.2,450,1200,0,2294.9,2470.88,31213.3333333333,7803.33333333333,562.9,0,0,1,0
321535686,46,2,4,28316.83,7079.2075,5105.07,0,5850,2560,151.55,1750,2428.4,1380,2093.3,0,6516.65,481.86,38011,9502.75,6256.85,0,0,1,0
651653275,46,2,2,19701.83,9850.915,7170.48,0,3600,1240,0,1000,2298.5,400,1200,0,2792.85,0,18333.3333333333,9166.66666666667,2078.4,0,0,1,0
155889502,46,1,2,11654.83,5827.415,7365.33,0,600,1950,0,0,649.5,400,690,0,0,0,17000,8500,0,0,0,0,1
633401819,46,2,2,28616.135,14308.0675,6555.62,0,1650,6800,2421.74,942.7,3921,450,750,0,779.4,4345.675,22500,11250,779.4,0,0,1,0
459089492,46,2,5,31006.668,6201.3336,6477.68,0,3700,560,48,800,11577.288,600,500,0,6451.7,292,31654.1666666667,6330.83333333333,5845.5,0,0,1,0
944000009,46,1,4,12589.923,3147.48075,4519.654,346.4,1100,1580,646.787,1104.15,606.2,0,1088,23.36,930.95,644.422,13400,3350,0,0,0,0,0
87206833,46,2,5,25849.308,5169.8616,11080.47,346.4,1450,1405,324.75,2968.1,2165,3119,1143.75,0,757.75,1089.088,32850,6570,433,0,0,1,0
363162427,46,1,1,4781.1,4781.1,1905.2,0,90,950,0,0,433,556.5,500,0,346.4,0,7166.66666666667,7166.66666666667,346.4,0,0,1,0
651389944,46,1,2,12301.86,6150.93,4511.86,0,0,1830,0,560,1200,1850,1550,0,0,800,21500,10750,0,0,0,0,0
880062355,46,2,6,30740.49,5123.415,11309.96,1558.8,0,2764,5749.83,400,3463.5,900,2169.6,0,692.8,1732,27800,4633.33333333333,0,0,0,0,0
502966214,46,1,1,8117.23,8117.23,995.9,0,0,487.5,510.94,4486.7,0,650,800,0,186.19,0,7000,7000,0,0,0,0,0
302298044,46,2,2,16751.17,8375.585,2593.67,0,2500,1375,0,0,7282.5,1358,1242,0,0,400,80000,40000,0,0,0,0,0
112358882,46,1,2,26963.38,13481.69,6265.51,606.2,200,6380,0,0,2291.2,800,3000,4100,2121.7,1198.77,12000,6000,433,0,0,1,0
739242140,46,2,2,15728.8,7864.4,6841.4,1039.2,1080,2770,166,0,83.2,1500,750,0,0,1499,17750,8875,0,0,0,0,0
18288383,46,2,3,17827.98,5942.66,4113.5,0,427,5310,0,70,2345.68,1649.5,2300,150,1342.3,120,28000,9333.33333333333,0,649.5,1,0,0
923079378,46,2,3,27154.17,9051.39,7386.98,0,5220,1530,171.24,2504.55,2438.7,1216.5,1459.8,0,4481.55,744.85,24573.3333333333,8191.11111111111,3485.65,0,0,1,0
538156576,46,1,4,6549.91,1637.4775,3494.31,0,0,2536,0,0,519.6,0,0,0,0,0,18083.98,4520.995,0,0,0,0,1
677945859,46,1,2,14123.7,7061.85,4546.5,0,3850,1060,512,1486.1,389.7,350,1000,0,779.4,150,15500,7750,0,0,0,0,0
178069616,46,2,3,20609.61,6869.87,7845.96,0,1900,1380,0,500,3897,1133,1700,0,1753.65,500,20800,6933.33333333333,1645.4,0,0,1,0
440391250,46,1,1,12876.88,12876.88,1056.52,0,0,550,8502.81,1317.55,0,500,950,0,0,0,18000,18000,0,0,0,0,0
75810236,46,2,6,15549.9,2591.65,9482.7,0,0,1400,0,0,2165,963,0,0,0,1539.2,13000,2166.66666666667,0,0,0,0,1
785716823,46,2,1,24435.46,24435.46,3234.51,0,2950,6670,136,1400,2165,450,4450,0,2229.95,750,28000,28000,2229.95,0,0,1,0
39216797,46,2,2,12698.715,6349.3575,4029.065,194.85,0,2925,150,0,1479,1975,1479.4,0,173.2,293.2,35416.6666666667,17708.3333333333,0,0,0,0,0
111689774,46,2,9,36648.888,4072.09866666667,3879.68,0,7890,3150,7260,0,3484.508,2500,5030,200,2554.7,700,38350,4261.11111111111,2554.7,0,0,1,0
359090926,46,2,9,16804.34,1867.14888888889,10443.96,0,0,2300,129.9,560,0,1515.5,800,0,0,1054.98,24416.6666666667,2712.96296296296,0,0,0,0,1
226536183,46,1,4,8129.73,2032.4325,5698.28,0,0,2000,194.85,0,0,0,0,0,0,236.6,19366.6666666667,4841.66666666667,0,0,0,0,1
690127244,46,2,6,20194.685,3365.78083333333,8683.815,0,0,1360,4494.47,0,4311,0,0,16,779.4,550,32500,5416.66666666667,0,0,0,0,0
118812161,46,1,9,16243.15,1804.79444444444,5988.39,2649.96,0,1790,0,0,4009,0,826.4,0,779.4,200,30928.96,3436.55111111111,0,0,0,0,0
633269972,46,1,7,18154.2,2593.45714285714,7257.08,0,1650,1750,571.56,1595.16,2082.73,1203,630,0,324.75,1089.92,38036.6666666667,5433.80952380952,0,433,1,0,0
642931372,46,2,2,8646.73,4323.365,2688.93,0,1750,1325,316.8,300,866,1400,0,0,0,0,13016.6666666667,6508.33333333333,0,0,0,0,0
21224936,46,1,1,5744.5,5744.5,1818.6,216.5,1400,730,0,0,0,200,500,0,779.4,100,8000,8000,476.3,0,0,1,0
327555522,46,2,3,14642.01,4880.67,3018.01,0,3350,2450,200,1100,1924,1200,1400,0,0,0,19810,6603.33333333333,0,0,0,0,0
440574669,46,2,5,44123.22,8824.644,11149.75,0,5600,3370,0,500,7903.07,1780,6682.1,0,6538.3,600,36966.6666666667,7393.33333333333,6538.3,0,0,1,0
914255237,46,2,5,9864.42,1972.884,5351.88,346.4,0,1390,943.94,0,1299,0,0,0,0,533.2,15083.3333333333,3016.66666666667,0,0,0,0,1
333787786,46,1,1,6249.04,6249.04,2199.64,0,1300,820,0,0,346.4,350,600,0,433,200,6000,6000,433,0,0,1,0
409296888,46,1,2,24315.405,12157.7025,5994.885,0,6300,2560,0,1090,1532.82,3100,600,0,2987.7,150,13303.6666666667,6651.83333333333,2035.1,0,0,1,0
397181626,46,1,1,11472.8,11472.8,1948.5,0,800,3980,0,0,866,450,1100,0,2208.3,120,5000,5000,1818.6,0,0,1,0
486550053,46,1,1,10759.72,10759.72,3589.57,0,0,2025,1200,1461.35,1503.8,980,0,0,0,0,55000,55000,0,0,0,0,0
494788836,46,1,6,21789.915,3631.6525,7116.355,433,3100,2320,467.64,541.25,1951.36,600,500,0,2208.3,2552.01,34160,5693.33333333333,1688.7,0,0,1,0
532969519,46,1,2,6016.79,3008.395,2892.44,0,0,1030,324.75,0,0,200,450,600,0,519.6,8000,4000,0,0,0,0,0
622893951,46,1,8,19277.7,2409.7125,11258,216.5,0,1850,562.9,0,1299,2931.5,550,0,0,609.8,19500,2437.5,0,0,0,0,1
140117121,46,1,3,21850.55,7283.51666666666,4351.65,0,2200,1460,1180,1119.6,6279.6,1500,2320,0,389.7,1050,9416.66666666667,3138.88888888889,389.7,0,0,1,0
162057672,46,2,4,23374.43,5843.6075,8664.33,0,0,3620,2560,1250,2241.8,1963,1150,0,1775.3,150,24097.6666666667,6024.41666666667,1775.3,0,0,1,0
723502995,46,1,4,7078.226,1769.5565,3178.22,0,0,746,674.85,1380,522.346,330,0,0,0,246.81,25900,6475,0,0,0,0,0
738617374,46,2,5,12385.235,2477.047,2994.195,0,600,986,0,0,4630.04,2575,600,0,0,0,29957.35,5991.47,0,0,0,0,0
472179787,46,1,2,13682.895,6841.4475,5462.295,0,600,1870,0,2828.4,519.6,600,1283,0,519.6,0,19533.3333333333,9766.66666666667,519.6,0,0,1,0
536658946,46,2,5,15848.97,3169.794,4109.17,0,0,4000,16,0,3031,2100,1900,0,692.8,0,28000,5600,692.8,0,0,1,0
429040803,46,2,2,9691.88,4845.94,4897.23,0,0,1930,108.25,0,0,400,1560,0,346.4,450,28000,14000,0,0,0,0,1
14692218,46,2,1,8826.79,8826.79,1744.99,0,2550,1102,0,0,1490,600,1000,0,259.8,80,7000,7000,259.8,0,0,1,0
607109514,46,1,2,12794.97,6397.485,6092.31,0,0,1471.2,678.26,0,1805.61,600,760,0,519.6,867.99,7850,3925,0,0,0,0,0
109369576,46,1,3,12997.02,4332.34,7296.05,0,900,1280,121.24,0,779.4,350,1200,0,671.15,399.18,24853.5066666667,8284.50222222222,671.15,0,0,1,1
221470487,46,1,6,30290.44,5048.40666666666,11123.77,0,4950,1970,192,0,3676.17,1700,3673,24,2381.5,600,32000,5333.33333333333,1342.3,0,0,1,0
813961642,46,1,4,7888.58,1972.145,3593.9,0,750,1650,0,0,1281.68,180,0,0,433,0,8100,2025,0,0,0,0,0
574203051,46,1,1,22219.35,22219.35,12427.1,0,1100,4970,0,0,1422.25,500,1600,0,0,200,15000,15000,0,0,0,0,1
927431812,46,2,2,7320.87,3660.435,3780.09,0,0,575.78,303.1,0,866,433,700,0,433,229.9,8016.66666666667,4008.33333333333,0,0,0,0,1
817487395,46,2,3,16252.72,5417.57333333334,7205.12,0,600,3250,320,0,0,160,1000,0,3117.6,600,37000,12333.3333333333,3377.4,0,0,1,0
775079893,46,2,5,21367.34,4273.468,3732.46,303.1,1095,1752,1006.57,0,669.6,0,2156,0,7967.2,2685.41,24230,4846,0,0,0,0,0
178744642,46,2,3,53330.67,17776.89,5170.02,753.42,6620,8840,7662.53,0,7495,2297,8953.2,0,1493.85,4045.65,60000,20000,1234.05,433,1,1,0
957496911,46,2,3,16685.24,5561.74666666667,2719.24,0,1450,5020,0,600,4546.5,600,1100,0,649.5,0,41833.3333333333,13944.4444444444,649.5,0,0,1,0
54047564,46,1,1,10786.989,10786.989,2465.502,0,1050,5140,80,112.147,207.84,475,475,12,649.5,120,9500,9500,0,0,0,0,0
613922224,46,1,2,15992.082,7996.041,5276.105,0,180,6655,151.55,677.107,103.92,1266,1200,36,346.4,100,15200,7600,0,866,1,0,0
245943610,46,1,2,23454.73,11727.365,7386.98,0,2200,6178,3316.85,480,0,1500,1700,0,0,692.9,9000,4500,0,0,0,0,0
644752549,46,2,4,15290.63,3822.6575,8707.63,0,0,1380,0,0,2598,2165,140,0,0,300,23850,5962.5,0,0,0,0,1
58330327,46,2,3,11799.6,3933.2,2013.45,0,2350,2036.37,1305.7,800,2428.71,480,0,0,385.37,0,13500,4500,0,0,0,0,0
144622227,46,2,3,15112.56,5037.52,4771.66,0,0,2650,259.8,5196,1732,0,0,0,0,503.1,24707.31,8235.77,0,0,0,0,0
896748791,46,2,5,20906.05,4181.21,7209.45,1428.9,300,1765,2429.4,0,3677.9,1716,1200,0,779.4,400,49707.31,9941.462,519.6,0,0,1,0
990858052,46,1,2,8039.768,4019.884,1234.05,0,0,5010,129.9,0,756.018,450,0,0,259.8,200,8000,4000,259.8,0,0,1,0
464326847,46,1,8,12162.59,1520.32375,6482.01,0,2100,712.9,1831.58,0,0,0,300,0,0,736.1,5000,625,0,0,0,0,1
47832451,46,1,1,8805.515,8805.515,3704.315,0,816,790,400,970,606.2,650,869,0,0,0,11041.6666666667,11041.6666666667,0,0,0,0,0
727551494,46,1,6,12392.65,2065.44166666667,4576.81,216.5,5030,1020,325,0,424.34,0,800,0,0,0,8000,1333.33333333333,0,0,0,0,0
930788943,46,1,3,11183.05,3727.68333333334,7832.97,0,200,768,0,0,762.08,420,0,1000,0,200,19000,6333.33333333333,0,0,0,0,1
660555308,46,1,6,14562,2427,8573.4,0,0,2440,0,0,866,1209.5,720,0,0,753.1,8000,1333.33333333333,0,0,0,0,1
175877859,46,3,3,27288.29,9096.09666666667,5719.93,454.65,1550,5950,568,0,5296,1293,2858.8,0,3147.91,450,31000,10333.3333333333,2411.81,0,0,1,0
45126841,46,2,2,16151.82,8075.91,6902.02,0,300,1310,0,400,2241.8,1100,1300,0,2598,0,18416.6666666667,9208.33333333333,1645.4,0,0,1,0
267926085,46,1,3,12556.206,4185.402,3884.01,0,4500,1075,290,0,1737.196,820,250,0,0,0,3700,1233.33333333333,0,0,0,0,0
32440015,46,2,7,18059.85,2579.97857142857,9093,0,0,1410,692.8,0,2165,700,0,0,3399.05,600,25083.3333333333,3583.33333333333,1667.05,0,0,1,1
493309390,46,2,3,34744.1,11581.3666666667,3507.3,0,5600,2240,2648,900,3897,3000,2200,4700,3723.8,2328,28900,9633.33333333333,3723.8,0,0,1,0
563523675,46,2,3,21443.14,7147.71333333333,4797.64,0,2300,1775,2608,600,5412.5,1900,2050,0,0,0,27500,9166.66666666667,0,0,0,0,0
231065,46,2,1,13241.15,13241.15,2983.37,0,0,2470,519.6,0,6031,0,700,0,0,537.18,13000,13000,0,0,0,0,0
596131855,46,1,1,6802.5822,6802.5822,3322.5822,0,700,1410,0,320,0,0,600,0,0,450,7500,7500,0,0,0,0,0
360504116,46,1,1,3757.476,3757.476,471.97,0,0,1503.5,0,200,252.006,200,880,0,0,250,7850,7850,0,0,0,0,0
755889790,46,1,3,13740.5,4580.16666666667,3819.06,0,0,4796,86.6,100,1673.84,700,400,0,2165,0,35520.1733333333,11840.0577777778,0,0,0,0,0
512638884,46,1,2,13655.66,6827.83,4213.09,0,500,1960,120,1090,1013.22,1100,1214.45,0,2294.9,150,14528,7264,1602.1,0,0,1,0
524289468,46,2,3,12890.825,4296.94166666667,6945.32,0,0,1105,562.9,736.1,1645.4,433,786.805,0,0,676.3,14191.6666666667,4730.55555555556,0,0,0,0,1
978656914,46,2,3,21060.19,7020.06333333333,4624.44,0,0,2200,0,2400,5196,1850,0,2300,2489.75,0,31416.6666666667,10472.2222222222,2489.75,0,0,1,0
787896459,46,2,4,14447.68,3611.92,8685.98,0,0,1275,1039.2,0,1732,433,0,0,866,416.5,49833.3333333333,12458.3333333333,0,0,0,0,1
66284880,46,3,3,25788.79,8596.26333333333,5304.25,0,0,5210,637.25,1090,4265.92,2100,1949.5,0,4806.3,425.57,32500,10833.3333333333,4806.3,0,0,1,0
697539252,46,2,2,18643.455,9321.7275,4388.455,0,2500,6167,166,0,2165,725,0,0,1732,800,7000,3500,0,0,0,0,0
892577820,46,1,4,11409.61,2852.4025,2844.81,0,1400,1830,0,0,1481.6,2310,970,0,173.2,400,17416.6666666667,4354.16666666667,0,0,0,0,0
231936623,46,1,2,11727.77,5863.885,5291.26,0,0,2200,962.65,0,1299,433,1160,0,0,381.86,15333.3333333333,7666.66666666667,0,433,1,0,0
127688466,46,1,3,14718.195,4906.065,3422.865,454.65,400,2166.78,2896,0,4211,604,0,0,562.9,0,15176.6666666667,5058.88888888889,0,0,0,0,0
639342447,46,2,3,16051.409,5350.46966666667,7600.449,173.2,500,1985,0,0,2242.76,500,1400,1200,0,450,16400,5466.66666666667,0,0,0,0,0
16102337,46,2,5,11181.9,2236.38,4676.4,0,2300,2040,0,0,1515.5,400,0,0,0,250,2083.33333333333,416.666666666667,0,0,0,0,0
960232453,46,1,3,2861.32,953.773333333333,1229.72,0,0,1112,0,0,0,0,0,0,0,519.6,2496.66666666667,832.222222222222,0,0,0,0,0
912787110,46,1,1,23513.63,23513.63,2862.13,0,1900,1290,1920,13131.5,0,780,1200,0,0,430,20416.6666666667,20416.6666666667,0,0,0,0,0
922512419,46,1,2,18696.09,9348.045,3853.7,779.4,1200,6500,1198.99,272,2576.5,400,400,0,844.35,671.15,18000,9000,844.35,0,0,1,0
65213003,46,2,2,27238.03,13619.015,13427.33,259.8,0,4593,2306.84,0,3340.48,600,1199,0,1039.2,472.38,15000,7500,0,415.68,1,0,0
600569358,46,1,2,20079.94,10039.97,6724.49,281.45,1200,1600,0,2109.3,2089.5,2320,1650,0,1905.2,200,26500,13250,1905.2,0,0,1,0
256134537,46,2,1,8999.23,8999.23,1693.03,0,450,5140,0,150,0,400,460,0,389.7,316.5,10666.6666666667,10666.6666666667,389.7,0,0,1,0
581034990,46,2,3,17365.55,5788.51666666667,7945.55,0,0,2130,2080,300,1360,2000,1550,0,0,0,41000,13666.6666666667,0,0,0,0,0
952954898,46,2,3,26258.51,8752.83666666666,6607.58,0,4100,6260,2205.78,1753.1,2198.5,500,686.6,0,1602.1,344.85,27740,9246.66666666667,736.1,0,0,1,0
713662700,46,1,7,18026.895,2575.27071428571,7765.855,203.51,1300,1970,513,0,389.7,500,2039.2,0,2424.8,920.83,21433.3333333333,3061.90476190476,519.6,0,0,1,0
49166173,46,2,4,15782.79,3945.6975,3381.73,0,580,2355,2294,1248,4211,1100,520,0,0,93.06,16407.31,4101.8275,0,0,0,0,0
991751855,46,2,9,20158.37,2239.81888888889,10885.62,0,0,3018,627.85,0,0,866,4160.9,0,0,600,22166.6666666667,2462.96296296296,0,0,0,0,1
130827357,46,1,2,17585.86,8792.93,4680.73,822.7,2390,1120,470,1100,216.5,2076,890,0,2338.2,1481.73,14700,7350,0,0,0,0,0
613344278,46,1,3,4551.1,1517.03333333333,2013.45,0,0,1250,0,0,0,0,0,0,887.65,400,31200,10400,887.65,0,0,1,0
428905520,46,1,4,12887.93,3221.9825,8058.13,0,0,3170,129.9,0,0,0,700,0,0,829.9,19033.3333333333,4758.33333333333,0,0,0,0,1
168162617,46,1,1,14576.7,14576.7,4711.04,0,0,6330,0,0,179.96,1666,1300,0,389.7,0,24283.3333333333,24283.3333333333,0,0,0,0,0
378680097,46,1,4,13329.0745,3332.268625,7314.4525,0,0,3300,1658.022,0,0,470,500,0,86.6,0,14500,3625,0,0,0,0,1
716269545,46,3,3,24987.14,8329.04666666667,11335.94,389.7,2700,1040,0,560,3231,750,980,0,3680.5,320,30000,10000,3290.8,0,0,1,0
609450783,46,2,4,14300.16,3575.04,4009.58,0,0,6215,35.2,300,1281.68,873,330,0,1255.7,0,12000,3000,1255.7,0,0,1,0
326690622,46,2,3,11083.39,3694.46333333333,5979.73,0,0,815,519.6,850,1783.96,340,640,0,0,155.1,27908.5,9302.83333333333,0,0,0,0,1
956218920,46,2,3,13377.86,4459.28666666666,2736.56,0,0,970,0,650,4763,1300,750,0,1125.8,1082.5,23000,7666.66666666667,1125.8,0,0,1,0
451160886,46,2,7,20228.14,2889.73428571428,8746.6,0,2900,435,800,0,6956.84,0,0,0,389.7,0,23866.6666666667,3409.52380952381,389.7,0,0,1,0
609495588,46,2,4,15856.13,3964.0325,8317.93,0,0,1780,0,0,3165,1700,620,0,0,273.2,16833.3333333333,4208.33333333333,0,0,0,0,1
137988109,46,1,1,16948.64,16948.64,926.62,0,4300,5000,1920.5,900,1273.02,0,530,0,1948.5,150,27000,27000,995.9,0,0,1,0
278768362,46,1,1,7157.9,7157.9,1515.5,0,0,4496,0,0,346.4,0,600,0,0,200,13833.3333333333,13833.3333333333,0,0,0,0,0
592704884,46,1,6,11720.27,1953.37833333333,4758.67,0,2200,1130,0,0,779.4,300,980,0,1472.2,100,11800,1966.66666666667,952.6,0,0,1,0
30554155,46,1,4,4697.26,1174.315,961.26,0,0,1787,0,0,1299,0,650,0,0,0,22500,5625,0,0,0,0,0
795428614,46,2,6,29235,4872.5,7469.25,0,7700,1630,0,750,3960.9,1700,1200,0,4524.85,300,26641.6666666667,4440.27777777778,1905.2,0,0,1,0
909289813,46,2,1,19595.245,19595.245,1612.925,1299,4100,1880,1056.52,606.2,2405,600,875,0,3485.65,1674.95,29250,29250,779.4,0,0,1,0
10094238,46,1,1,15122.62,15122.62,242.48,0,1100,5630,811.35,270,0,500,1100,0,4286.7,1182.09,10290,10290,649.5,0,0,1,0
913382074,46,1,4,18890.91,4722.7275,7170.48,1060.85,3730,1212.73,3048,0,454.65,587.5,587.5,0,1039.2,0,19020,4755,1039.2,512,1,1,0
320550695,46,1,3,2876.1,958.7,541.25,0,300,240,0,0,0,600,500,0,0,694.85,8529.4,2843.13333333333,0,0,0,0,0
750257775,46,2,6,37344.99,6224.165,8248.65,0,5250,7176,148,2208,7865,1690,3175,450,575.89,558.45,40000,6666.66666666667,0,0,0,0,0
428464122,46,2,3,39657.66,13219.22,8486.8,0,9300,6430,2880,1250,4336.56,1100,2650,0,3074.3,150,36720,12240,2987.7,0,0,1,0
735198812,46,1,5,19397.77,3879.554,6867.38,259.8,4400,1640,294.44,0,0,700,2100,0,2100.05,1036.1,29033.3333333333,5806.66666666667,801.05,0,0,1,0
616022683,46,2,3,13632.66,4544.22,7542.86,433,0,1695,0,0,0,1000,470,0,1991.8,500,26580,8860,1991.8,0,0,1,1
914421710,46,1,2,15194.424,7597.212,9849.88400000001,0,1400,1250,640,0,55.76,400,400,0,0,1198.78,19000,9500,0,0,0,0,1
134512338,46,1,3,19253.771,6417.92366666667,9472.741,194.85,0,1240,683.51,0,1129.18,3006,600,0,2381.5,545.99,16000,5333.33333333333,779.4,866,1,1,0
149367411,46,1,1,19477.72,19477.72,2888.11,0,4330,4420,73.61,0,934.7,1268,1030,0,4373.3,160,8800,8800,0,0,0,0,0
630138327,46,1,3,10893.59,3631.19666666667,5585.7,0,400,1630,0,0,2251.6,300,536.29,0,0,190,13500,4500,0,0,0,0,1
160508548,46,2,5,15271.2363,3054.24726,4334.5465,801.05,1780,1470,16,174.499,4416.7408,433,0,0,519.6,1325.8,14100,2820,0,433,1,0,0
903412058,46,1,3,11169.58,3723.19333333333,4364.64,0,1400,2400,0,200,1732,495,500,0,0,77.94,8201.33333333333,2733.77777777778,0,0,0,0,0
248187262,46,1,2,4503.86,2251.93,1913.86,0,400,1510,80,0,0,0,500,0,0,100,9900,4950,0,0,0,0,0
394518958,46,1,3,13863.82,4621.27333333333,7226.77,0,0,1305,0,500,1558.8,400,500,0,2273.25,100,24666.6666666667,8222.22222222222,1558.8,0,0,1,1
75228063,46,2,3,13668.37,4556.12333333333,2723.57,0,2440,1180,28.8,600,5196,1050,450,0,0,0,18000,6000,0,0,0,0,0
8063450,46,2,3,27035.89,9011.96333333334,7213.78,493.62,3400,1230,1349.49,1200,2580,840,1200,0,5477.45,2051.55,45583.3333333333,15194.4444444444,6148.6,0,0,1,0
802373272,46,1,8,7962.58,995.3225,3013.68,0,1000,1870,0,0,649.5,650,0,0,779.4,0,16400,2050,0,0,0,0,0
441583198,46,1,5,9385.178,1877.0356,2792.85,0,1550,1490,320,0,1652.328,0,0,0,0,1580,8251.33333333333,1650.26666666667,0,0,0,0,0
402566239,46,2,3,23368.415,7789.47166666667,10381.175,0,800,1379,1580.45,0,4314.16,3400,400,0,0,1113.63,26000,8666.66666666667,0,866,1,0,0
18647997,46,1,2,34091.94,17045.97,7664.1,0,1200,2520,20000,200,207.84,0,1700,0,0,600,49000,24500,0,0,0,0,0
573373600,46,2,2,27323.14,13661.57,7196.46,303.1,110,4210,368.05,0,11673.8,633,605,0,1229.3,994.43,36291.6666666667,18145.8333333333,562.9,0,0,1,0
191424281,46,1,2,14516.12,7258.06,5992.72,0,0,3629,0,500,1299,200,1100,0,1645.4,150,18075,9037.5,649.5,0,0,1,0
636755628,46,2,2,7800.74,3900.37,3160.9,0,1200,650,0,250,399.84,1070,1070,0,0,0,15500,7750,0,0,0,0,0
988091449,46,1,1,9712.22,9712.22,4927.54,0,0,2670,0,1299,0,280,0,0,0,535.68,20250,20250,0,0,0,0,1
601197365,46,1,1,9971.61,9971.61,1654.06,0,600,5220,48,43.2,324.75,1025.6,1000,0,0,56,7000,7000,0,56,1,0,0
847582618,46,1,1,16476.9,16476.9,7001.61,0,850,1740,3837.74,1240,0,140,650,0,0,1017.55,7500,7500,0,0,0,0,0
517287617,46,1,2,11759.3,5879.65,5001.15,0,0,2005,389.7,700,389.7,300,1100,0,1623.75,250,18286.6666666667,9143.33333333333,584.55,0,0,1,0
936152782,46,1,1,10657.895,10657.895,1260.03,0,770,6846.865,190,0,866,475,0,0,0,250,8000,8000,0,0,0,0,0
64116532,46,2,4,14662.27,3665.5675,6118.29,0,0,2285,718.78,0,3540.2,900,900,0,0,200,30000,7500,0,0,0,0,0
390689464,46,1,2,7524.708,3762.354,640.84,0,2140,1430,256,0,301.368,250,2498.5,8,0,0,1900,950,0,0,0,0,0
617173424,46,1,5,11613.21,2322.642,4490.21,0,0,3350,0,0,1732,1175,0,0,866,0,27000,5400,866,0,0,1,0
676235770,46,1,6,20557.602,3426.267,7101.2,0,5325,874,894.57,0,1948.5,1020,1742.832,0,1515.5,136,25900,4316.66666666667,606.2,0,0,1,0
43246743,46,2,2,14786.24,7393.12,4884.24,0,0,6120,0,0,1299,1200,650,0,433,200,18776.6666666667,9388.33333333333,0,0,0,0,0
154275093,46,1,4,12753.04,3188.26,9235.89,433,0,1120,497.95,0,0,0,700,0,0,766.2,26000,6500,0,0,0,0,1
528165997,46,2,2,6287.7,3143.85,3056.98,0,0,585,0,0,649.5,0,550,0,1082.5,363.72,9000,4500,1082.5,0,0,1,0
773167770,46,1,4,16212.39,4053.0975,5079.09,0,400,5320,0,0,433,776,680,16,1948.5,1559.8,25000,6250,1948.5,0,0,1,0
421968323,46,1,3,12785.79,4261.93,6148.6,0,0,1770,324.75,0,649.5,1133,750,0,1602.1,407.84,9500,3166.66666666667,519.6,0,0,1,0
809782951,46,2,4,24488.53,6122.1325,6516.65,0,0,5765,1630.52,500,3337.7,1450,800,0,4200.1,288.56,20283.3333333333,5070.83333333333,3767.1,0,0,1,0
454062376,46,3,2,13012.47,6506.235,5603.02,0,0,1275,151.55,3031,1732,657,0,0,0,562.9,20250,10125,0,0,0,0,0
740840221,46,1,3,27938.635,9312.87833333332,8848.355,0,6900,1920,940,2688.7,1108.48,400,500,0,2684.6,1948.5,23630,7876.66666666667,2684.6,0,0,1,0
88641854,46,3,8,49516.87,6189.60875,10686.44,194.85,10750,3230,1091.16,2139.2,7470.84,2920,2949,0,6313.14,1772.24,78950,9868.75,4321.34,0,0,1,0
73658070,46,1,3,16806.12,5602.04,4585.47,0,0,6170,194.85,0,0,0,400,0,4892.9,562.9,12000,4000,3074.3,0,0,1,0
714150181,46,1,4,14674.63,3668.6575,2688.93,0,1150,7080,0,0,1366,1050,850,100,389.7,0,20000,5000,0,0,0,0,0
444259624,46,1,2,9408.13,4704.065,3208.53,0,2150,2830,0,0,0,200,500,0,519.6,0,6200,3100,0,0,0,0,0
115133679,46,1,4,16585.14,4146.285,2935.74,0,0,7440,640,259.8,692.8,1100,2824,0,692.8,0,32500,8125,433,0,0,1,0
896115921,46,1,5,6934.21,1386.842,2385.83,0,0,1120,0,0,155.88,250,1050,24,1948.5,0,12200,2440,0,0,0,0,0
30327646,46,2,4,21012.28,5253.07,5416.83,0,500,1880,264.13,1490,4246.27,1000,1669.6,0,3485.65,1059.8,51080,12770,3485.65,0,0,1,0
192530042,46,1,4,13042.13,3260.5325,4594.13,0,2600,1526.8,0,1000,1299,908,508,0,606.2,0,30400,7600,0,0,0,0,0
910857457,46,1,5,14152.55,2830.51,3065.64,0,0,3700,588.25,0,3356.86,0,1162.9,300,1428.9,550,18300,3660,0,0,0,0,0
77120517,46,3,6,21679.1,3613.18333333334,8309.27,844.35,1530,1910,57.6,606.2,5481.68,1975,845,0,0,120,33050,5508.33333333333,0,0,0,0,0
540943963,46,1,5,15479.73,3095.946,7140.17,0,1000,1540,0,302.17,1842.69,900,0,0,1472.2,1282.5,11500,2300,0,0,0,0,0
326119310,46,1,4,7125.1,1781.275,3576.58,0,700,1650,0,0,623.52,575,0,0,0,0,5000,1250,0,0,0,0,1
118540726,46,1,1,11597.0917,11597.0917,5237.0917,0,1080,2630,200,1000,0,450,700,0,0,300,18000,18000,0,0,0,0,0
682319740,46,1,2,13876.88,6938.44,5074.76,0,2700,1760,0,1266,1013.22,300,900,0,562.9,300,28413.3333333333,14206.6666666667,562.9,0,0,1,0
859392189,46,2,5,22595.2512,4519.05024,5577.2998,0,680,2049,499.29,0,5855.6,3208,3215,324,0,1187.0614,46200,9240,0,433,1,0,0
256257085,46,2,1,5442.946,5442.946,801.05,0,0,1029,0,0,2598,0,0,0,866,148.896,5500,5500,866,0,0,1,0
434713794,46,2,5,26484.534,5296.9068,7854.62,0,0,2055,389.7,750,6554.024,800,1100,0,5629,1352.19,33488.3333333333,6697.66666666667,6516.65,0,0,1,0
291789123,46,2,4,25431.33,6357.8325,9309.5,3667.51,0,1790.02,2560,5455.8,1732,516.5,400,0,0,0,42186.6666666667,10546.6666666667,0,0,0,0,0
749236943,46,2,3,21630.39,7210.13,6940.99,0,5500,2330,0,750,3211.4,0,0,0,2598,300,26346.6666666667,8782.22222222222,1948.5,0,0,1,0
770285473,46,1,1,6596.17,6596.17,4065.87,0,0,784,359.18,0,1010,0,0,0,0,377.12,5000,5000,0,0,0,0,1
656500193,46,2,2,16713.47,8356.735,7490.9,259.8,1350,1080,1140.85,670,2242.62,550,900,0,43.3,986,16023.3333333333,8011.66666666667,0,0,0,0,0
483681747,46,2,3,21769.36,7256.45333333333,3347.09,0,2420,8097.07,0,0,5299,1400,600,0,606.2,0,40000,13333.3333333333,606.2,0,0,1,0
745371844,46,1,2,3067.35,1533.675,757.75,0,200,840,0,769.6,0,0,500,0,0,0,8000,4000,0,0,0,0,0
280038851,46,1,5,14075.24,2815.048,7824.31,0,1030,1090.33,672,0,1602.1,1150,490,0,216.5,0,20200,4040,0,0,0,0,1
515026648,46,1,1,9469.3,9469.3,2000.46,0,4500,745,432,0,500.01,438,0,0,584.55,269.28,8000,8000,0,0,0,0,0
617967154,46,1,2,17170.04,8585.02,4200.1,0,0,2340,121.24,9959,0,0,0,0,303.1,246.6,17333.3333333333,8666.66666666667,0,0,0,0,0
626138076,46,1,5,11012.045,2202.409,6220.045,0,750,1160,0,389.7,389.7,666.5,629.9,0,606.2,200,10940,2188,519.6,0,0,1,1
261630350,46,1,1,6357.81,6357.81,2974.71,0,0,820,0,1010,0,150,980,0,303.1,120,8400,8400,0,0,0,0,0
53343567,46,1,4,33321.465,8330.36625,14310.65,216.5,7635,445,922.29,0,545.75,382.89,720,0,6648.715,1494.67,8036,2009,0,0,0,0,0
701937979,46,1,2,16141.017,8070.5085,1579.584,0,0,12000,82.27,850,725.128,300,0,0,0,604.035,12000,6000,0,0,0,0,0
481651064,46,1,3,8263.75,2754.58333333333,3840.71,173.2,270,470,156.8,389.7,1645.4,600,0,300,0,417.94,7200,2400,0,0,0,0,0
886166910,46,1,7,9609.84,1372.83428571429,5382.19,0,1200,1380,584.55,0,303.1,300,460,0,0,0,18000,2571.42857142857,0,0,0,0,1
358548459,46,2,1,8131.85,8131.85,2827.49,0,750,2296,398.36,0,0,1280,580,0,0,0,7250,7250,0,0,0,0,0
507377748,46,1,1,6261.339,6261.339,1954.562,632.18,0,1450,469.917,656,0,0,200,0,848.68,50,6500,6500,433,0,0,1,0
552692306,46,2,5,13561.56,2712.312,5745.91,194.85,0,1085,400,0,2598,0,680,0,2511.4,346.4,16250,3250,0,0,0,0,0
731993311,46,2,2,11587.16,5793.58,4780.32,0,0,970,381.04,0,4330,0,0,0,692.8,433,12150,6075,0,0,0,0,0
247176345,46,2,5,29591.36,5918.27199999999,7092.54,0,5900,1760,528,3043.21,4458.76,1300,1373.2,0,3485.65,650,30436.6666666667,6087.33333333333,3247.5,0,0,1,0
560610599,46,2,4,32577.48,8144.37,12994.33,519.6,0,7620,303.1,0,4330,433,1059.8,0,4156.8,1160.85,48750,12187.5,2857.8,0,0,1,0
322456071,46,2,2,24133.54,12066.77,4234.74,0,0,5687.4,6389.7,2753.88,1567.46,250,870,0,1684.37,695.99,19333.3333333333,9666.66666666667,1299,0,0,1,0
400942091,46,1,2,20732.2747,10366.13735,6858.9365,0,300,1980,2138.3095,6034.1067,0,650,1950,0,0,820.922,6500,3250,0,0,0,0,0
185001271,46,2,6,20475.75,3412.625,9244.55,0,0,2720,0,0,6235.2,796,480,200,0,800,32400,5400,0,0,0,0,0
498143762,46,1,2,16283.19,8141.595,6079.32,0,2400,2126.42,1968.05,0,779.4,410,2520,0,0,0,13050,6525,0,0,0,0,0
942189053,46,2,2,100650.29,50325.145,5157.03,0,14200,6912,10645.66,6000,8956.8,3600,17500,0,22516,5162.8,40300,20150,21130.4,0,0,1,0
838899630,46,1,4,13462.95,3365.7375,5910.45,0,0,1530,0,0,2792.6,900,1900,0,0,429.9,12720,3180,0,0,0,0,0
408700258,46,2,5,18715.37,3743.074,8356.9,0,200,1700,1107.64,0,2812.5,500,1500,28.8,1732,777.53,21157.35,4231.47,0,0,0,0,0
642925057,46,1,4,5791.24,1447.81,1766.64,0,200,960,192,250,952.6,200,1110,0,0,160,12600,3150,0,0,0,0,0
113420665,46,1,3,9466.48,3155.49333333333,6174.58,0,0,1270,0,0,433,433,0,0,692.8,463.1,8016.66666666667,2672.22222222222,0,0,0,0,1
653853688,46,1,4,10188.64,2547.16,6486.34,0,600,1176,216.5,509.8,0,0,1000,0,0,200,10200,2550,0,0,0,0,1
34730776,46,1,2,7037.625,3518.8125,3466.165,0,0,1580,0,0,484.96,530,550,0,389.7,36.8,8533.33333333333,4266.66666666667,389.7,0,0,1,0
799750167,46,2,1,18191.57,18191.57,2892.44,952.6,2200,1890,80,0,3150.37,1450,700,0,4633.1,243.06,32500,32500,1558.8,0,0,1,0
396805992,46,2,3,31321.43,10440.4766666667,11786.26,0,2500,1180,2683.56,250,4888.6,1500,1680,0,3334.1,1518.91,42000,14000,3334.1,1280,1,1,0
492842561,46,1,4,26528.62,6632.155,6447.37,0,4250,5460,151.55,0,3031,900,1800,2800,1688.7,0,23000,5750,0,0,0,0,0
18567840,46,1,5,13419.89,2683.978,7763.69,259.8,500,1400,0,0,490.6,1033,480,0,0,1492.8,16005,3201,0,0,0,0,1
121511043,46,1,4,7249.27,1812.3175,1835.92,0,120,1352,194.85,0,1146.5,1200,600,800,0,0,23000,5750,0,0,0,0,0
134814174,46,2,2,21614.23,10807.115,1883.55,0,600,892,9128,0,0,600,1600,0,6910.68,0,24000,12000,0,0,0,0,0
681597803,46,3,4,46416.35,11604.0875,12340.5,1212.4,1300,2595,4138.19,570,8142.7,5200,6143,0,2338.2,2436.36,49900,12475,0,3200,1,0,0
59505712,46,2,1,11370.965,11370.965,108.25,0,4030,5456.865,240,0,433,475,0,0,627.85,0,16000,16000,303.1,0,0,1,0
133923052,46,2,2,9863.146,4931.573,2385.83,0,300,1490,482.85,250,1195.08,1360,1400,0,0,999.386,25300,12650,0,0,0,0,0
922867939,46,1,2,18086.87,9043.435,5018.47,0,6790,930,0,1540,779.4,500,980,0,1299,250,12953.3333333333,6476.66666666667,1299,0,0,1,0
380057022,46,1,1,7316.73,7316.73,4659.08,0,0,1670,714.45,0,0,0,0,0,0,273.2,9100,9100,0,0,0,0,1
963796532,46,1,4,29123,7280.75,4814.96,0,0,3035,1539,796.3,9537.94,1936.5,786.6,2040,3897,739.7,13483.3333333333,3370.83333333333,0,0,0,0,0
64142195,46,1,1,11732.31,11732.31,6915.01,216.5,0,910,303.1,0,866,733,0,0,1385.6,403.1,5216.66666666667,5216.66666666667,866,0,0,1,1
621147164,46,1,2,9207.74,4603.87,4256.39,0,0,1475,129.9,0,433,200,500,0,1883.55,329.9,12500,6250,627.85,0,0,1,0
499305063,46,2,2,30517.46,15258.73,10976.55,779.4,0,4600,0,3137.79,5781.37,500,1200,0,3442.35,100,33000,16500,3940.3,0,0,1,0
903361429,46,1,2,15628.96,7814.48,8746.6,0,0,1770,164.54,0,866,2132,750,0,779.4,420.42,30404.6666666667,15202.3333333333,779.4,0,0,1,1
27084757,46,1,4,16894.39,4223.5975,4498.87,0,3460,2390,3456,570,1489.52,600,430,0,0,0,21500,5375,0,0,0,0,0
613420741,46,1,4,10334.062,2583.5155,3615.55,0,0,1400,0,500,2409.212,516.5,1000,0,692.8,200,10000,2500,692.8,216.5,1,1,0
363920319,46,1,4,14922.93,3730.7325,7928.23,0,200,1890,736.1,300,866,1000,600,450,692.8,259.8,22166.6666666667,5541.66666666667,692.8,0,0,1,1
822110520,46,1,2,7708.3,3854.15,4390.62,0,1000,1102,86.6,0,0,0,700,0,77.94,351.14,10283.3333333333,5141.66666666667,0,0,0,0,1
674465360,46,1,2,9391.95,4695.975,3528.95,0,900,1500,60,250,433,1020,1300,0,0,400,16950,8475,0,0,0,0,0
77017531,46,1,4,22588.86,5647.215,5724.26,0,5400,1330,3520,1669.6,433,400,2230,150,0,1732,22133.3333333333,5533.33333333333,0,0,0,0,0
468025266,46,1,4,15735.7174,3933.92935,5593.4074,303.1,1650,1730,112,800,1567.46,259.8,900,0,1688.7,1131.25,20900,5225,0,0,0,0,0
23939498,46,2,5,16012.77,3202.554,6339.12,0,2160,1960,0,0,324.75,2600,1200,0,1428.9,0,42300,8460,1472.2,0,0,1,0
909356452,46,1,3,14269.56,4756.52,4910.22,0,1600,3800,320,0,1558.8,600,900,16,0,564.54,17000,5666.66666666667,0,0,0,0,0
961871753,46,2,7,19712.97,2816.13857142857,7395.64,519.6,0,2720,448.21,30,5299.2,1540,1080,0,0,680.32,46000,6571.42857142857,0,0,0,0,0
206778269,46,1,3,24562.99,8187.66333333333,1485.19,0,950,8176,4000,0,1602.1,740,320,6650,389.7,250,7731,2577,389.7,0,0,1,0
383281901,46,2,4,22641.85,5660.4625,6585.93,0,0,1730,3072,509.8,5196,2760,1802,0,0,986.12,34000,8500,0,0,0,0,0
756336801,46,2,4,22308.81,5577.2025,8127.41,0,0,1295,909.3,800,4330,800,2838.8,0,2208.3,1000,26975,6743.75,1342.3,0,0,1,0
678839261,46,1,2,5286.93,2643.465,956.93,0,0,1862,800,448,0,500,400,0,0,320,18300,9150,0,0,0,0,0
450575891,46,2,3,17431.92,5810.64,6598.92,0,600,1370,0,1000,1991.8,2041,1475,0,1905.2,450,11400,3800,779.4,866,1,1,0
425156382,46,1,3,12951.72,4317.24,5234.97,0,0,1780,70,0,1916.3,1210,1160,0,1299,281.45,19000,6333.33333333333,1299,0,0,1,0
173926076,46,1,2,6381.646,3190.823,4667.74,0,0,732,0,0,252.006,0,600,0,0,129.9,13358.3333333333,6679.16666666667,0,0,0,0,1
767176091,46,1,4,14568.45,3642.1125,2013.45,0,0,2250,0,600,2598,600,0,12,1299,5196,24166.6666666667,6041.66666666667,0,0,0,0,0
277417666,46,2,3,13100.35,4366.78333333333,3979.27,0,0,1949,0,0,762.08,530,1880,4000,0,0,26400,8800,0,0,0,0,0
336672209,46,1,9,15026.38,1669.59777777778,8058.13,0,0,930,0,0,2706.25,600,500,0,1732,500,17016,1890.66666666667,2035.1,0,0,1,1
298947790,46,2,4,33332.596,8333.149,9984.98,0,200,3243.2,2642.09,0,8964.376,1690,1654.65,0,4373.3,580,57416.6666666667,14354.1666666667,4416.6,0,0,1,0
833808558,46,1,2,6802.65,3401.325,5607.35,0,0,833,303.1,0,0,0,59.2,0,0,0,12133.3333333333,6066.66666666667,0,0,0,0,1
60139457,46,2,6,13542.91,2257.15166666667,2896.77,0,450,1880,550,1999.6,2414.28,335,1631.66,0,1385.6,0,21906.6733333333,3651.11222222222,129.9,138.56,1,1,0
686578789,46,2,6,39770.615,6628.43583333333,11212.535,0,9000,2370,192,1690,5012.68,4200,1659.8,0,3983.6,450,41726.6666666667,6954.44444444444,1818.6,0,0,1,0
361320060,46,1,4,14737.62,3684.405,3524.62,0,600,929,841.6,0,2078.4,1880,1420,0,3464,0,28750,7187.5,1688.7,0,0,1,0
875822250,46,1,1,9414.606,9414.606,2472.43,0,1200,1220,640,0,420.876,200,500,0,2641.3,120,9600,9600,2294.9,0,0,1,0
388368132,46,2,3,16676.526,5558.842,5217.65,0,1800,2200,192,0,4077.98,650,2390,0,0,148.896,21750,7250,0,0,0,0,0
94408344,46,2,4,26145.91,6536.4775,7824.31,0,5950,2428,0,448.6,6495,1900,1100,0,0,0,57666.6666666667,14416.6666666667,0,0,0,0,0
387462217,46,2,2,25920.1,12960.05,6408.4,0,0,4320,4000,1190,4233.6,1800,1300,0,2468.1,200,130290,65145,2468.1,0,0,1,0
379405083,46,2,4,57571.7,14392.925,13232.48,0,1900,2250,12014.46,1600,11677.6,2072,1780,2860,6668.2,1516.96,41000,10250,6408.4,0,0,1,0
174959708,46,1,4,16877.9553,4219.488825,3853.7,0,1300,3182,170,4921.1553,2294.9,0,550,0,606.2,0,9000,2250,0,0,0,0,0
856441948,46,1,1,7584.2,7584.2,4498.87,0,0,620,164.54,0,0,633,750,0,584.55,333.24,10030,10030,0,0,0,0,1
608115569,46,1,3,9453.04,3151.01333333333,2476.76,935.28,850,2073,192,0,866,600,960,0,0,500,6366.66666666667,2122.22222222222,0,0,0,0,0
830725843,46,1,4,14725.7,3681.425,5070.43,887.65,0,4220,268.15,0,2245.17,530,162,0,0,1342.3,15300,3825,0,0,0,0,0
748144948,46,1,4,8409.6148,2102.4037,2662.084,0,200,1600,0,30,444.7408,500,515.27,12,0,2445.52,15200,3800,0,0,0,0,0
273523268,46,1,1,14272.88,14272.88,1467.87,0,1300,2560,940.51,0,1459,2100,948,0,3074.3,423.2,18000,18000,0,448,1,0,0
357332569,46,2,2,25775.644,12887.822,3524.62,0,1000,7785,562.9,433,4144,1550,1050,2250,2814.5,661.624,20000,10000,995.9,0,0,1,0
114620898,46,2,6,38009.96,6334.99333333333,12002.76,0,0,1870,259.8,0,18062,4685.5,700,0,0,429.9,41905,6984.16666666667,0,0,0,0,0
381419020,46,1,3,16139.855,5379.95166666667,6427.885,0,0,1920,0,1290,2052.42,600,1424.75,0,2424.8,0,17238.6666666667,5746.22222222222,2424.8,0,0,1,0
410374217,46,1,3,16421.525,5473.84166666667,7025.425,0,350,5165,67.2,0,497.95,940,800,12,1082.5,481.45,20201.3333333333,6733.77777777778,0,0,0,0,0
638346887,46,1,7,12605.93,1800.84714285714,6811.09,0,0,1290,121.24,2598,0,0,0,0,1299,486.6,19583.3333333333,2797.61904761905,0,0,0,0,1
424443334,46,1,3,34697.89,11565.9633333333,14713.34,0,2200,1300,5000,0,2443.6,648,500,0,6992.95,900,27000,9000,0,0,0,0,0
39318538,46,1,4,9807.43800000001,2451.8595,4351.65,0,0,843,60,1645.4,1262.628,495,405,0,0,744.76,13000,3250,0,0,0,0,0
800641532,46,1,3,11042.334,3680.778,4009.147,0,1100,2500,397.927,268.46,519.6,700,1000,24,173.2,350,19200,6400,0,0,0,0,0
565688747,46,2,2,26219,13109.5,4026.9,0,5100,1710,128,2546.2,3737.7,3100,2362.9,0,3507.3,0,25666.6666666667,12833.3333333333,2857.8,0,0,1,0
