id,provincia,propauto,cantmiem,gastot,gastotpc,gc_01,gc_02,gc_03,gc_04,gc_05,gc_06,gc_07,gc_08,gc_09,gc_10,gc_11,gc_12,ingtoth,ingpch,tn_restaurant,tn_internet,cat_gastos_internet,cat_gastos_restaurant,cat_gastos_alimentos
455593598,90,1,3,12711.06,4237.02,6118.29,0,1400,1250,316.09,0,2732.23,0,180,0,0,714.45,7400,2466.66666666667,0,0,0,0,0
618214408,90,3,4,16369.9,4092.475,5152.7,0,500,2550,389.7,600,3247.5,300,800,2600,0,230,29666.6666666667,7416.66666666667,0,0,0,0,0
152510932,90,1,3,18309.12,6103.04,2974.71,0,0,5209,6524.75,2820,0,250,0,0,0,530.66,39500,13166.6666666667,0,0,0,0,0
219054384,90,1,2,16346.476,8173.238,5689.62,0,2050,2000,1157.85,677.7,64.95,1790,1882.216,0,562.9,471.24,27671.6666666667,13835.8333333333,0,0,0,0,0
221345418,90,2,2,22667.68,11333.84,4654.75,0,800,5896,0,0,6725.79,800,2560,0,1169.1,62.04,25000,12500,0,0,0,0,0
574461170,90,2,2,11594.67,5797.33499999999,2139.02,0,0,1465,748,666.91,4949.19,0,0,0,1299,327.55,15702.6666666667,7851.33333333333,0,0,0,0,0
662996309,90,1,2,9429.06,4714.53,1636.74,346.4,1000,1075,0,2294.9,147.22,320,900,0,1558.8,150,15233.3333333333,7616.66666666667,519.6,0,0,1,0
31396692,90,1,1,26058.6595,26058.6595,3590.7391,2385.83,2680,7794,1014.5737,885.49,0,1100,4800,0,1039.2,768.8267,27126.6666666667,27126.6666666667,0,64,1,0,0
35451699,90,2,5,16788.75,3357.75,6473.35,0,2268,1439.08,175,0,0,2060,550,0,2944.4,878.92,28775,5755,2944.4,0,0,1,0
509050207,90,1,7,42638.995,6091.285,13797.545,0,2485,3039.88,5589.94,5668.4,3820.47,1423.8,4468.64,380,995.9,969.42,25109.27,3587.03857142857,0,0,0,0,0
761145119,90,1,4,15879.628,3969.907,8032.15,0,0,1610,445.99,0,1623.75,0,450,0,3507.3,210.438,8956.66666666667,2239.16666666667,0,0,0,0,1
201515296,90,2,8,23222.9,2902.8625,4468.56,0,2010,4629,0,2589.75,8166,620,0,0,0,739.59,23573.3333333333,2946.66666666667,0,0,0,0,0
9744093,90,1,4,16581.3,4145.325,8556.08,0,600,808.52,86.6,2081.45,649.5,300,916,0,2078.4,504.75,10866.6666666667,2716.66666666667,346.4,0,0,1,1
964562321,90,1,4,32354.73,8088.6825,14323.64,0,2600,1562,758.4,924.75,3459.5,2586,3900,0,2078.4,162.04,28866.6666666667,7216.66666666667,995.9,0,0,1,0
532690199,90,2,5,29376.58,5875.316,5719.93,0,1600,11550,1817.34,995.9,1623.75,1736.5,1488.5,0,1493.85,1350.81,7833.33333333333,1566.66666666667,0,0,0,0,0
399755965,90,1,4,16758.53,4189.6325,5416.83,0,540,6630,0,0,1299,1000,0,1050,822.7,0,21250,5312.5,822.7,0,0,1,0
322000512,90,1,2,7900.903,3950.4515,3165.663,0,350,1915.5,780,0,917.094,282,0,0,0,490.646,23821.6666666667,11910.8333333333,0,0,0,0,0
174344048,90,2,5,11309.94,2261.988,2095.72,0,0,1125,904.97,673.2,4979.5,780,600,0,0,151.55,35850,7170,0,0,0,0,0
566280734,90,1,2,7922.812,3961.406,2771.2,0,0,2240,1184,303.1,0,0,1240,0,0,184.512,13779.1666666667,6889.58333333333,0,0,0,0,0
244286810,90,1,5,1784.42,356.884,753.42,0,0,598,0,0,433,0,0,0,0,0,8850,1770,0,0,0,0,0
494338703,90,2,3,11856.56,3952.18666666667,2052.42,0,1800,640,0,0,4330,0,335,0,1883.55,815.59,14325,4775,0,0,0,0,0
549965029,90,2,5,29085.205,5817.041,11069.645,0,500,2204.4,445.99,5487.88,2515,2003,470,0,1212.4,3176.89,29475,5895,1212.4,0,0,1,0
932580399,90,1,4,11220.095,2805.02375,5652.815,0,0,1613,129.9,920,2104.38,600,200,0,0,0,17300,4325,0,0,0,0,1
757260114,90,1,2,9138.435,4569.2175,3541.94,0,200,1220,0,121.24,1780,0,900,0,1212.4,162.855,15133.3333333333,7566.66666666667,0,0,0,0,0
168058198,90,1,5,12030.44,2406.088,6261.18,0,70,2867,786.4,0,1164.46,0,0,32,779.4,70,13000,2600,0,0,0,0,1
910939261,90,2,5,52377.7706,10475.55412,11413.88,1970.15,150,2882,0,2571.7,27599.4,1733,700,0,3031,326.6406,29450,5890,1082.5,0,0,1,0
198326460,90,1,5,36429.25,7285.84999999999,8603.71,0,17100,1431,3708.3,1404,510.94,250,2245,700,411.35,64.95,42066.6666666667,8413.33333333333,411.35,0,0,1,0
792914323,90,2,4,15367.23,3841.8075,5217.65,0,0,1378.5,0,0,3231.4,1940,1600,0,1844.58,155.1,102916.666666667,25729.1666666667,1844.58,0,0,1,0
573339421,90,2,5,11396.21,2279.242,5468.79,0,0,2380,121.24,0,2766.87,0,0,96,129.9,433.41,13200,2640,0,0,0,0,0
924949979,90,1,4,22939.193,5734.79825,8531.399,519.6,400,7440,186.19,0,3593.44,1000,750,0,0,518.564,24628.3333333333,6157.08333333333,0,0,0,0,0
307641135,90,2,2,13836.775,6918.3875,4741.35,0,0,3890.165,168,1050,1455.8,399.46,400,0,1732,0,26462.5,13231.25,1732,0,0,1,0
384166434,90,2,4,15631.2546,3907.81365,3778.7477,0,4100,1720,809.5801,0,3259,0,1280,96,0,587.9268,31083.3333333333,7770.83333333333,0,0,0,0,0
848049171,90,2,4,24332.7033,6083.175825,2865.4208,0,300,4300,3187.627,944.806,3874.3,850,2300,3300,736.1,1674.4495,54500,13625,0,0,0,0,0
833837177,90,2,3,14038.454,4679.48466666667,6867.38,433,0,894,121.24,500,3464,390,880,16,0,472.834,21716.6666666667,7238.88888888889,0,0,0,0,0
673398152,90,1,4,11217.17,2804.2925,3758.44,0,1550,1192.5,620.25,200,325.98,960,480,2100,0,30,29987,7496.75,0,0,0,0,0
991830011,90,1,1,10092.13,10092.13,2494.08,0,200,1250,0,650,433,400,400,0,4265.05,0,16333.3333333333,16333.3333333333,3572.25,0,0,1,0
98190369,90,1,6,16749.638,2791.60633333333,6274.17,909.3,2450,4290,0,116.91,2185.784,0,378,0,108.25,37.224,10683.3333333333,1780.55555555556,0,0,0,0,0
699157700,90,1,1,8499.13,8499.13,697.13,0,600,4535,66,339.8,1260.25,0,216.5,0,714.45,70,4666.66666666667,4666.66666666667,0,0,0,0,0
955806394,90,2,6,27272.488,4545.41466666667,8317.93,1645.4,1500,2170.36,570,1531.45,4202.698,1666,1731.5,2400,1320.65,216.5,55233.3333333333,9205.55555555556,866,0,0,1,0
233006741,90,1,4,10382.9,2595.725,3438.02,0,668,480,0,0,2598,1670,160,0,866,502.88,17040,4260,0,0,0,0,0
451718506,90,1,3,12554.95,4184.98333333333,5014.14,0,1300,900,359.78,700,1449,433,220,0,0,2179.03,14400,4800,0,0,0,0,0
20190535,90,1,3,12147.585,4049.195,5477.45,303.1,0,1210,0,416.6,1861.9,750,950,0,736.1,442.435,34286.6666666667,11428.8888888889,0,0,0,0,0
495901324,90,1,6,6761.9,1126.98333333333,1060.85,519.6,1135,1936,579,0,86.6,800,450,0,194.85,0,21550,3591.66666666667,0,0,0,0,0
182332631,90,1,6,13951.375,2325.22916666667,5713.435,0,2635,1663.2,20,0,467.64,1750,0,0,866,836.1,18838.31,3139.71833333333,0,0,0,0,0
83470893,90,1,3,15154.07,5051.35666666667,4161.13,0,5087,1287,649.39,1058.25,799.5,616.4,1315,80.4,0,100,24250,8083.33333333333,0,0,0,0,0
103980971,90,1,5,12392.18,2478.436,3338.43,0,2920,2310,1928,0,757.75,1010,128,0,0,0,42833.3333333333,8566.66666666667,0,0,0,0,0
188935488,90,1,6,18725.75,3120.95833333333,13972.91,433,0,1730,32,207.84,1650,0,700,0,0,0,20616.6666666667,3436.11111111111,0,0,0,0,1
615701796,90,2,2,73528.455,36764.2275,1662.72,389.7,6800,555,1462.4,2331.2,49298.875,4148.6,2186,0,3671.84,1022.12,48518,24259,1398.59,0,0,1,0
654558662,90,2,3,17822.03,5940.67666666667,6191.9,497.95,1400,2710,333.2,0,649.5,1150,1700,0,2662.95,526.53,24700,8233.33333333333,0,0,0,0,0
183744238,90,2,5,18020.02,3604.004,4814.96,0,400,1100,0,999.59,2420.47,820,600,4120,2165,580,33883.3333333333,6776.66666666667,0,0,0,0,0
579795713,90,1,2,3957.49,1978.745,2697.59,0,0,580,0,0,129.9,0,550,0,0,0,10066.6666666667,5033.33333333333,0,0,0,0,1
801099753,90,1,3,12192.916,4064.30533333333,4992.49,0,0,4357,701,86.6,216.5,649.5,500,0,649.5,40.326,16467.9133333333,5489.30444444444,0,0,0,0,0
243806130,90,1,1,5263.79,5263.79,2307.89,1299,200,602.5,0,0,0,704.4,150,0,0,0,5000,5000,0,0,0,0,0
414880727,90,1,6,11815.2688,1969.21146666667,3676.0401,0,580,1682,514.071,0,1095.49,1243.5,1090,0,0,1934.1677,16616.6666666667,2769.44444444444,0,216.5,1,0,0
851305171,90,1,2,14569.67,7284.835,3459.67,0,700,1112,383.1,2432,216.5,800,1880,1620,346.4,1620,11100,5550,0,0,0,0,0
661606711,90,1,1,9008.352,9008.352,1426.302,0,350,4683,465.6,0,399.45,520,46,850,0,268,9500,9500,0,0,0,0,0
505327230,90,2,3,13793.62,4597.87333333333,5074.76,0,0,2120,0,96,346.4,0,900,2700,2208.3,348.16,19666.6666666667,6555.55555555556,2208.3,0,0,1,0
674623665,90,2,4,20259.65,5064.9125,7218.11,0,0,2340,145,1166.5,2403.15,2415.5,1300,0,3009.35,262.04,24000,6000,1385.6,0,0,1,0
900558177,90,3,4,9649.93,2412.4825,4555.16,0,0,880,108.25,0,946,500,900,0,0,1760.52,19400,4850,0,0,0,0,0
273972525,90,1,4,11073.785,2768.44625,6189.735,0,0,895,0,0,1189.5,189.4,600,40,1926.85,43.3,10600,2650,0,0,0,0,1
264503911,90,1,1,8566.15,8566.15,3264.82,0,0,1736,697.5,1418.33,649.5,0,800,0,0,0,22360.6666666667,22360.6666666667,0,0,0,0,0
817486458,90,1,2,4198.524,2099.262,1983.14,17.32,500,430,0,0,328.064,640,300,0,0,0,1933.33333333333,966.666666666667,0,0,0,0,0
303264545,90,1,2,14196.73,7098.365,3554.93,0,600,1520,300,0,974.25,433,1700,0,4914.55,200,12771.7533333333,6385.87666666667,3572.25,0,0,1,0
798473665,90,1,7,17926.819,2560.97414285714,9257.54,476.3,1250,1125.6,478,157.58,1573.955,866,2180.22,0,0,561.624,29566.6666666667,4223.80952380952,0,0,0,0,1
595873456,90,1,3,38062.5935,12687.5311666667,15546.432,0,400,4096.225,2059.405,3391.9,0,974.79,1190,1040,5585.7,3778.1415,36000,12000,1991.8,0,0,1,0
587158140,90,1,2,12677.944,6338.972,3548.435,0,1095,2298.5,619.66,0,3848.349,608,530,0,0,130,16000,8000,0,0,0,0,0
479523156,90,1,4,5712.89,1428.2225,1874.89,0,0,3348,0,0,0,490,0,0,0,0,18537.67,4634.4175,0,0,0,0,0
130383064,90,1,4,12563.98,3140.995,2619.65,433,0,780,0,240,4875.58,0,260,0,3355.75,0,25266.7533333333,6316.68833333333,3095.95,0,0,1,0
306467967,90,1,5,9587.57,1917.514,4892.9,779.4,320,425,884,346.4,216.5,0,1104,0,0,619.37,32416.6666666667,6483.33333333333,0,0,0,0,1
346196277,90,2,4,23812.27,5953.0675,4685.06,0,5500,1200,95.26,50,4537,900,1600,0,3897,1347.95,50333.3333333333,12583.3333333333,2814.5,0,0,1,0
410605582,90,1,5,13829.54,2765.908,4927.54,0,0,3180,150,0,2340,1299,1633,0,0,300,15350,3070,0,0,0,0,0
135624675,90,1,3,55472.826,18490.942,19446.03,0,7450,5623.5,4323.19,250,7880.6,2231,5284.95,0,1173.43,1810.126,55600,18533.3333333333,1173.43,433,1,1,0
18611331,90,1,4,13292.678,3323.1695,4931.87,519.6,0,1200,268,0,4508.76,1120,520,0,0,224.448,19450,4862.5,0,0,0,0,0
604767915,90,1,1,11999.15,11999.15,5148.37,866,2150,780,436.15,692.8,121.24,500,200,0,0,1104.59,10616.6666666667,10616.6666666667,0,0,0,0,0
428807168,90,2,4,23700.81,5925.2025,11344.6,0,1000,1900,2833.03,560,3214.75,683,1350,0,346.4,469.03,23000,5750,0,0,0,0,0
281043071,90,1,9,26205.02,2911.66888888889,13206.5,0,280,2842,2039.6,3001.55,969.92,649.5,120,0,866,2229.95,28213.3333333333,3134.81481481481,0,0,0,0,1
365622762,90,1,4,17255.65,4313.9125,9590.95,0,400,2550,52.8,0,1472,0,2760,0,0,429.9,28850,7212.5,0,0,0,0,1
474243533,90,1,2,14016.235,7008.1175,4477.22,0,1700,2920,103.92,0,1664.885,400,450,1790,0,510.21,12258.3333333333,6129.16666666667,0,0,0,0,0
479575534,90,1,5,23971.7758,4794.35516,9807.45,0,2665,1113,287.94,1540.42,2706.25,1090,100,0,4265.05,396.6658,24391.6666666667,4878.33333333333,476.3,0,0,1,0
494041610,90,1,4,12641.1533,3160.288325,4216.3375,0,260,2850,401.2178,600,1239.64,1100,940,0,0,1033.958,15200,3800,0,0,0,0,0
412340544,90,1,1,10734.39,10734.39,3992.26,0,0,2563,450.73,1802.4,866,0,1060,0,0,0,7416.66666666667,7416.66666666667,0,0,0,0,0
361406196,90,1,4,11156.43,2789.1075,775.07,0,2850,3087,51.96,560,1212.4,420,1750,0,0,450,29650,7412.5,476.3,0,0,1,0
198128902,90,2,3,41152.3841,13717.4613666667,14235.6111,0,1030,2440.5,423.843,618.05,5585.7,1700,1850,8000,3723.8,1544.88,74483.3333333333,24827.7777777778,4633.1,0,0,1,0
124045196,90,1,1,7085.61,7085.61,3472.66,0,0,910,40,194.85,433,0,0,0,1775.3,259.8,13000,13000,259.8,0,0,1,0
39776629,90,3,5,65848.2803,13169.65606,18187.3423,0,2700,2428,18664,700,6737.548,2300,4189,5000,1970.15,2972.24,151280.086666667,30256.0173333333,1385.6,1504,1,1,0
380305473,90,1,8,26514.3644,3314.29555,8893.82,0,2510,2320,160.21,1813.7044,8607.51,0,364.54,0,0,1844.58,25913,3239.125,0,0,0,0,0
388457711,90,1,2,22425.88,11212.94,6694.18,510.94,1700,2257.5,567.23,454.65,2165,450,845,600,4676.4,1504.98,11891.3333333333,5945.66666666667,0,0,0,0,0
891917530,90,2,4,38672.7654,9668.19135,4174.12,0,4000,2316.8,957.2,7628,3069.104,2298,4880,2962,4589.8,1797.7414,44196.6666666667,11049.1666666667,2836.15,0,0,1,0
837424043,90,1,4,11266.504,2816.626,5382.19,0,30,1249.6,64.95,0,1809.94,1573,600,0,519.6,37.224,18933.3333333333,4733.33333333333,0,0,0,0,0
796268701,90,1,3,13384.3745,4461.45816666667,1902.1257,0,0,3122.2058,842.2825,0,1045.9115,1500,1355,0,3507.3,109.549,23684,7894.66666666667,0,0,0,0,0
225349856,90,1,7,17999.79,2571.39857142857,5118.06,0,5900,2477.2,130,833,663.23,1310.4,550,0,562.9,455,20032.3333333333,2861.7619047619,0,0,0,0,0
665122459,90,2,4,11055.06,2763.765,2338.2,225.16,860,2262,243.3,230,303.1,600,1750,2200,0,43.3,26883.3333333333,6720.83333333333,0,0,0,0,0
725901190,90,2,3,60176.45,20058.8166666667,9634.25,1602.1,0,3762.5,22308,9800,2765,1300,3840,2850,952.6,1362,117000,39000,952.6,448,1,1,0
440103356,90,2,1,18689.9,18689.9,7408.63,0,1200,0,1339.8,0,3491.8,748,1625.8,0,2359.85,516.02,10000,10000,2359.85,1000,1,1,0
413526300,90,2,2,24838.912,12419.456,2061.08,0,3600,6430,222.8,320,5447.25,780,1080,2000,1991.8,905.982,40336.6666666667,20168.3333333333,0,0,0,0,0
851459077,90,2,1,24329.4306,24329.4306,5403.84,0,0,3500,120.8,0,7188.865,1125,2001,3680,1039.2,270.7256,22250,22250,649.5,0,0,1,0
198961708,90,1,3,11144.884,3714.96133333333,5810.86,0,1695,857,110.4,208.56,1086.2,840,0,0,0,536.864,20258.3333333333,6752.77777777778,0,0,0,0,1
40865186,90,2,7,17411.88,2487.41142857143,7499.56,0,2700,1180,0,510,3524.62,540,780,288,389.7,0,32833.3333333333,4690.47619047619,389.7,0,0,1,0
185414162,90,3,7,37538.438,5362.634,5667.97,0,0,1980,0,0,26333.188,740,550,16,1905.2,346.08,62245,8892.14285714286,0,0,0,0,0
675723895,90,2,4,15008.8,3752.2,5499.1,0,0,4928,0,550,1719,950,540,0,822.7,0,54025,13506.25,822.7,0,0,1,0
264672144,90,2,2,30555.46,15277.73,13886.31,0,0,5465,2216,1922.2,400,1170,1900,0,1629.3,1966.65,29700,14850,909.3,0,0,1,0
160646411,90,1,1,43142.05,43142.05,6044.68,779.4,2900,4485,513.82,4586.6,4878.37,1906,2755,6000,7577.5,715.68,31333.3333333333,31333.3333333333,3464,0,0,1,0
481276352,90,1,1,6287.21,6287.21,1935.51,0,450,749,1503.61,350,684.14,350,0,0,0,264.95,8333.33333333333,8333.33333333333,0,0,0,0,0
502340514,90,1,1,11659.09,11659.09,5815.19,0,0,790,180,0,2165,0,1200,0,1428.9,80,8925,8925,0,0,0,0,0
214455080,90,1,3,41216.6104,13738.8701333333,12796.9253,874.66,5860,5605,3412.8387,0,2424.8,2381.5,2400,0,3074.3,2386.5864,18149.5,6049.83333333333,2489.75,0,0,1,0
954687799,90,1,7,18601.37,2657.33857142857,8824.54,0,0,2360,468.05,0,1931.18,800,100,1000,3031,86.6,29250,4178.57142857143,2598,0,0,1,0
521702156,90,1,7,7054.95,1007.85,5152.7,0,0,1225,70,50,541.25,16,0,0,0,0,24648.3333333333,3521.19047619048,0,0,0,0,1
758202912,90,1,1,11336.522,11336.522,5568.38,0,3100,495,352.27,0,1532.7,216.5,0,0,0,71.672,16554.5,16554.5,0,0,0,0,0
791492659,90,1,3,6920.98,2306.99333333333,4355.98,0,550,1085,0,0,480,0,450,0,0,0,18483.3333333333,6161.11111111111,0,0,0,0,1
774414444,90,1,3,12324.966,4108.322,4390.62,0,0,3092,0,1113,1109.346,1500,1120,0,0,0,13791.6666666667,4597.22222222222,0,0,0,0,0
264222338,90,1,4,8769.8567,2192.464175,4301.2488,0,450,842,670.9768,0,0,0,420,0,0,2085.6311,2900,725,0,0,0,0,0
390615075,90,1,5,7258.41,1451.682,6222.21,0,0,300,0,636.2,0,0,0,0,0,100,39501.7733333333,7900.35466666667,0,0,0,0,1
351833098,90,1,3,15701.094,5233.698,7642.45,0,450,1785,10,64,1274.9,0,720,0,3723.8,30.944,26180.0866666667,8726.69555555555,1039.2,0,0,1,0
622906038,90,1,3,6412.15,2137.38333333333,2359.85,0,0,2710,0,0,0,0,0,0,1342.3,0,4000,1333.33333333333,0,0,0,0,0
607500985,90,1,8,14932.634,1866.57925,7680.554,0,340,650,511.83,620,3262.5,0,100,0,1623.75,144,55791.6666666667,6973.95833333333,0,0,0,0,1
175504705,90,1,11,20356.875,1850.625,5932.1,0,597,2610,1993.715,0,725.275,433,3069.4,64,4741.35,191.035,26116.6666666667,2374.24242424242,1948.5,0,0,1,0
312811046,90,2,3,23185.575,7728.525,5522.915,0,350,2856.5,400,900,7914,700,3280,0,1169.1,93.06,14716.6666666667,4905.55555555556,1169.1,0,0,1,0
195815268,90,3,3,23931.97,7977.32333333333,5611.68,0,1500,3550,4256,60,5552.66,2100,900,0,0,401.63,67600,22533.3333333333,0,0,0,0,0
697649578,90,1,1,8495.89,8495.89,2091.39,0,0,1325,43.3,2394.49,0,0,0,0,2489.75,151.96,7000,7000,1710.35,0,0,1,0
424603623,90,1,5,18737.83,3747.566,6629.23,0,500,950,240,433,3156.57,0,879.9,0,5672.3,276.83,18363.3333333333,3672.66666666667,1991.8,0,0,1,0
613149011,90,1,3,11782.2,3927.4,2749.55,0,2900,4558.2,409.6,0,108.25,870,100,0,0,86.6,23816.6666666667,7938.88888888889,0,0,0,0,0
413881770,90,1,2,13656.08,6828.04,4416.6,0,1320,3100,0,636.5,1205.38,1278,180,150,519.6,850,22525,11262.5,519.6,0,0,1,0
712941457,90,1,6,27576.264,4596.044,7746.37,454.65,5850,1450,5544.8,0,1228.854,1270,1320,0,1125.8,1585.79,20616.6666666667,3436.11111111111,0,0,0,0,0
640547666,90,1,3,13486.09,4495.36333333333,7417.29,0,2000,1993.5,238.15,300,541.25,0,0,0,952.6,43.3,18500,6166.66666666667,519.6,0,0,1,1
942334511,90,2,6,12769.64,2128.27333333333,2463.77,0,1750,1293.5,80,0,2680.87,1689,1297,0,1515.5,0,37983.3333333333,6330.55555555555,389.7,0,0,1,0
708246296,90,1,2,14185.47,7092.735,6637.89,0,1700,3615,0,0,1603.9,290,300,0,0,38.68,15200,7600,0,0,0,0,0
785356674,90,2,3,25478.95,8492.98333333333,7477.91,0,1150,6562,4,0,990,1800,770,0,3825.45,2899.59,75416.6666666667,25138.8888888889,3355.75,0,0,1,0
645233833,90,2,4,21780.934,5445.2335,5001.15,0,500,1630,454.65,2875.12,2888.35,741,400,4680,1905.2,705.464,18275,4568.75,1796.95,0,0,1,0
266457794,90,1,3,9729.555,3243.185,4094.015,3360.08,0,784,70,0,268.46,388,765,0,0,0,20243.3333333333,6747.77777777778,0,0,0,0,0
557119484,90,1,6,11405.89,1900.98166666667,7980.19,0,750,863,173.2,216.5,433,300,690,0,0,0,15576.6666666667,2596.11111111111,0,0,0,0,1
6749867,90,2,2,51939.7482,25969.8741,2143.35,0,0,1741.815,1800,1360,31816.2,2171,1990,0,8375.4,541.9832,19023.3333333333,9511.66666666667,4589.8,0,0,1,0
82549232,90,2,2,15145.25,7572.625,5217.65,0,2550,1275.2,1026,0,4396.8,0,160,0,389.7,129.9,20311,10155.5,0,0,0,0,0
172174599,90,1,11,20841.84,1894.71272727273,10478.6,0,0,1600,1280,0,5598.69,150,890,0,433,411.55,40753.5066666667,3704.86424242424,433,0,0,1,1
439550702,90,2,3,14237.474,4745.82466666667,3699.985,0,750,654.5,132.8,1530,3550.6,357,2866.5,0,368.05,328.039,55166.6666666667,18388.8888888889,368.05,0,0,1,0
723093776,90,1,3,11669.78,3889.92666666666,3403.38,0,150,630,800,0,2957.9,500,980,0,866,1382.5,14400,4800,0,0,0,0,0
713488966,90,1,1,14756.189,14756.189,3570.085,0,1400,1570,471.24,5684.4,94.394,225,0,0,779.4,961.67,11050,11050,779.4,0,0,1,0
828210214,90,1,8,32818.668,4102.3335,12394.625,2017.78,11865,835,241.89,1930.4,1676.94,649.5,990,0,0,217.533,24459.8,3057.475,0,0,0,0,0
333077692,90,2,3,20086.351,6695.45033333334,7555.85,0,1670,1288.5,1846.6,3585.24,3031,450,0,0,0,659.161,50683.3333333333,16894.4444444444,0,0,0,0,0
32795642,90,1,2,23492.885,11746.4425,2013.45,692.8,1200,9000,497.95,0,357.225,700,0,4000,4676.4,355.06,28155,14077.5,1732,0,0,1,0
142051402,90,2,4,56353.32,14088.33,5256.62,0,0,12200,0,600,29396,2300,2080,0,3420.7,1100,42066.6666666667,10516.6666666667,0,0,0,0,0
967345158,90,1,2,9248.122,4624.061,3269.15,0,0,950,150,0,755.152,0,300,0,3420.7,403.12,19200,9600,3420.7,0,0,1,0
638335730,90,1,4,19635.356,4908.839,3884.01,0,1050,1240,120,6219.7,2312.22,2013,850,0,1082.5,863.926,42483.3333333333,10620.8333333333,1082.5,0,0,1,0
670269012,90,1,3,16791.58,5597.19333333333,3481.32,0,700,1454.5,1052,1372,0,2550,3432.4,1300,1212.4,236.96,48481.6666666667,16160.5555555556,1212.4,0,0,1,0
785931952,90,1,4,20175.735,5043.93375,3613.385,238.15,3370,1670,3179.2,160,2598,857,1910,2580,0,0,23064,5766,0,0,0,0,0
54485075,90,1,2,12082.82,6041.41,6304.48,216.5,0,1169,108.25,194.85,1071.675,798,1280,0,389.7,550.365,19200,9600,389.7,0,0,1,1
237082572,90,1,1,6200.2186,6200.2186,1617.0385,0,0,3297.59,437.6934,0,0,0,770,0,0,77.8967,6060,6060,0,0,0,0,0
806390856,90,1,2,23203.022,11601.511,4390.62,1385.6,4080,1911,222.4,5170,1723.392,300,935,0,2468.1,616.91,7220,3610,1861.9,0,0,1,0
153183508,90,2,5,23877.67,4775.534,8482.47,0,2400,2473,0,250,7228,1039.6,1200,0,649.5,155.1,31106.6666666667,6221.33333333333,0,0,0,0,0
24128613,90,2,4,29495.12,7373.78,4741.35,433,2300,2950,259.8,2140,9397.52,4100,2008.25,0,389.7,775.5,41290,10322.5,0,0,0,0,0
157272296,90,2,4,24292.266,6073.0665,6711.5,0,0,1468,108.36,0,6629.95,1590,2340,1600,2662.95,1181.506,14553.3333333333,3638.33333333333,2424.8,0,0,1,0
511123411,90,1,1,14651.448,14651.448,2316.55,411.35,3200,1543.5,2277.91,0,216.5,300,690,0,2078.4,1617.238,24850,24850,2078.4,0,0,1,0
765819693,90,2,1,28242.34,28242.34,6624.9,216.5,1500,8555,2119.6,303.1,4330,1480,1100,0,952.6,1060.64,17600,17600,952.6,0,0,1,0
496564426,90,1,2,12871.052,6435.526,6902.02,0,0,2006.2,837.45,0,1141.73,1449.5,0,0,0,534.152,13066.6666666667,6533.33333333333,0,0,0,0,1
701417278,90,2,6,11121.99,1853.665,3399.05,0,3450,1006.22,216.5,1244.4,528.26,245,465,48,142.89,376.67,17266.6666666667,2877.77777777778,0,0,0,0,0
404165599,90,1,8,10957.8784,1369.7348,4161.13,281.45,200,1370,0,1050,1383.9584,1428.84,0,0,1082.5,0,35100,4387.5,0,0,0,0,0
378871907,90,1,4,11101.895,2775.47375,4466.395,1212.4,0,1336,403.1,0,0,0,220,0,3031,433,17309.8,4327.45,0,0,0,0,0
928233497,90,2,5,19004.574,3800.9148,5486.11,402.69,0,745,173.2,0,11536.874,0,0,0,0,660.7,12533.3333333333,2506.66666666667,0,0,0,0,0
117132401,90,1,1,19219.5754,19219.5754,5829.8254,1060.85,4060,1490,1396,129.9,0,880,3790,0,433,150,15666.6666666667,15666.6666666667,433,0,0,1,0
28192103,90,2,1,76245.4932,76245.4932,2821.6012,0,3000,7765.44,0,800,49483.6,3280,300,0,6400,2394.852,66666.6666666667,66666.6666666667,0,0,0,0,0
948475603,90,2,4,33574.165,8393.54125,5903.955,0,5860,2450,400,2629.51,4263.5,2816,5269.2,1800,1732,450,43250,10812.5,1732,0,0,1,0
384566283,90,2,3,45218.32,15072.7733333333,11167.07,0,2120,929,1476.89,9729.3,10435.73,725.16,1088,3500,1229.72,2817.45,15166.6666666667,5055.55555555556,0,0,0,0,0
819425273,90,1,4,31654.9721,7913.743025,6182.7204,0,3750,2200,943.8817,0,6557.85,3800,6390,0,1472.2,358.32,46166.6666666667,11541.6666666667,866,0,0,1,0
393445433,90,3,1,21562.7184,21562.7184,8139.8804,601.87,220,1498.5,0,664,4314,1295,0,860,2978.2,991.268,28600,28600,0,0,0,0,0
3808845,90,1,10,15537.455,1553.7455,7635.955,0,150,2448,1440,1000,433,696.5,1562,60,0,112,53041.6666666667,5304.16666666667,0,0,0,0,0
795705317,90,1,3,25362.575,8454.19166666667,6014.37,0,1500,9600,0,1082.5,2349.025,2499,170,0,692.8,1454.88,33000,11000,0,0,0,0,0
731855682,90,1,7,15919.01,2274.14428571429,8603.71,0,0,1501,96,1641.25,2012.4,790,860,108,86.6,220.05,22700,3242.85714285714,0,0,0,0,1
901650855,90,2,2,26102.22,13051.11,8460.82,0,4850,1360,424,800,7266,800,1510,0,346.4,285,22333.3333333333,11166.6666666667,0,0,0,0,0
365780912,90,1,2,6450.75,3225.375,2043.76,1667.05,700,363.52,349.6,210,666.82,150,0,0,0,300,21359.8,10679.9,0,0,0,0,0
268191079,90,3,4,20753.581,5188.39525,6259.015,0,1000,3100,0,5256,2533.35,1100,1100,0,0,405.216,80671.6666666667,20167.9166666667,0,0,0,0,0
359650388,90,2,1,23726.1856,23726.1856,1861.9,0,3480,945,210,1580,519.6,2436,5869.24,0,5196,1628.4456,48366.6666666667,48366.6666666667,5196,0,0,1,0
243084714,90,2,7,13755.05,1965.00714285714,4923.21,0,500,750,0,1500,2598,1303,560,0,1558.8,62.04,31000,4428.57142857143,0,0,0,0,0
673364090,90,1,1,23642.445,23642.445,2898.935,0,3580,7860,1386.19,0,2400,500,670,0,4243.4,103.92,56666.6666666667,56666.6666666667,0,0,0,0,0
500415505,90,2,6,30180.59,5030.09833333333,6538.3,0,800,1970,678.3,1699,15196.76,1000,560,0,974.25,763.98,34866.6666666667,5811.11111111111,0,0,0,0,0
288622056,90,2,2,15583.2,7791.6,3550.6,303.1,2300,2634,2240,330,866,380,983,0,1996.5,0,17916.6666666667,8958.33333333333,866,433,1,1,0
948179024,90,3,5,20691.53,4138.306,7148.83,0,0,1960,0,0,3377.4,0,2100,0,6105.3,0,33833.3333333333,6766.66666666667,3074.3,0,0,1,0
607272446,90,1,3,9059.83,3019.94333333333,4148.14,0,0,2030,467.64,300,0,1141,525,80,0,368.05,19600,6533.33333333333,0,0,0,0,0
925356919,90,1,5,13895.71,2779.142,6200.56,194.85,350,800,150,0,433,150,2110,0,2857.8,649.5,8716.66666666667,1743.33333333333,2857.8,0,0,1,0
353636197,90,2,2,38803.7983,19401.89915,7259.1584,0,520,4185,14517.563,0,2165,2093,2379.6,0,1558.8,4125.6769,53333.3333333333,26666.6666666667,1558.8,0,0,1,0
17184571,90,1,11,10745.03,976.820909090909,5425.49,0,850,1472,50,0,1450.55,433,65,0,0,998.99,31580.7533333333,2870.97757575758,0,0,0,0,1
42438205,90,1,2,12129.0311,6064.51555,5006.6491,0,580,706,970.882,2100,649.5,0,300,0,1428.9,387.1,22716.6666666667,11358.3333333333,433,0,0,1,0
652011882,90,1,2,8438.51,4219.255,5477.45,0,0,1200,259.8,0,355.06,0,400,0,0,746.2,21500,10750,0,0,0,0,1
202557474,90,2,4,31556.95,7889.2375,4394.95,0,800,770,0,300,24000,1010,250,32,0,0,27490,6872.5,0,0,0,0,0
209990451,90,1,2,10173.99,5086.995,2476.76,0,0,1620,80,0,3658.85,1233,670,0,0,435.38,18666.6666666667,9333.33333333333,0,0,0,0,0
478534944,90,1,5,16674.53,3334.906,3819.06,1169.1,1900,2108,200,2803.33,2332.6,300,548,1200,216.5,77.94,18366.6666666667,3673.33333333333,0,0,0,0,0
121244158,90,2,2,36912.9306,18456.4653,6957.5306,0,0,660,465.1,1522.2,24607.25,1451,530,0,0,719.85,22200,11100,0,0,0,0,0
8348227,90,2,5,34341.368,6868.2736,8261.64,0,2150,3946,3088,1500,5422.728,2200,4280,1000,2165,328,42191.6666666667,8438.33333333333,2771.2,0,0,1,0
679881655,90,1,3,10590.78,3530.26,4711.04,0,0,2207,567.95,0,1809.94,300,800,0,0,194.85,30958.3333333333,10319.4444444444,0,0,0,0,0
836089328,90,1,6,16943.22,2823.87,5979.73,0,1300,885,569.8,69.28,6241.68,216.5,1030,346,0,305.23,23933.3333333333,3988.88888888889,0,0,0,0,0
113999820,90,1,3,4908.66,1636.22,1727.67,0,0,960,186.19,0,1734.8,0,300,0,0,0,7666.66666666667,2555.55555555556,0,0,0,0,0
812893333,90,1,6,34308.456,5718.076,20840.29,0,1520,2303.6,2237.64,1262.4,1462,1948.5,933,72,1688.7,40.326,15297.6666666667,2549.61111111111,0,0,0,0,1
369619080,90,1,4,20096.197,5024.04925,6542.197,0,2560,2050,2072.5,0,779.4,1926.5,2653.2,0,0,1512.4,23926.6666666667,5981.66666666667,0,0,0,0,0
310450670,90,1,5,17716.6308,3543.32616,4489.777,0,1600,3201.6,680.54,480,2180.5,1452,1578.58,700,0,1353.6338,19550,3910,0,0,0,0,0
388941389,90,1,1,6668.52,6668.52,1056.52,0,300,1300,3000,0,0,0,300,0,692.8,19.2,7416.66666666667,7416.66666666667,692.8,0,0,1,0
694478296,90,3,6,75564.3757,12594.0626166667,11937.0739,4247.73,4000,3762,25601.05,4794.7698,4155.75,2382.13,1035,2000,6473.35,5175.522,75280.0866666667,12546.6811111111,1169.1,0,0,1,0
369666331,90,2,4,11962.7,2990.675,4026.9,0,700,1160,562.9,60,3031,800,300,400,649.5,272.4,12166.6666666667,3041.66666666667,649.5,0,0,1,0
556355083,90,1,3,23318.36,7772.78666666667,5499.1,0,500,2160,0,1027.85,2490.41,700,930,980,1212.4,7818.6,22429.1666666667,7476.38888888889,0,0,0,0,0
524890386,90,1,5,18339.97,3667.994,4477.22,0,3840,1990,304,1150,1424.75,500,1866,0,2598,190,31483.3333333333,6296.66666666667,0,0,0,0,0
694586587,90,1,6,13597.83,2266.305,7681.42,433,600,1390.8,267.51,0,745.5,1220,620,0,433,206.6,22196,3699.33333333333,433,0,0,1,1
76275501,90,1,8,23799.47,2974.93375,8071.12,0,3530,1955,1944.95,3794.4,1021.88,0,570,70,1905.2,936.92,68417.9533333333,8552.24416666667,0,0,0,0,0
542389903,90,1,6,12069.44,2011.57333333333,6421.39,0,0,1574,737.55,1890,80,216.5,250,900,0,0,21200,3533.33333333333,0,0,0,0,1
534774923,90,1,1,7778.005,7778.005,5341.055,0,0,792.75,346.4,0,121.24,129.9,525,0,281.45,240.21,8266.66666666667,8266.66666666667,281.45,0,0,1,1
166161068,90,1,6,20809.37,3468.22833333333,7356.67,0,800,2000,0,866,1082.5,4440,1524.3,12,2598,129.9,23000,3833.33333333333,0,0,0,0,0
997983502,90,1,4,29383.99,7345.9975,5217.65,0,2195,775,1928.65,4585.84,8084.85,1800,1466,0,3031,300,28000,7000,1515.5,0,0,1,0
983048895,90,1,5,48350.8232,9670.16464,12154.4832,389.7,5300,6446,6292,1580,6779.4,2000,3897.4,48,2251.6,1212.24,36900,7380,562.9,0,0,1,0
410224421,90,2,3,88570.3967,29523.4655666667,12314.52,467.64,16666,6695,6109.73,13110.3517,22279.555,1739.8,2544.5,0,3897,2746.3,57833.3333333333,19277.7777777778,0,0,0,0,0
643861953,90,1,5,13015.88,2603.176,9140.63,0,0,1428.8,0,0,1732,0,0,0,714.45,0,26633.3333333333,5326.66666666667,519.6,0,0,1,1
321059599,90,1,3,5361.645,1787.215,3604.725,0,0,1220,0,0,536.92,0,0,0,0,0,9900,3300,0,0,0,0,1
990038716,90,2,3,19444.6,6481.53333333333,3667.51,0,900,6480,376,600,4217,600,530,0,736.1,1337.99,14166.6666666667,4722.22222222222,0,0,0,0,0
603979966,90,1,4,11596.57,2899.1425,4685.06,0,3065,1142.5,160.71,0,817.5,0,400,200,433,692.8,14104.27,3526.0675,0,0,0,0,0
153233141,90,1,1,20025.5615,20025.5615,4810.8465,0,2700,5557.5,116.6,0,1474.365,2660,0,0,2706.25,0,14000,14000,1558.8,0,0,1,0
668193045,90,1,3,6590.78,2196.92666666667,3472.66,0,1200,735,1035.9,0,0,0,0,0,147.22,0,6200,2066.66666666667,0,0,0,0,1
391689494,90,2,2,12852.17,6426.08499999999,3113.27,0,0,2350,0,634.8,4633.1,1621,500,0,0,0,15066.6666666667,7533.33333333333,0,0,0,0,0
278877963,90,2,2,15615.78,7807.89,6005.71,0,3100,700,408.5,108,2524.56,300,500,250,1688.7,30.31,16366.6666666667,8183.33333333333,1991.8,0,0,1,0
5470153,90,1,1,7722.89,7722.89,3758.44,0,1820,822.3,272,0,314.9,627,0,0,0,108.25,14500,14500,0,0,0,0,0
23391567,90,1,6,33401.31,5566.885,12522.36,3658.85,2400,1142.5,7605.7,0,1713,1340,1290,0,692.8,1036.1,34077.6666666667,5679.61111111111,0,0,0,0,0
540113984,90,2,2,36912.5,18456.25,1667.05,0,11000,3250,0,1200,1838.35,2033,2473.3,1200,11950.8,300,50833.3333333333,25416.6666666667,0,0,0,0,0
73943163,90,2,3,13353.53,4451.17666666667,5590.03,0,0,1076,0,2500,216.5,950,540,2000,433,48,20200,6733.33333333333,433,0,0,1,0
499780310,90,1,3,8342.12,2780.70666666667,4711.04,0,1590,475,27.2,520,433,280,150,0,0,155.88,7156.66666666667,2385.55555555556,0,0,0,0,1
252595823,90,1,6,13355.25,2225.875,7858.95,0,500,908.5,80,50,1775.3,900,0,0,1082.5,200,19073.3333333333,3178.88888888889,1082.5,0,0,1,1
815461340,90,1,1,6878.59,6878.59,1225.39,0,1250,447,316.6,2068.6,0,180,945,0,0,446,16833.3333333333,16833.3333333333,0,0,0,0,0
569333265,90,1,6,33130.55,5521.75833333333,8616.7,0,1400,1830,0,1299,6928,0,738,0,11647.7,671.15,19200,3200,4416.6,0,0,1,0
168874021,90,1,2,8286.408,4143.204,3199.87,606.2,2150,847.24,0,0,0,0,147.22,0,433,902.878,7783.33333333333,3891.66666666667,433,0,0,1,0
549253367,90,1,2,16349.54,8174.77,4840.94,519.6,0,2875,110,3140,2165,800,600,0,1299,0,20433.3333333333,10216.6666666667,1299,0,0,1,0
350461260,90,1,7,13276.61,1896.65857142857,6326.13,0,0,2560,0,1250,1801.28,300,0,0,1039.2,0,12791.6666666667,1827.38095238095,2078.4,0,0,1,0
288974810,90,1,5,13017.343,2603.4686,6664.303,0,500,1738,0,0,1266,480,770,0,433,1166.04,37233.3333333333,7446.66666666667,0,0,0,0,1
510357923,90,2,4,31469.14,7867.285,9326.82,0,1500,2570,5378.05,474.75,2376.12,1350,2800,4144,1039.2,510.2,41850,10462.5,0,0,0,0,0
819465701,90,1,8,26118.254,3264.78175,9959,0,0,2858,344.13,620,7379.5,530,1400,0,541.25,2486.374,34200,4275,0,0,0,0,0
218085076,90,1,5,18277.61,3655.522,6659.54,1212.4,1630,1190,726.4,692.8,883.6,300,2016.82,0,1688.7,1277.35,12800,2560,1688.7,0,0,1,0
760680397,90,1,3,4087.853,1362.61766666667,1212.4,0,0,1394.33,0,0,836.123,600,0,0,0,45,5300,1766.66666666667,0,0,0,0,0
559845902,90,1,4,16822.788,4205.697,8287.62,0,0,701.5,0,400,1958.65,953,800,48,3130.59,543.428,26673.3333333333,6668.33333333333,2589.34,0,0,1,0
538865584,90,3,5,34169.318,6833.8636,7382.65,718.78,2180,2088,1480,1500,5735.188,1070,4134,1200,992,5688.7,27906.6666666667,5581.33333333333,0,0,0,0,0
80320234,90,1,7,20610.11,2944.30142857143,6737.48,0,4690,2660,303.84,0,4756.75,0,1100,0,0,362.04,25940,3705.71428571429,0,0,0,0,0
792630339,90,2,4,20178.852,5044.713,7239.76,0,1000,1542,560,1680,3219,1503,1780,0,1039.2,615.892,30600,7650,606.2,0,0,1,0
63774889,90,1,5,15346.596,3069.3192,7053.57,0,1250,1666,2400,0,1126.666,1033,500,240,0,77.36,19958.3333333333,3991.66666666667,43.3,0,0,1,0
916141583,90,1,1,5220.2,5220.2,1537.15,238.15,0,1150,0,0,433,0,0,0,1861.9,0,10966.6666666667,10966.6666666667,1299,0,0,1,0
676396638,90,1,1,17761.52,17761.52,2225.62,1662.72,1560,6247.68,200,1800,1190.75,1300,650,0,324.75,600,22568.3333333333,22568.3333333333,0,0,0,0,0
404439571,90,1,6,13106.81,2184.46833333333,7209.45,0,0,3350,0,550,1697.36,300,0,0,0,0,26100,4350,0,0,0,0,1
898168908,90,2,2,10965.62,5482.81,7555.85,0,0,450,728.67,100,1051.1,980,0,0,0,100,17616.6666666667,8808.33333333333,0,0,0,0,1
816683076,90,1,4,14373.574,3593.3935,8681.65,0,750,866.5,0,0,2653.744,300,650,0,433,38.68,23966.6666666667,5991.66666666667,0,0,0,0,1
536735134,90,2,6,26322.2,4387.03333333333,5802.2,0,1300,4200,280,150,4330,800,1760,7700,0,0,43416.6666666667,7236.11111111111,0,0,0,0,0
598036086,90,2,3,18889.597,6296.53233333334,7833.403,1476.53,2310,2743,0,0,2764.992,300,1250,0,0,211.672,50316.6666666667,16772.2222222222,0,0,0,0,0
599352422,90,1,1,6979.68,6979.68,3186.88,0,0,1041,0,0,259.8,0,760,0,1732,0,7850,7850,0,0,0,0,0
926008345,90,1,2,8641.46,4320.73,3442.35,0,510,1404,520.8,454.65,1119.12,0,50,0,909.3,231.24,13231,6615.5,389.7,0,0,1,0
328998683,90,1,6,16662.51,2777.085,5161.36,346.4,1400,2101,1967.84,86.6,4646.25,0,860,0,0,93.06,43580,7263.33333333333,0,0,0,0,0
199943234,90,2,4,14880.39,3720.0975,3762.77,0,260,2175.1,0,60,2136.75,1713,700,1700,2186.65,186.12,11500,2875,2186.65,0,0,1,0
364416271,90,1,1,5246.77,5246.77,1229.72,909.3,1600,750,0,0,324.75,0,0,0,433,0,4563.42,4563.42,433,0,0,1,0
452952135,90,1,2,17133.908,8566.954,2409.9914,0,800,1117.16,4326.28,48,2030.65,550,2854.6,0,999.0436,1998.183,33584,16792,0,0,0,0,0
278278581,90,1,5,33068.55,6613.71,12951.03,0,3550,1360,225.16,6833.5,3104.61,800,3303,0,0,941.25,41633.3333333333,8326.66666666667,0,0,0,0,0
135465009,90,1,6,13155.804,2192.634,6962.64,0,350,1580,220,0,3134.92,490,200,0,0,218.244,30433.3333333333,5072.22222222222,0,0,0,0,1
20702143,90,1,2,10137.64,5068.82,5919.11,0,0,744.4,48,1314.35,695.2,216.5,110,0,866,224.08,20000,10000,0,0,0,0,1
617772186,90,2,4,12352.27,3088.0675,4771.66,0,0,5180,411.35,128,268.46,300,0,500,692.8,100,15500,3875,0,0,0,0,0
679159215,90,1,8,19475.402,2434.42525,13844.742,0,0,1000,203.51,816.1,2489.75,0,214.9,392,346.4,168,18125,2265.625,0,0,0,0,1
962841917,90,1,8,30169.2848,3771.1606,6027.36,0,350,2300,180,7754.9468,4654.75,1006.5,1300,0,5672.3,923.428,48725,6090.625,5152.7,0,0,1,0
160809628,90,1,4,28850.22,7212.555,4057.21,844.35,1150,13000,385.81,0,3674.6,1980,250,584,2598,326.25,25975,6493.75,0,0,0,0,0
245482419,90,1,3,14125.21,4708.40333333333,2238.61,0,950,6008,544,1100,984.6,1600,500,0,0,200,34991.6666666667,11663.8888888889,0,0,0,0,0
251841464,90,2,4,18629.806,4657.4515,7832.97,0,560,2250,110,0,5196,1200,1275,0,0,205.836,62791.6666666667,15697.9166666667,0,0,0,0,0
376223832,90,1,5,16745.41,3349.082,3087.29,173.2,0,2504,0,0,1448.92,2494.9,3730,0,2901.1,406,13600,2720,866,0,0,1,0
564703307,90,1,7,16153.385,2307.62642857143,8201.02,0,2050,1980,654,0,768.365,700,400,1400,0,0,33300,4757.14285714286,0,0,0,0,1
221864543,90,1,3,12382.638,4127.546,3039.66,0,0,393,272,1323.2,4146.578,883,1765,0,0,560.2,28875,9625,0,0,0,0,0
161920554,90,1,6,17016.68,2836.11333333333,6607.58,0,1000,1825,129.9,0,2165,0,4000,0,692.8,596.4,21800,3633.33333333333,606.2,0,0,1,0
548004440,90,1,5,16713.87,3342.774,7404.3,909.3,0,1523,363.72,1472.2,3464,0,0,0,519.6,1057.75,52500,10500,0,0,0,0,0
228046358,90,1,7,23978.52,3425.50285714286,11149.75,0,1500,1870,876.3,316.09,2598,0,1844.58,0,476.3,3347.5,18000,2571.42857142857,0,0,0,0,0
373250228,90,1,2,4212.39,2106.195,2784.19,0,0,655,129.9,0,0,0,0,500,43.3,100,5533.33333333333,2766.66666666667,0,0,0,0,1
664000897,90,2,3,29907.4,9969.13333333333,8192.36,0,0,1400,1752.7,3190,10464.98,2200,900,0,0,1807.36,44083.3333333333,14694.4444444444,0,0,0,0,0
97877857,90,2,5,10021.25,2004.25,4953.52,0,0,2925,238.15,0,917.96,866,60,0,0,60.62,31466.6666666667,6293.33333333333,0,0,0,0,0
108665426,90,2,4,44363.8018,11090.95045,6486.34,1398.59,900,695.57,442.48,4663.8088,26106.392,900,1028.56,0,1091.16,650.901,40166.6666666667,10041.6666666667,649.5,0,0,1,0
877135145,90,1,5,15419.54,3083.908,7049.24,194.85,0,652.58,0,4211.13,606.2,700,877,0,909.3,219.24,20597,4119.4,0,0,0,0,0
419351623,90,1,1,11007.67,11007.67,2255.93,0,450,3924.895,164.54,3300,0,162.305,750,0,0,0,11533.3333333333,11533.3333333333,0,0,0,0,0
125270391,90,3,6,34674.6036,5779.1006,8649.175,0,1480,4080.6,4332.56,5088.8806,5604.25,2800,180,0,1428.9,1030.238,64550,10758.3333333333,0,0,0,0,0
791017046,90,1,3,19979,6659.66666666667,433,0,3150,1241,0,0,0,0,0,0,15155,0,14002.5,4667.5,15155,0,0,1,0
169388041,90,1,6,14034.14,2339.02333333333,2966.05,0,0,2780,468,380,2655.56,1000,3738,0,0,46.53,25733.3333333333,4288.88888888889,0,0,0,0,0
67878568,90,1,3,9651.52,3217.17333333333,5191.67,0,530,1650,259.85,500,0,1480,40,0,0,0,30325,10108.3333333333,0,0,0,0,1
455360652,90,1,6,19774.1,3295.68333333333,7746.37,0,2800,2150,626.61,200,2848,1153,0,1540,0,710.12,35740,5956.66666666667,0,0,0,0,0
823181369,90,2,2,20782.56,10391.28,3710.81,0,6555,415,402,601.35,649.5,1579.6,4850.8,0,1948.5,70,22183.3333333333,11091.6666666667,0,0,0,0,0
524468082,90,1,3,15166.85,5055.61666666667,6308.81,324.75,550,1645,481.35,600,582.544,1879.9,1000,1000,0,794.496,14687,4895.66666666667,0,0,0,0,0
798089844,90,2,7,20963.825,2994.83214285714,11251.505,194.85,2460,826,1424.79,270,1095.49,1515.5,690,0,346.4,889.29,14706.6866666667,2100.95523809524,0,0,0,0,1
732175393,90,1,7,15062.87,2151.83857142857,2546.04,2121.7,0,2070,336,520,2537.38,0,1650,0,3204.2,77.55,39183.3333333333,5597.61904761905,2511.4,0,0,1,0
486444040,90,1,4,19931.195,4982.79875,7921.735,0,0,3100,368.05,720,4280.51,0,0,0,3074.3,466.6,21750,5437.5,433,0,0,1,0
860791473,90,1,8,30968.393,3871.049125,14438.385,779.4,1270,2751.6,969,1675.2,3377.4,2672,776.208,48,1905.2,306,51516.6666666667,6439.58333333333,1125.8,0,0,1,0
682091709,90,1,2,18294.792,9147.396,12106.68,476.3,0,1419,0,0,3200,570,320,0,0,202.812,22833.3333333333,11416.6666666667,0,0,0,0,1
648965644,90,2,1,36338.1,36338.1,2641.3,2165,4200,2880,1856,600,13950.5,1000,1820,0,4070.2,1155.1,40000,40000,4070.2,1040,1,1,0
325662900,90,1,3,9769.33999999999,3256.44666666666,6958.31,0,300,420,192,289.8,554.24,832,0,0,0,222.99,5500,1833.33333333333,0,0,0,0,1
887571057,90,2,2,28167.618,14083.809,11283.98,606.2,3640,1261.6,407.9,303.1,5022.388,768,2428,0,2446.45,0,24298.5,12149.25,2381.5,0,0,1,0
443489185,90,1,5,17685.168,3537.0336,5546.73,541.25,3700,220,120,500,3823.888,776.3,645,0,1732,80,29500,5900,649.5,0,0,1,0
552936634,90,1,6,51178.658,8529.77633333334,14495.541,736.1,15600,1123,1344.465,433,4678.132,1117,6568,0,1732,3351.42,32335.1666666667,5389.19444444444,0,0,0,0,0
965762926,90,2,3,7208.56,2402.85333333333,4291.03,0,0,821.53,328,0,1732,0,0,36,0,0,22692,7564,0,0,0,0,1
935995855,90,1,8,37742.685,4717.835625,8792.065,1320.65,10300,2000,2688,1351.51,5117.888,2419,2320,72,0,1361.572,42815.8333333333,5351.97916666667,0,0,0,0,0
111606379,90,1,2,6415.86,3207.93,3468.33,0,300,860,0,1210,177.53,400,0,0,0,0,9283.33333333333,4641.66666666667,0,0,0,0,1
104754999,90,1,1,7795.3904,7795.3904,1045.3486,205.5884,2800,1195,846.4084,0,201.345,662,300,0,389.7,150,8916.66666666667,8916.66666666667,389.7,0,0,1,0
638491127,90,1,2,12907.05,6453.525,5997.05,0,2000,650,2080,600,0,0,1580,0,0,0,10116.6666666667,5058.33333333333,0,0,0,0,0
767901252,90,1,5,21032.009,4206.4018,8019.16,3745.45,0,689.13,2017.195,1500,1848.044,1123.1,700,0,1299,90.93,29116.6666666667,5823.33333333333,0,0,0,0,0
592806649,90,2,4,29473.6277,7368.406925,8689.2708,0,3330,2146,325.7467,745.7022,9451.15,1250,760,0,1688.7,1087.058,26294.6666666667,6573.66666666667,0,0,0,0,0
947952613,90,2,4,26228.469,6557.11725,4546.5,510.94,0,581,0,0,13213.19,400,950,0,5888.8,138.039,30493.3333333333,7623.33333333333,0,0,0,0,0
994321100,90,1,1,2747.73,2747.73,1060.85,0,0,748,0,433,155.88,350,0,0,0,0,7800,7800,0,0,0,0,0
578512543,90,1,6,48460.58,8076.76333333334,7902.25,0,12460,1671,7799.93,2299,3031,1625,8317,600,1602.1,1153.3,29455.1666666667,4909.19444444444,1602.1,0,0,1,0
289670449,90,3,5,78385.152,15677.0304,8795.0094,0,6900,12108,192,4971.909,26789.25,790.4,4586,4450,4741.35,4061.2336,62156.6666666667,12431.3333333333,0,0,0,0,0
322504281,90,1,6,22400.48,3733.41333333333,12565.66,519.6,0,2714.8,483.72,0,0,0,2210,2000,1169.1,737.6,31543.5,5257.25,801.05,0,0,1,1
433503145,90,2,3,13820.75,4606.91666666667,6447.37,1039.2,0,1576,210,0,587.15,1030,517.9,16,1457.6,939.53,21900,7300,433,0,0,1,0
375168119,90,2,7,37990.38,5427.19714285714,9811.78000000001,238.15,0,1912,624,0,12306.45,900,650,8500,2598,450,28600,4085.71428571429,0,0,0,0,0
386823942,90,3,7,28269.275,4038.46785714286,7692.245,0,5815,928,1900.61,1020,1732,1732,1473.2,500,2468.1,3008.12,14844.3333333333,2120.61904761905,1732,0,0,1,0
