id,provincia,propauto,cantmiem,gastot,gastotpc,gc_01,gc_02,gc_03,gc_04,gc_05,gc_06,gc_07,gc_08,gc_09,gc_10,gc_11,gc_12,ingtoth,ingpch,tn_restaurant,tn_internet,cat_gastos_internet,cat_gastos_restaurant,cat_gc_01
961494898,18,1,1,20534.4861,20534.4861,3085.9477,1298.4804,50,1810,1000,0,4330,430,6560,0,1570.058,400,40083.3333333333,40083.3333333333,1385.6,0,0,1,0
738116182,18,2,4,23327.0144,5831.7536,9920.03,0,0,980.6,1368.69,4924.2844,1515.5,400,614,0,2100.05,1503.86,13800,3450,2100.05,0,0,1,0
22350849,18,3,4,25814.89,6453.7225,1571.79,649.5,0,1320,0,0,13856,2500,800,2000,1818.6,1299,47400,11850,0,0,0,0,0
30720114,18,1,3,1482.2635,494.087833333333,1009.5828,0,0,314,98.6807,0,0,0,60,0,0,0,26817.33,8939.11,0,0,0,0,1
644404144,18,3,2,21480.2189,10740.10945,1837.8685,0,510,1850,4475.4824,1600,4708.56,1780,1258,0,2347.8559,1112.4521,48166.6666666667,24083.3333333333,1667.05,0,0,1,0
450599548,18,1,2,30148.3573,15074.17865,4071.8021,484.96,5700,11751,0,1880.2867,883.32,2031.5,497.5,0,2165,682.9885,32500,16250,0,0,0,0,0
34472628,18,2,1,40119.775,40119.775,1478.695,0,5800,7200,496,800,6800,2419,11900,0,1991.8,1234.28,21333.3333333333,21333.3333333333,0,0,0,0,0
556584730,18,1,3,4642.19,1547.39666666667,2398.82,0,0,597,0,0,0,0,600,0,0,1046.37,6616.66666666667,2205.55555555556,0,0,0,0,1
283932696,18,1,2,8538.0741,4269.03705,4362.7781,0,150,2730,298.12,0,173.2,0,0,0,0,823.976,5200,2600,0,0,0,0,1
345241974,18,1,3,10876.7,3625.56666666667,3533.28,216.5,850,3300,213.2,0,968.68,433,1300,0,0,62.04,21000,7000,0,0,0,0,0
685919087,18,2,4,13034.12,3258.53,5122.39,0,0,910,0,882.48,2598,1452.8,886.6,34.4,0,1147.45,17893.3333333333,4473.33333333333,0,1385.6,1,0,0
981696544,18,2,2,17236.6,8618.3,4000.92,649.5,1050,3280,253.2,750,1675.5,825,375,0,3637.2,740.28,34666.6666666667,17333.3333333333,0,0,0,0,0
566345378,18,2,3,14924.5017,4974.8339,7194.2517,0,1590,495,108.25,0,1732,475,1165,0,0,2165,12433.3333333333,4144.44444444444,0,0,0,0,0
330198800,18,1,4,10335.1174,2583.77935,5998.2624,701.46,1360,290,809.2337,0,0,0,500,0,0,676.1613,4000,1000,0,0,0,0,1
37284503,18,1,2,13168.605,6584.3025,4347.753,2294.9,120,1184.03,0,0,2959.122,540,850,0,692.8,180,15050,7525,303.1,0,0,1,0
149182787,18,1,5,22782.255,4556.451,8162.05,2294.9,2887,1150,2033.04,0,4200.1,304,400,0,692.8,658.365,33700.1,6740.02,303.1,0,0,1,0
842725239,18,2,3,12180.01,4060.00333333333,3243.17,0,0,1215,0,800,3464,2085.6,700,0,0,672.24,35666.6666666667,11888.8888888889,0,0,0,0,0
561185097,18,2,7,18421.277,2631.611,3832.05,0,400,1997.06,156.8,300,5624,1475,4041,0,0,595.367,27839.5,3977.07142857143,0,0,0,0,0
263596311,18,1,6,2974.5,495.75,216.5,0,750,660,228,0,0,1120,0,0,0,0,25000,4166.66666666667,0,0,0,0,0
621427933,18,2,5,32440.24,6488.048,15549.03,0,0,2550,3023.52,2009.3,5196,800,800,1240,0,1272.39,28300,5660,0,0,0,0,0
891075222,18,1,6,17438.814,2906.469,259.8,303.1,0,2234,0,0,2826.624,3532,56.29,0,8227,0,44151.16,7358.52666666667,6776.45,0,0,1,0
545708422,18,2,4,17261.15,4315.2875,4810.63,692.8,0,763.5,832.72,370,4507.3,1540,400,0,3108.94,235.26,12650,3162.5,3108.94,976.2,1,1,0
180012446,18,2,1,15268.9263,15268.9263,2065.41,0,2400,802,2400,2438.4395,1882,1345.83,600,0,519.6,815.6468,12676,12676,0,0,0,0,0
576154288,18,1,6,6148.35,1024.725,1788.29,0,350,275,222,0,390.73,520,0,0,2602.33,0,17216.6666666667,2869.44444444444,0,0,0,0,0
487935218,18,2,2,28034.78,14017.39,1247.04,346.4,4350,9530,822.7,1576.12,4330,2150,700,0,2273.25,709.27,28000,14000,0,0,0,0,0
216399664,18,1,5,5655.496,1131.0992,389.7,0,0,1710,0,0,697.996,0,0,0,2857.8,0,18766.6666666667,3753.33333333333,0,0,0,0,0
828377560,18,2,2,16386.4,8193.2,4585.47,0,1200,2320,433,300,4988.2,1603,600,0,0,356.73,26805.1,13402.55,0,433,1,0,0
201879947,18,1,2,29981.794,14990.897,6078.454,0,3125,8240,259.8,0,2307.89,0,1650,7000,1169.1,151.55,27000,13500,0,0,0,0,0
224165662,18,1,5,6764.53,1352.906,2242.94,238.15,0,1470,0,0,433,433,1220,0,727.44,0,12425,2485,0,433,1,0,0
164861861,18,2,3,26863.512,8954.504,2858.666,562.9,2300,6700,109.116,0,8061,1400,750,0,3225.85,895.98,55166.6666666667,18388.8888888889,2598,0,0,1,0
998291198,18,1,6,8630.7777,1438.46295,2346.8167,0,500,320,2688,869.897,956.064,800,0,0,0,150,7761.66666666667,1293.61111111111,0,0,0,0,0
513153075,18,1,8,16049.7866,2006.223325,9492.3126,0,0,2270,669.5912,0,618.324,616.5,428.67,0,995.9,958.4888,26631.32,3328.915,0,0,0,0,1
15309525,18,1,2,8435.7,4217.85,3961.95,1299,0,1650,103.92,0,220.83,600,600,0,0,0,20083.3333333333,10041.6666666667,0,0,0,0,0
285568431,18,2,2,54443.39,27221.695,11548.11,3091.62,0,6500,6048,600,20400,1250,2600,0,1212.4,1193.26,49578.6666666667,24789.3333333333,1212.4,0,0,1,0
541744248,18,1,3,4189.83,1396.61,1519.83,0,350,0,0,0,0,1720,600,0,0,0,22166.6666666667,7388.88888888889,0,0,0,0,0
196359459,18,1,6,2895.995,482.665833333333,1383.435,0,0,359.43,108.25,0,54.08,557.8,0,0,433,0,8703,1450.5,0,0,0,0,0
362528254,18,1,4,15073.249,3768.31225,846.515,0,3580,1976,43.2,915,2727.034,1000,3240,0,649.5,96,20275.3333333333,5068.83333333333,649.5,3300,1,1,0
20884227,18,1,1,3107.24,3107.24,987.24,0,0,870,0,0,0,450,800,0,0,0,37916.6666666667,37916.6666666667,0,0,0,0,0
84515354,18,2,2,12783.108,6391.554,2355.52,216.5,0,4002,504,0,2861.688,150,1120,0,1190.75,382.65,7500,3750,0,0,0,0,0
793616906,18,1,2,1786.42,893.21,705.79,0,0,600,129.9,0,285.78,0,0,0,0,64.95,9500,4750,0,0,0,0,0
209676665,18,1,2,43495.5437,21747.77185,18423.8902,0,1274,2735.39,12229.5635,4200,0,452.55,1056,0,0,3124.15,20560.5,10280.25,0,0,0,0,0
960098988,18,1,5,16826.05,3365.21,2359.85,0,520,922.5,83.2,11691,0,0,600,0,0,649.5,17001.99,3400.398,0,0,0,0,0
644058229,18,1,1,3750.82,3750.82,1203.74,0,0,1420,43.3,0,285.78,0,750,0,0,48,7600,7600,0,0,0,0,0
329272453,18,2,3,4022.2,1340.73333333333,1255.7,0,0,1650,216.5,0,0,0,900,0,0,0,4567.33,1522.44333333333,0,0,0,0,0
148545621,18,2,3,58804.2524,19601.4174666667,11652.03,411.35,2460,3722,4042.98,8510.7422,23400.048,1540,1527.4,0,0,1537.7022,40316.6666666667,13438.8888888889,0,0,0,0,0
939694938,18,2,4,18876.55,4719.1375,3182.55,779.4,1500,2210,0,500,4623.6,1752.6,2159.8,0,1818.6,350,22333.3333333333,5583.33333333333,1818.6,0,0,1,0
938870318,18,2,2,5618.463,2809.2315,883.32,0,0,660,0,0,357.343,1352.6,589.9,0,1775.3,0,14066.6666666667,7033.33333333333,303.1,0,0,1,0
583646306,18,2,3,2527.25,842.416666666667,1407.25,0,0,1050,0,0,0,0,70,0,0,0,10000,3333.33333333333,0,0,0,0,1
834934651,18,1,3,5238.796,1746.26533333333,1125.8,0,0,3848,0,0,264.996,0,0,0,0,0,8000,2666.66666666667,0,0,0,0,0
771671344,18,1,1,1827.2267,1827.2267,1381.2267,0,0,446,0,0,0,0,0,0,0,0,4000,4000,0,0,0,0,1
973344821,18,1,5,35756.087,7151.2174,18822.077,952.6,3840,1280,1567.46,451.55,2134.95,1450,3780,0,757.75,719.7,22500,4500,0,480,1,0,1
888494545,18,2,7,24038.906,3434.12942857143,12521.927,0,514,2225,1302.12,0,332.544,1141,2200,750,1623.75,1428.565,43500,6214.28571428571,0,0,0,0,1
512004845,18,1,3,23973.6,7991.2,3541.94,0,0,2900,1700,0,5014.14,2020,650,5000,2511.4,636.12,24950,8316.66666666667,0,1600,1,0,0
792898047,18,1,2,7909.25,3954.625,3438.02,0,1250,506.96,1147.45,0,666.82,400,500,0,0,0,14438.3333333333,7219.16666666667,0,0,0,0,0
693382416,18,1,3,8264.5,2754.83333333333,437.33,0,0,3050,220.83,0,1303.33,1650,750,0,736.1,116.91,33833.3333333333,11277.7777777778,736.1,0,0,1,0
416514379,18,1,2,14563.09,7281.545,6161.59,0,1400,2892,1609.5,0,0,1150,750,0,0,600,8000,4000,0,0,0,0,0
304921446,18,1,5,9236.7,1847.34,1039.2,0,5020,544,816,0,128,649.5,1000,0,0,40,17800,3560,0,0,0,0,0
491119647,18,1,1,4154.98,4154.98,904.97,0,0,1130,420.01,0,0,1100,600,0,0,0,16250,16250,0,0,0,0,0
433852378,18,2,7,8175.0225,1167.86035714286,945.0225,0,0,4530,0,0,0,2000,700,0,0,0,34651.16,4950.16571428571,0,0,0,0,0
814431619,18,2,5,9589.78,1917.956,5949.42,0,0,967.5,0,0,683.56,480,600,0,0,909.3,30916.6666666667,6183.33333333333,0,0,0,0,1
74638135,18,3,6,42550.6,7091.76666666667,6451.7,0,0,2400,5346.4,200,3745,3532,2900,7000,9785.8,1189.7,70416.6666666667,11736.1111111111,6841.4,0,0,1,0
30314049,18,1,3,13933.73,4644.57666666667,1649.73,0,0,9750,814,0,720,1000,0,0,0,0,11000,3666.66666666667,0,0,0,0,0
240682035,18,1,2,23291.625,11645.8125,9209.91,1212.4,850,3684,1586.58,1440,480.975,925,2575,0,606.2,721.56,46000,23000,0,0,0,0,0
437655943,18,1,4,33748.955,8437.23875000001,10216.635,866,2270,1480,5404.96,7078.5,2300,2451,1500,0,0,181.86,21600,5400,0,0,0,0,0
725469873,18,2,5,5436.2849,1087.25698,2396.7849,433,0,1710,0,0,0,896.5,0,0,0,0,44333.3333333333,8866.66666666667,0,0,0,0,0
4285996,18,3,2,28074.74,14037.37,3251.83,0,1450,1230,0,5776.22,8886.75,1370,660,0,4852.4,597.54,11446.6666666667,5723.33333333333,779.4,0,0,1,0
748560565,18,1,3,2936.42,978.806666666667,731.77,324.75,0,1750,0,0,0,0,0,0,129.9,0,9273.33333333333,3091.11111111111,0,0,0,0,0
990405112,18,1,4,28791.55,7197.8875,5334.56,1450.55,3155,1151,1127.89,12000,677.95,1958,1700,150,0,86.6,29416.6666666667,7354.16666666667,0,0,0,0,0
387264469,18,1,3,9604.74,3201.58,532.59,0,425,4944,184,0,411.35,0,250,0,2857.8,0,14166.6666666667,4722.22222222222,259.8,0,0,1,0
957665277,18,2,2,96992.9655,48496.48275,1722.7338,0,5750,9415,2959.7817,0,68666.5,700,3650,0,3225.85,903.1,67083.3333333333,33541.6666666667,2598,0,0,1,0
393629639,18,1,1,31587.0958,31587.0958,4607.0767,1617.255,1840,7440,3107.112,8893.4501,1082.5,940,0,0,0,2059.702,14666.6666666667,14666.6666666667,0,0,0,0,0
798485810,18,1,11,14784.744,1344.06763636364,2966.05,757.75,1490,540,373.2,779.4,4134.284,216.5,1701.85,0,1104.15,721.56,21783.3333333333,1980.30303030303,0,0,0,0,0
751295193,18,1,4,2809.84,702.46,303.1,0,0,870,0,0,1030.54,0,0,0,606.2,0,25566.6666666667,6391.66666666667,0,0,0,0,0
890804625,18,2,3,8378.571,2792.857,4246.431,0,300,1179,235.88,288,410.4,733,600,0,0,385.86,7420,2473.33333333333,0,0,0,0,1
324218666,18,2,5,6251.541,1250.3082,1716.1522,0,0,780,312.626,1300,0,1100,700,0,0,342.7628,21000,4200,0,0,0,0,0
583274136,18,2,4,8826.14,2206.535,3485.65,476.3,1800,615,121.24,330,0,0,1200,150,0,647.95,17000,4250,0,0,0,0,0
639644876,18,2,5,8061.06,1612.212,1091.16,0,580,900,1108,820,433,0,1700,0,1082.5,346.4,19050,3810,0,0,0,0,0
988858363,18,2,4,10028.82,2507.205,822.7,0,0,7260,0,0,0,1370,390,0,0,186.12,39000,9750,0,0,0,0,0
163249689,18,1,2,9593.93,4796.965,519.6,0,0,1320,6000,4.33,0,900,850,0,0,0,24750,12375,0,0,0,0,0
68581184,18,1,9,3646.41,405.156666666667,1199.41,0,400,1220,0,144,433,250,0,0,0,0,11000,1222.22222222222,0,0,0,0,0
187378501,18,1,2,29304.8431,14652.42155,14956.8159,0,0,3112,4676.337,2080.7382,2896.77,216.5,0,0,0,1365.682,13593.8333333333,6796.91666666667,0,0,0,0,1
837833404,18,1,4,6189.5925,1547.398125,3413.1225,0,250,805,168.87,0,0,0,600,0,952.6,0,18400,4600,0,0,0,0,1
403419915,18,2,5,13873.76,2774.752,9049.7,281.45,0,2200,0,600,0,0,370,0,1342.3,30.31,20427.0066666667,4085.40133333333,0,0,0,0,1
229743513,18,1,5,14620.72,2924.144,2840.48,0,0,2660,0,1260,2753.99,1500,900,0,2706.25,0,54166.6666666667,10833.3333333333,562.9,0,0,1,0
794027033,18,1,4,18040.104,4510.026,10162.51,0,450,790,445.99,816.5,2634.49,562.9,1904.924,0,0,272.79,20466.6666666667,5116.66666666667,0,0,0,0,1
951543868,18,2,2,6592.75,3296.375,2143.35,0,0,2370,0,0,476.3,0,1300,0,303.1,0,14500,7250,0,0,0,0,0
985744808,18,2,2,21214.925,10607.4625,9080.01,476.3,800,4717.395,0,0,700,1675,1975,900,0,891.22,31060.1,15530.05,0,0,0,0,0
766524553,18,1,6,11724.31,1954.05166666667,7832.97,0,0,412,645.17,861.67,138.56,138.56,850,0,0,845.38,26182.31,4363.71833333333,0,138.56,1,0,1
185926540,18,3,4,22757.55,5689.3875,6741.81,0,1700,2750,342.07,400,4195.77,0,1200,2700,1818.6,909.3,34000,8500,1602.1,0,0,1,0
681347747,18,1,1,2632.25,2632.25,974.25,433,0,775,0,0,0,0,450,0,0,0,8000,8000,0,0,0,0,0
371326633,18,1,5,14556.74,2911.348,2403.15,0,2000,560,0,1086.6,4840.94,0,700,0,2814.5,151.55,26500,5300,0,0,0,0,0
235748742,18,1,4,9723.25,2430.8125,3624.21,0,3200,459,93.94,320,0,633,850,240,173.2,129.9,10658,2664.5,0,0,0,0,0
215800271,18,3,6,100801.9117,16800.3186166667,16758.1392,4763,0,35350,1280,0,14289,8000,1600,15600,2370.0255,791.747,136000,22666.6666666667,1190.75,0,0,1,0
408022653,18,2,5,12214.4024,2442.88048,5014.4864,0,2950,1365,431.76,0,0,556,1147.156,0,0,750,13000,2600,0,0,0,0,0
261469661,18,1,6,10995.364,1832.56066666667,5403.407,0,1330,515,120.847,43.3,0,2353,520,0,277.12,432.69,16656.67,2776.11166666667,0,0,0,0,0
136677293,18,1,7,16221.64,2317.37714285714,5100.74,1169.1,0,5260,584.55,779.4,773.2,1654.65,800,100,0,0,26066.6666666667,3723.80952380952,0,0,0,0,0
898584300,18,2,5,9332.99,1866.598,3334.1,389.7,0,1900,0,519.6,0,1900,750,0,0,539.59,30000,6000,0,0,0,0,0
116008678,18,1,6,8481.6731,1413.61218333333,3317.0831,0,0,1050,381.04,1300,0,866,623.61,0,649.5,294.44,18383.3333333333,3063.88888888889,0,866,1,0,0
57467942,18,1,2,14460.79448,7230.39724,3565.5818,441.66,6990,549.82,510,0,146.4,1472,200,0,0,585.33268,20369.5,10184.75,0,0,0,0,0
404338782,18,1,1,2950.66,2950.66,961.26,0,0,340,95.26,0,0,320,550,0,433,251.14,4240,4240,0,0,0,0,0
913716828,18,2,3,14405.15,4801.71666666667,3225.85,0,0,2500,0,0,3464,2500,1250,1000,0,465.3,36666.6666666667,12222.2222222222,0,0,0,0,0
128036126,18,1,4,16699.99,4174.9975,5641.99,0,5840,2272,64,0,0,650,500,0,1732,0,20750.3333333333,5187.58333333333,1732,0,0,1,0
112356495,18,1,1,1858.41,1858.41,441.66,757.75,0,659,0,0,0,0,0,0,0,0,4251.16,4251.16,0,0,0,0,0
135280567,18,1,4,5842.854,1460.7135,692.8,0,0,550,346.4,0,2484.554,0,600,0,995.9,173.2,22000,5500,0,0,0,0,0
650465704,18,1,4,23365.11,5841.2775,3754.11,952.6,400,849.6,2660,0,2005.8,1166,1710,0,7135,2732,43200,10800,4113.5,0,0,1,0
221920452,18,1,2,10344.67,5172.335,1667.05,0,1790,1060,202.9,3541.25,0,1268,560,0,0,255.47,6000,3000,0,0,0,0,0
346582580,18,2,2,3233.85,1616.925,368.05,0,0,940,0,0,346.4,0,800,0,779.4,0,5000,2500,0,0,0,0,0
925806425,18,2,3,24368.997,8122.999,10407.155,0,750,830,2334.4,2800,3249.35,1450,760,0,1645.4,142.692,26083.3333333333,8694.44444444445,476.3,0,0,1,0
767084188,18,2,4,41045.89,10261.4725,2229.95,164.54,1700,1670,378.4,0,31915.5,320,1201.5,0,866,600,3800,950,866,0,0,1,0
26970398,18,1,4,19648.82,4912.205,5520.75,2944.4,0,2210,303.1,2576.35,1597.77,650,1400,0,1991.8,454.65,32733.3333333333,8183.33333333333,1039.2,0,0,1,0
812369937,18,1,2,9486.5937,4743.29685,2498.41,0,0,1950,0,2835.6737,0,0,700,0,0,1502.51,18000,9000,0,0,0,0,0
828229844,18,1,6,6928.095,1154.6825,866,0,0,2922.695,1760,0,346.4,433,600,0,0,0,17559.1366666667,2926.52277777778,0,433,1,0,0
153005203,18,1,2,29582.5,14791.25,4234.74,0,6550,4905,867,250,9498.18,917.2,1177.5,0,519.6,663.28,25065,12532.5,0,0,0,0,0
775589616,18,3,4,29998.445,7499.61125,1260.03,1277.35,2655,1120,2061.6,1570,12987.595,2037,3627,0,779.4,623.47,33416.6666666667,8354.16666666667,0,0,0,0,0
709614519,18,1,4,11698.7924,2924.6981,506.9564,866,1950,950,120,960,1035.736,1287.5,3062.5,0,736.1,224,11835.22,2958.805,476.3,0,0,1,0
270903487,18,1,6,26962.673,4493.77883333333,433,5299.92,4320,2540,972,100,1257.865,1570,4202,0,4763,1504.888,42900,7150,0,142.89,1,0,0
704526641,18,1,1,2660.43,2660.43,1030.54,0,0,837,142.89,0,0,0,600,0,0,50,9208.33333333333,9208.33333333333,0,0,0,0,0
564592502,18,2,4,12290.2415,3072.560375,2245.3215,1212.4,450,2230,0,0,2674,2228,510,0,0,740.52,29500,7375,0,0,0,0,0
692948394,18,3,3,26238.3135,8746.1045,6204.5869,1831.4168,0,2300,998.2421,859.2601,4019,2535.5,862.5,3780,956.1073,1891.7003,22000,7333.33333333333,0,0,0,0,0
720392274,18,1,2,11153.8171,5576.90855,6038.0984,497.95,0,893.4,779.4167,80,1200.8,300,935.98,0,0,428.172,14792.1666666667,7396.08333333333,0,0,0,0,1
278455801,18,1,4,16066.52,4016.63,4208.76,0,0,2060,441.66,0,95.26,1737,3138,3745,216.5,424.34,18766.6666666667,4691.66666666667,0,0,0,0,0
540325073,18,3,5,52862.755,10572.551,7135.84,0,1400,1013,1106.58,6442.96,22453.7,1936,2260,0,7955.9,1158.775,101108.333333333,20221.6666666667,7837.3,0,0,1,0
533972534,18,2,3,19632.258,6544.086,7021.528,0,300,920,0,2158,4686.5,3733,35,0,545.58,232.65,20750,6916.66666666667,0,0,0,0,0
862162118,18,2,4,8746.56,2186.64,2892.44,0,320,1850,0,300,2165,733,300,0,0,186.12,17000,4250,0,433,1,0,0
167559882,18,2,5,11192.7817,2238.55634,1093.2817,433,1605,1558,0,144,0,1800,2799.5,100,0,1660,14016.6666666667,2803.33333333333,0,0,0,0,0
463058826,18,2,7,15398.52,2199.78857142857,5685.29,0,870,3320,0,99.59,1932,144,840,0,0,2507.64,30583.3333333333,4369.04761904762,0,0,0,0,0
137808995,18,2,3,17944.6236,5981.5412,5443.5028,389.7,0,6020,332.111,600,3680.5,0,700,0,0,778.8098,27666.6666666667,9222.22222222222,0,0,0,0,0
200022584,18,1,6,5631.64,938.606666666667,3931.64,0,0,900,0,0,0,0,800,0,0,0,19500,3250,0,0,0,0,1
444807923,18,1,9,65478.75,7275.41666666667,31834.16,7988.85,7300,3290,2737.95,129.9,2945.14,2106.4,3820,0,1926.85,1399.5,64000,7111.11111111111,1926.85,0,0,1,0
281633292,18,1,4,14095.65,3523.9125,7088.21,0,400,2140,987.24,500,248.5,1276,0,0,822.7,633,17000,4250,1580.45,0,0,1,1
827581137,18,1,3,8416.95,2805.65,3897,0,0,850,120,1017.55,1732,0,450,4,173.2,173.2,15266.6666666667,5088.88888888889,0,0,0,0,0
912077466,18,2,2,15407.358,7703.679,1706.02,1688.7,680,908.4,3300,0,2526.988,1016.5,2498.25,0,1082.5,0,21755.05,10877.525,0,0,0,0,0
359067411,18,1,7,3809.58,544.225714285714,913.63,0,400,1020,112,0,1363.95,0,0,0,0,0,29520.5,4217.21428571429,0,0,0,0,0
520691819,18,1,1,4135.3894,4135.3894,975.4624,173.2,0,950,160,192,350.73,533,560,0,0,240.997,9750,9750,0,0,0,0,0
334660487,18,1,3,12796.371,4265.457,876.825,0,200,6750,104.95,2349.9,1039.2,250,600,0,0,625.496,11941.6666666667,3980.55555555556,0,0,0,0,0
49360852,18,2,6,14775.762,2462.627,6135.61,584.55,0,1157,634.24,0,1161.542,640,272,0,3957.62,233.2,33130,5521.66666666667,1082.5,272,1,1,0
634189862,18,1,3,14157.832,4719.27733333333,6365.1,0,0,2024,0,0,3068.08,1760,860,0,0,80.652,14150,4716.66666666667,0,0,0,0,0
658176607,18,1,4,24419.996,6104.999,5745.91,0,2350,408,3699.64,2900,3057.816,0,2780,0,2312.22,1166.41,7400,1850,909.3,0,0,1,0
280147959,18,2,3,33060.5095,11020.1698333333,3776.4095,0,0,920,0,0,28149.1,0,215,0,0,0,16666.6666666667,5555.55555555556,0,0,0,0,0
683091310,18,1,2,11768.404,5884.202,2364.18,0,1706,4880,0,0,692.344,425,1700.88,0,0,0,11510,5755,0,0,0,0,0
109281218,18,1,2,22855.09,11427.545,5702.61,779.4,2300,1500,1475.48,0,5105.95,0,1664.75,0,3204.2,1122.7,6000,3000,2035.1,0,0,1,0
189211853,18,1,4,2873.01,718.2525,627.85,0,0,1540,0,0,0,225.16,480,0,0,0,16916.6666666667,4229.16666666667,0,0,0,0,0
116256093,18,1,3,6067,2022.33333333333,2165,0,0,3902,0,0,0,0,0,0,0,0,8579,2859.66666666667,0,0,0,0,0
930848824,18,2,2,18852.13,9426.065,6672.53,0,0,1900,0,0,6495,1100,0,0,0,2684.6,68841.6666666667,34420.8333333333,0,0,0,0,0
496541156,18,1,2,9063.64,4531.82,4754.34,0,1210,1390,0,0,0,800,0,0,0,909.3,24250,12125,0,0,0,0,1
350552914,18,1,5,5121.64,1024.328,2589.34,0,0,350,0,476.3,866,0,840,0,0,0,5266.66666666667,1053.33333333333,0,0,0,0,1
59521306,18,3,3,12364.71,4121.57,2442.12,0,700,1610,200,621.24,2365,1416,582,0,2273.25,155.1,25000,8333.33333333333,1428.9,0,0,1,0
440260481,18,1,6,20075.05,3345.84166666667,13362.38,411.35,1880,300,515.27,0,930.95,640,0,0,0,2035.1,14700,2450,0,0,0,0,1
955961829,18,1,5,6356.78,1271.356,2104.38,216.5,1000,1530,289.9,0,173.2,350,0,0,692.8,0,16233.3333333333,3246.66666666667,0,0,0,0,0
979702110,18,1,1,2700.2,2700.2,1905.2,0,0,795,0,0,0,0,0,0,0,0,20133.3333333333,20133.3333333333,0,0,0,0,1
341241044,18,2,3,11135.22,3711.74,4910.22,0,2041,1439,770.74,0,433,519.6,500,0,216.5,305.16,3766.66666666667,1255.55555555556,216.5,0,0,1,0
245378876,18,1,3,27477.5248,9159.17493333334,5601.1148,233.82,2550,1336,3305.96,573.2,3331.8,1740,1855.28,3150,454.65,3345.7,16866.6666666667,5622.22222222222,0,0,0,0,0
3871597,18,2,4,18947.957,4736.98925,5585.267,0,1850,2660,0,1784,433,1916,300,3505,368.05,546.64,17016.6666666667,4254.16666666667,0,0,0,0,0
353968978,18,1,5,15642.6948,3128.53896,4105.3596,0,999,634.2075,1254.62,1073.748,1732,3678,1280,0,385.7597,500,26098.1,5219.62,0,0,0,0,0
390953368,18,2,6,30521.99,5086.99833333333,12288.54,1926.85,4747,1394,1606.43,0,2165,519.6,4073.5,160,259.8,1381.27,24060.1,4010.01666666667,0,0,0,0,0
956950008,18,1,7,11832.08,1690.29714285714,3793.08,0,0,3100,0,0,3170,433,500,836,0,0,12966.6666666667,1852.38095238095,0,433,1,0,0
796309748,18,1,1,6297.526,6297.526,1654.06,0,700,1841.5,155.88,0,866,339,535,0,0,206.086,5333.33333333333,5333.33333333333,0,0,0,0,0
908980592,18,2,3,15181.15,5060.38333333333,2199.64,0,0,1300,0,1073.84,8044,1700,600,0,0,263.67,38000,12666.6666666667,0,0,0,0,0
25162419,18,1,4,31924.5128,7981.1282,11806.178,890.0748,0,2541,5402.13,180,3387.67,490,5420,120,1212.4,475.06,24591.6666666667,6147.91666666667,1212.4,0,0,1,0
698452407,18,1,5,9617.21,1923.442,2026.44,1818.6,365,2270,208,0,500,1437.6,0,0,904.97,86.6,5939.16666666667,1187.83333333333,904.97,0,0,1,0
191768909,18,1,5,33937.0707,6787.41414,14444.88,0,3150,888.4,1355.224,700,4827.95,480,2500,0,4330,1260.6167,38175,7635,0,0,0,0,0
320138602,18,2,5,20180.836,4036.1672,3715.14,0,0,3600,400,500,8227,1200,1613.31,0,714.45,210.936,55250,11050,714.45,0,0,1,0
582752203,18,1,2,7295.7853,3647.89265,2561.6713,0,0,1990.67,137.58,0,202.644,936.72,450,0,0,1016.5,7485.16666666667,3742.58333333333,0,0,0,0,0
388008442,18,1,4,18701.4181,4675.354525,6514.8314,0,1610,242,1152.6975,1261.4907,405.288,2320,1100,0,1363.95,2731.1605,20136,5034,0,0,0,0,0
523892827,18,1,7,2866.565,409.509285714286,876.825,140.725,500,324.55,218.665,0,96,0,450,0,0,259.8,12271,1753,0,0,0,0,0
484298418,18,1,1,8371.805,8371.805,1619.42,0,850,2986.25,151.55,0,914.425,912,0,150,324.75,463.41,33666.6666666667,33666.6666666667,0,0,0,0,0
513950521,18,2,4,5472.3039,1368.075975,2710.1903,497.517,632,608,203.5966,0,0,0,685,136,0,0,14516.2666666667,3629.06666666667,0,0,0,0,0
122949897,18,1,3,7433.4836,2477.82786666667,2838.6181,0,500,1350,104.1365,0,1316.32,0,600,0,0,724.409,14000,4666.66666666667,0,0,0,0,0
52945244,18,1,1,11897.08,11897.08,445.99,519.6,800,3770,0,0,3087.29,0,0,0,3204.2,70,22100,22100,519.6,0,0,1,0
794448783,18,2,1,18126.64,18126.64,1723.34,909.3,0,1020,0,0,12274,1400,800,0,0,0,21666.6666666667,21666.6666666667,0,0,0,0,0
723950654,18,1,4,10235.37,2558.8425,5364.87,0,1000,1680,0,500,0,0,0,608,0,1082.5,13184.31,3296.0775,0,0,0,0,1
611206926,18,1,6,19026.868,3171.14466666667,9528.59800000001,2424.8,1400,350,777.75,550,1693.03,700,1316.91,0,216.5,69.28,13000,2166.66666666667,0,0,0,0,1
282906033,18,2,5,7373.01,1474.602,3351.42,0,185,1374.8,0,108.25,1350.34,690,0,140,0,173.2,14180,2836,0,0,0,0,0
283175828,18,1,2,9695.43,4847.715,4113.5,2338.2,720,485,194.85,300,0,818.4,0,0,0,725.48,7250,3625,0,0,0,0,0
101048135,18,1,4,11853.85,2963.4625,3160.9,0,0,1300,0,0,3312.45,962.9,0,0,3117.6,0,22135.5,5533.875,3117.6,0,0,1,0
143495581,18,3,3,5637.75,1879.25,757.75,0,0,1400,0,0,0,2700,780,0,0,0,43333.3333333333,14444.4444444444,0,0,0,0,0
27497174,18,3,4,28698.83,7174.7075,2524.39,0,500,9600,7933.26,0,3255.95,1250,1994,0,207.84,1433.39,54166.6666666667,13541.6666666667,207.84,0,0,1,0
449486583,18,1,4,29456.877,7364.21925,9594.847,1558.8,0,2530,1736.33,0,9093,1033,1912.9,300,649.5,1048.5,13300,3325,0,0,0,0,0
422196662,18,2,4,10747.83,2686.9575,3373.07,909.3,0,552.71,845,64.95,3740.2,100,280,0,0,882.6,7308.33333333333,1827.08333333333,0,0,0,0,0
910746232,18,1,3,3760.85,1253.61666666667,1060.85,0,0,1100,0,1000,0,300,300,0,0,0,15000,5000,0,0,0,0,0
550899471,18,1,2,20796.41,10398.205,2065.41,0,1200,10900,389.7,0,352,2100,2880,0,692.8,216.5,48750,24375,0,0,0,0,0
260677648,18,2,4,15113.3735,3778.343375,4297.7848,346.4,0,1942.8,223.51,800,4234.74,1400,510,0,649.5,708.6387,38333.3333333333,9583.33333333333,649.5,0,0,1,0
146817047,18,1,3,3242.41,1080.80333333333,736.1,0,0,1010,0,0,0,0,600,0,0,896.31,4500,1500,0,0,0,0,0
982853701,18,2,2,34456.03,17228.015,21966.09,0,0,1490,1039.2,1736.12,4611.45,1200,576,0,532.59,1304.58,20038.3333333333,10019.1666666667,0,0,0,0,1
505863453,18,2,2,31577.36,15788.68,3464,0,3100,3130,3072.2,0,7228,1400,2200,0,6754.8,1228.36,26666.6666666667,13333.3333333333,6754.8,3100,1,1,0
639192034,18,1,3,18918.4,6306.13333333333,7274.4,0,2600,930,779.4,1972,1332.8,300,300,272,2338.2,819.6,12125,4041.66666666667,0,0,0,0,0
432499056,18,2,3,15741,5247,4438.25,0,1200,1200,0,0,5564.05,2069.1,750,0,519.6,0,46041.6666666667,15347.2222222222,519.6,0,0,1,0
81265923,18,1,3,8635.0871,2878.36236666666,3901.33,0,0,1285,225.16,661.9271,779.4,700,900,0,0,182.27,10000,3333.33333333333,0,0,0,0,0
434230652,18,2,4,25256.05,6314.0125,3507.3,0,2100,6840,820.11,500,2901,1590,920,0,5239.3,838.34,25500,6375,1991.8,0,0,1,0
687082623,18,2,4,48563.1947,12140.798675,6269.5369,0,4780,4550,9910.88,3808.8,1200,1040,13630,16,0,3357.9778,15533.3333333333,3883.33333333333,0,160,1,0,0
438919426,18,1,7,24329.424,3475.632,10223.13,0,4320,361.2,2799.33,0,1786.054,0,572,0,259.8,4007.91,19704.1666666667,2814.88095238095,0,0,0,0,0
978239248,18,1,3,3579.95,1193.31666666667,1926.85,0,0,1350,303.1,0,0,0,0,0,0,0,22000,7333.33333333333,0,0,0,0,1
840199463,18,1,1,4442.41,4442.41,1978.81,0,0,1340,6.4,0,0,500,617.2,0,0,0,10833.3333333333,10833.3333333333,0,0,0,0,0
723680054,18,2,3,22009.35,7336.45,6473.35,0,3300,950,0,0,8660,1746,880,0,0,0,27083.3333333333,9027.77777777778,0,0,0,0,0
289827676,18,2,1,9094.608,9094.608,2381.5,844.35,400,1714,0,500,320,640,780,0,800,714.758,28001.3333333333,28001.3333333333,0,0,0,0,0
233389178,18,1,6,4947.99,824.665000000001,2351.19,0,0,1094.5,0,0,909.3,0,593,0,0,0,4000,666.666666666667,0,0,0,0,0
455237650,18,1,1,3488.2,3488.2,2338.2,0,0,650,0,0,0,0,500,0,0,0,8000,8000,0,0,0,0,1
789861854,18,1,1,6966.122,6966.122,1775.3,0,0,710,0,3031,491.022,699,0,0,259.8,0,9666.66666666667,9666.66666666667,51.96,0,0,1,0
812875924,18,1,2,13945.1123,6972.55615,4394.95,0,0,2020,324.75,5236.3123,190.52,0,800,0,0,978.58,4993,2496.5,0,0,0,0,0
461740613,18,2,2,9451.555,4725.7775,866,0,250,834,499.8,1186.6,3031,1079.29,600,0,736.1,368.765,18666.6666666667,9333.33333333333,0,0,0,0,0
837967242,18,2,4,19315.8,4828.95,6256.85,303.1,0,2450,0,192,1620,1687.65,2200,4000,606.2,0,40750,10187.5,606.2,0,0,1,0
773099892,18,1,2,4735.87,2367.935,2203.97,0,820,890,32,0,709.9,0,0,0,0,80,6526.66666666667,3263.33333333333,0,0,0,0,0
587447098,18,2,5,23164.97,4632.994,10019.62,389.7,0,4236,580.22,560,1466.34,1200,781.45,0,3810.4,121.24,37166.6666666667,7433.33333333333,0,0,0,0,0
262722525,18,1,1,10822.226,10822.226,1744.99,303.1,2057,723.19,606.88,2654.29,264.996,2138.7,0,0,0,329.08,12666.6666666667,12666.6666666667,0,0,0,0,0
718988927,18,1,6,6162.287,1027.04783333333,1515.5,0,960,1650,0,300,0,0,1090,500,0,146.787,26000,4333.33333333333,0,129.9,1,0,0
703222622,18,2,3,15178.59,5059.53,3181.6407,607.1093,0,2870,0,0,2549.74,1189.9,2020,0,2294.9,465.3,15375,5125,2294.9,0,0,1,0
695768033,18,1,2,20331.54,10165.77,4797.64,0,3100,3936,592,2060,866,1000,1135,0,2294.9,550,36038.3333333333,18019.1666666667,2294.9,0,0,1,0
225274639,18,1,5,17344.11,3468.822,4083.19,0,2500,2150,0,0,1161.18,433,950,0,2100.05,3966.69,15200,3040,2100.05,0,0,1,0
436956277,18,2,2,12123.64,6061.82,4126.49,0,500,878,385.37,250,2485,900,1000,0,519.6,1079.18,30833.3333333333,15416.6666666667,0,0,0,0,0
36034099,18,2,4,13373.04,3343.26,1974.48,0,4800,1230,0,0,3169.56,649.5,900,0,0,649.5,31500,7875,0,0,0,0,0
899464864,18,3,4,34311.1809,8577.795225,3228.2748,0,4420,2450,2880,0,10392,2394,1539.69,3200,2684.6,1122.6161,69743.4333333333,17435.8583333333,0,0,0,0,0
799600565,18,2,4,12322.516,3080.629,4091.85,0,1090,1506,844.16,952.6,706.656,1490,1186.6,0,0,454.65,13000,3250,0,0,0,0,0
61717113,18,1,2,3834.506,1917.253,398.36,0,100,2400,0,0,719.646,216.5,0,0,0,0,5666.66666666667,2833.33333333333,0,0,0,0,0
21601368,18,1,6,15111.1035,2518.51725,5213.32,0,2330,1887.2075,173.2,0,420.876,410,3960,0,151.55,564.95,16133.3333333333,2688.88888888889,0,0,0,0,0
119151832,18,1,4,10947.774,2736.9435,3961.95,0,2000,1458,200,0,834.824,0,800,144,1299,250,9250,2312.5,433,0,0,1,0
479173710,18,1,7,8247.3688,1178.19554285714,2322.8285,1091.16,500,930,713.1736,0,259.8,0,850,0,1208.07,372.3367,26650,3807.14285714286,0,0,0,0,0
918992742,18,1,7,12302.1,1757.44285714286,2996.36,0,400,440,190.52,0,3247.5,633,950,0,3308.12,136.6,24670.01,3524.28714285714,0,0,0,0,0
248701127,18,2,4,11250.547,2812.63675,6707.17,216.5,0,1755,1475,0,0,210,600,0,0,286.877,35100,8775,0,0,0,0,1
87509335,18,1,2,10632.83,5316.415,5416.83,0,1700,1240,120,0,433,690,600,0,433,0,14000,7000,433,0,0,1,1
470925880,18,2,2,13006.05,6503.025,129.9,1818.6,2950,1150,208,0,3760,1100,400,0,974.25,515.3,43933.3333333333,21966.6666666667,519.6,0,0,1,0
317379767,18,1,5,10940.165,2188.033,6064.165,346.4,1800,1160,86.6,0,0,0,1483,0,0,0,14633.3333333333,2926.66666666667,0,0,0,0,1
429808033,18,1,7,17048.755,2435.53642857143,5154.865,0,0,1575,433,0,4745.68,1516,21.65,0,3290.8,311.76,27000,3857.14285714286,0,0,0,0,0
937179253,18,1,5,11678.37,2335.674,4949.19,0,0,2200,368.05,0,2459.44,433,0,0,1060.85,207.84,36262.5,7252.5,0,0,0,0,0
382254537,18,1,3,7735.2962,2578.43206666667,2892.44,887.65,0,850,384,0,907.2062,200,1614,0,0,0,10500,3500,0,0,0,0,0
246580143,18,2,5,11296.196,2259.2392,3295.13,324.75,1180,1850,0,0,1581.316,866,900,0,1299,0,11333.3333333333,2266.66666666667,866,0,0,1,0
729340350,18,1,6,24772.704,4128.784,9019.39,0,0,2300,757.75,0,3629.54,1884.1,1119.924,0,4546.5,1515.5,40066.6666666667,6677.77777777778,2879.45,0,0,1,0
38704825,18,2,3,30504.2496,10168.0832,4954.0829,0,1600,2721.745,2986.5167,1975.9522,2503.7296,3819.65,1955,3645,1428.9,2913.6732,41035.5,13678.5,562.9,0,0,1,0
266475964,18,2,6,30322.45,5053.74166666667,5520.75,519.6,4140,2230,952.6,300,7187.8,1882.5,2850,1000,3334.1,405.1,40000,6666.66666666667,866,0,0,1,0
12593036,18,1,2,4558.78,2279.39,1212.4,0,0,580,290.26,300,1108.48,0,600,0,433,34.64,12125,6062.5,433,0,0,1,0
399584835,18,2,2,25650.8317,12825.41585,5824.9758,671.15,4600,2440,0,1243.7059,4490,2256,750,0,3125,250,85000,42500,0,0,0,0,0
855362031,18,2,4,21555.68,5388.92,2156.34,324.75,3220,760,2824,1089.95,603.1,1950,720,2200,757.75,4949.79,21233.49,5308.3725,584.55,0,0,1,0
531560972,18,1,3,9771.68528,3257.22842666667,1515.5,0,2400,2370,0,180,1299,1446,100,16,173.2,271.98528,15742.14,5247.38,0,866,1,0,0
972175284,18,3,5,28280.8297,5656.16594,2356.7757,0,1700,1898,960,3578.5746,6126.95,2480,0,5000,0,4180.5294,75833.3333333333,15166.6666666667,0,0,0,0,0
806691140,18,2,3,15505,5168.33333333333,4719.7,0,1450,930,519.6,0,5735.7,1075,1075,0,0,0,43333.3333333333,14444.4444444444,0,0,0,0,0
123223707,18,1,6,7208.05,1201.34166666667,3966.28,0,0,1160,0,0,731.77,850,500,0,0,0,12933.3333333333,2155.55555555556,0,0,0,0,1
35903684,18,2,6,46240.98,7706.83,12656.59,995.9,10350,744,1660.79,3600,2150.4,1516,3598,3200,3355.75,2413.55,19323.3333333333,3220.55555555556,2771.2,866,1,1,0
487789681,18,1,1,14243.24,14243.24,2753.88,0,0,480,0,9626,0,160,625,0,0,598.36,29258.6666666667,29258.6666666667,0,0,0,0,0
481385204,18,2,2,7098.67,3549.335,2615.32,692.8,0,420,2097.53,190.52,1082.5,0,0,0,0,0,7383.43333333333,3691.71666666667,0,0,0,0,0
190227166,18,2,3,21522.9867,7174.3289,1182.09,108.25,850,2758,1540,1280,8207.9567,3520,900,0,866,310.69,44825,14941.6666666667,0,0,0,0,0
979856458,18,2,7,9068.84,1295.54857142857,5100.74,303.1,1850,1465,0,0,200,0,0,150,0,0,19000,2714.28571428571,0,0,0,0,1
387986800,18,1,5,17020.06,3404.012,6936.66,0,920,2646.24,398.36,1299,433,649.5,1541.25,96,1710.35,389.7,9583.33333333333,1916.66666666667,1710.35,0,0,1,0
520309108,18,1,2,5864.32,2932.16,1320.65,368.05,0,900,801.05,0,866,700,800,0,0,108.57,17208.3333333333,8604.16666666667,0,0,0,0,0
766601146,18,1,5,13418.5854,2683.71708,9064.855,506.5667,0,812.2075,1676.5912,0,259.8,750,0,0,0,348.565,18750,3750,0,0,0,0,1
588542179,18,1,4,23368.98,5842.245,8209.68,0,0,7540,0,0,0,600,480,800,2121.7,3617.6,18500,4625,0,0,0,0,0
333988956,18,3,2,26064.511,13032.2555,2457.275,324.75,1530,740.275,97,700,13545.343,1489,1588.33,0,3204.2,388.338,33408.6666666667,16704.3333333333,1732,0,0,1,0
922361043,18,1,1,2075.04,2075.04,407.02,0,525,278.02,32,0,0,0,400,0,433,0,7192,7192,0,0,0,0,0
728360570,18,1,6,13084.3703,2180.72838333333,5812.2023,0,0,1600,77.94,0,734.368,2299,1810,136,519.6,95.26,18000,3000,0,0,0,0,0
537802661,18,2,4,3498.5,874.625,1190.75,0,0,850,129.9,300,0,0,400,0,0,627.85,7000,1750,0,0,0,0,0
815353047,18,2,4,5725.44,1431.36,1991.8,0,0,1020,658.16,0,0,700,600,0,0,755.48,30483.3333333333,7620.83333333333,0,0,0,0,0
665869099,18,1,2,4043.6707,2021.83535,934.3707,0,200,610,0,909.3,0,800,590,0,0,0,12900,6450,0,0,0,0,0
387204302,18,1,3,8013.3522,2671.1174,3735.9673,0,0,1510,1300.2159,0,174.146,380,380,0,0,533.023,7466.66666666667,2488.88888888889,0,0,0,0,0
344529763,18,2,5,18278.06,3655.612,5217.65,0,1300,1150,346.4,0,5715.6,2066,1421.56,0,194.85,866,47083.3333333333,9416.66666666667,0,0,0,0,0
494136556,18,2,8,31614.047,3951.755875,13300.894,251.14,3590,1228.8,433,0,2812.453,433,825,1000,7031.92,707.84,34116,4264.5,5559.72,0,0,1,0
254093401,18,1,1,10648.77,10648.77,4975.17,1147.45,0,1573,692.8,1710.35,0,0,550,0,0,0,17333.3333333333,17333.3333333333,0,0,0,0,0
728796744,18,2,5,6958.76,1391.752,1537.15,0,0,2250,0,0,1732,0,500,0,0,939.61,13300,2660,0,0,0,0,0
810318588,18,1,2,8072.88154,4036.44077,3031,519.6,150,349,0,0,3540.522,0,0,0,389.7,93.05954,22500,11250,51.96,0,0,1,0
472839392,18,2,3,13800.2364,4600.0788,4429.9364,151.55,0,6955,0,757.75,136,818,44,400,0,108,13333.3333333333,4444.44444444444,0,0,0,0,0
70542847,18,1,4,7907.234,1976.8085,3207.231,0,0,1690,881.773,0,0,0,600,0,584.55,943.68,4194,1048.5,0,0,0,0,0
955871094,18,2,5,46785.54,9357.108,16441.01,0,500,1590,424.75,500,15275.78,1933,800,5000,3550.6,770.4,38100,7620,1190.75,0,0,1,0
847436037,18,1,2,6997.136,3498.568,1212.4,1299,0,1218.25,1219.85,0,795.35,380,780,0,0,92.286,16583.3333333333,8291.66666666667,0,0,0,0,0
780920545,18,1,6,15551.75,2591.95833333333,6040.35,454.65,1330,844,1425.14,0,744.55,3804.81,800,0,0,108.25,34155.5,5692.58333333333,0,70,1,0,0
318245032,18,2,6,5449.874,908.312333333333,575.89,303.1,450,1000,0,0,2044.584,476.3,600,0,0,0,15600,2600,0,0,0,0,0
834984589,18,1,2,8255.5,4127.75,2814.5,0,1900,951,100,0,0,400,1640,0,0,450,15993.3333333333,7996.66666666667,0,0,0,0,0
201913436,18,1,2,9524.71,4762.355,2559.03,0,0,6000,0,0,0,50,500,0,0,415.68,8000,4000,0,0,0,0,0
769241855,18,1,4,1268.58,317.145,649.5,329.08,0,290,0,0,0,0,0,0,0,0,26295.64,6573.91,0,0,0,0,1
597544724,18,1,2,20656.37726,10328.18863,5265.37526,0,0,9490,831.5042,500,631.9635,900,2524.84,0,0,512.6943,23651.3333333333,11825.6666666667,0,0,0,0,0
667488921,18,2,3,45583.2783,15194.4261,8648.7853,181.86,5500,7316,4483.22,1709.4,2998.53,1850,2270,3300,4040.756,3284.727,53158.6666666667,17719.5555555556,2468.1,4256,1,1,0
149817693,18,1,3,14511.001,4837.00033333333,6840.101,303.1,2500,500,713.2,0,1948.5,0,970,0,736.1,0,8933.33333333333,2977.77777777778,0,0,0,0,0
858781538,18,1,5,4828.11,965.622,1528.49,606.2,0,487.67,431,64.95,723.9,0,656,0,129.9,200,30275,6055,0,0,0,0,0
401434351,18,1,2,19422.035,9711.0175,1487.4416,0,6000,4495,129.9,700,1933.24,1133,2080,0,1125.8,337.6534,29500,14750,1125.8,0,0,1,0
342779745,18,2,2,5687.8,2843.9,2165,692.8,0,1430,0,0,0,800,600,0,0,0,19500,9750,0,0,0,0,0
915315200,18,1,6,16008.92,2668.15333333333,7884.93,1775.3,0,600,414.13,0,4628.77,0,0,0,606.2,99.59,15600,2600,0,0,0,0,0
103825897,18,1,1,9353.64,9353.64,3260.49,0,0,4725,0,0,0,580,550,0,238.15,0,12500,12500,0,0,0,0,0
772643624,18,1,5,42911.76726,8582.353452,16940.31096,1021.7934,0,1427.25,7920,5672.9029,3399.05,2418.5,2328,0,0,1783.96,57833.3333333333,11566.6666666667,0,433,1,0,0
739652667,18,2,2,17886.4726,8943.2363,5277.9236,817.4174,1500,2085,1499.556,2453,0,1050,660,1050,649.5,844.0756,19850,9925,0,0,0,0,0
420673737,18,1,7,6853.22,979.031428571429,3104.61,0,420,890,203.695,108.25,194.85,50,1050,0,0,831.815,9999.83333333333,1428.54761904762,0,0,0,0,0
595372342,18,2,2,11671.73,5835.865,2870.79,0,0,1350,0,160,4842.44,1160,639,0,649.5,0,26000,13000,0,0,0,0,0
581697611,18,1,4,7146.69,1786.6725,3022.34,0,800,880,627.85,0,216.5,900,700,0,0,0,29600,7400,0,0,0,0,0
960034359,18,3,7,21813.734,3116.24771428571,2364.18,0,1840,2395.54,3251.14,0,1839.384,2602.49,1026,0,6495,0,34776.6666666667,4968.09523809524,2901.1,0,0,1,0
305755782,18,2,4,19195.78,4798.945,3160.9,389.7,0,1420,0,0,3464,2183,1500,5500,1299,279.18,31333.3333333333,7833.33333333333,0,0,0,0,0
659298682,18,1,3,620.7,206.9,389.7,0,0,231,0,0,0,0,0,0,0,0,3900,1300,0,0,0,0,1
28872101,18,1,3,9510.91,3170.30333333333,3100.28,0,3630,865,47.63,700,128,250,590,0,0,200,9633.33333333333,3211.11111111111,0,0,0,0,0
654045446,18,1,2,45146.48,22573.24,26850.33,2078.4,4270,250,640,866,2019,1300,850,3100,822.7,2100.05,12783.3333333333,6391.66666666667,0,0,0,0,1
261372734,18,2,2,7325.57,3662.785,3935.97,0,0,1304,0,0,0,0,700,0,0,1385.6,34666.6666666667,17333.3333333333,0,0,0,0,1
58704832,18,1,3,22082.7118,7360.90393333333,11566.0362,0,1500,3030,1097.6117,0,1816.868,300,0,0,1853.24,918.9559,27000,9000,0,0,0,0,1
813022737,18,1,4,8470.57,2117.6425,3702.15,411.35,0,1000,129.9,0,866,1552.6,700,0,0,108.57,37916.6666666667,9479.16666666667,0,0,0,0,0
101851786,18,1,2,26706.405,13353.2025,4137.315,1212.4,3330,800,1785.29,1543.3,4500.1,1053,8085,260,0,0,25333.3333333333,12666.6666666667,0,0,0,0,0
777546002,18,1,1,12193.4221,12193.4221,5334.2136,595.375,0,1312.57,943.7235,2940.5,0,354.56,470,0,0,242.48,4700,4700,0,0,0,0,0
659635453,18,1,6,12826.9917,2137.83195,7284.0559,0,1220,914,381.8627,0,675.48,129.9,130,0,0,2091.6931,5000,833.333333333333,0,0,0,0,1
532702641,18,1,1,6103.67,6103.67,688.47,0,0,1310,173.2,200,0,1300,700,0,1732,0,15166.6666666667,15166.6666666667,1732,0,0,1,0
914425252,18,2,4,12643.73,3160.9325,2515.73,0,0,1200,0,0,6928,1200,800,0,0,0,35750,8937.5,0,0,0,0,0
915867870,18,2,5,14739.05,2947.81,4914.55,0,0,2680,0,0,4589.8,0,0,0,2554.7,0,40708.3333333333,8141.66666666667,1948.5,0,0,1,0
773454638,18,1,2,1928.8,964.4,866,692.8,0,370,0,0,0,0,0,0,0,0,7700,3850,0,0,0,0,0
488111789,18,2,6,23887.07,3981.17833333333,9103.825,545.58,1290,846.3,763.71,1941.98,5937.8,450,230,800,0,1977.875,10445,1740.83333333333,0,0,0,0,0
286169929,18,1,8,28573.969,3571.746125,17836.569,2706.25,0,2288.8,2701.61,0,0,1320,725,0,0,995.74,28500,3562.5,0,0,0,0,1
843894796,18,1,3,8115.416,2705.13866666667,3009.35,173.2,510,1395,410.11,0,606.2,649.5,1232.156,0,0,129.9,16000,5333.33333333333,0,0,0,0,0
648862415,18,1,1,7938.87,7938.87,1337.97,0,1200,4527,97.4,0,0,216.5,560,0,0,0,6000,6000,0,0,0,0,0
216169997,18,1,2,9368.1103,4684.05515,1450.8964,216.5,0,4555,0,965.2436,697.13,216.5,700,0,0,566.8403,9833.33333333333,4916.66666666667,0,0,0,0,0
156562491,18,3,2,35908.6478,17954.3239,4895.8444,1732.3464,4300,980,893.767,1030,7504,1427,4719,0,3031,5395.69,42200,21100,0,230,1,0,0
32796301,18,1,2,6355.87,3177.935,1472.2,173.2,600,1211,50,290.93,465,0,600,0,1463.54,30,15233.3333333333,7616.66666666667,904.97,0,0,1,0
