id,provincia,propauto,cantmiem,gastot,gastotpc,gc_01,gc_02,gc_03,gc_04,gc_05,gc_06,gc_07,gc_08,gc_09,gc_10,gc_11,gc_12,ingtoth,ingpch,tn_restaurant,tn_internet,cat_gastos_internet,cat_gastos_restaurant,cat_gastos_alimentos
944208229,54,2,2,36092.7726,18046.3863,4810.0671,0,9750,1499.49,2053,0,5725,2445,4323,56,866,4565.2155,47333.3333333333,23666.6666666667,1212.4,0,0,1,0
44377659,54,1,4,6153.956,1538.489,5108.101,0,0,823.905,86.6,0,70.4,0,0,0,0,64.95,5270,1317.5,0,0,0,0,1
190624465,54,1,1,5787.753,5787.753,3243.9494,0,0,720.17,71.878,412.704,216.5,175.25,630,0,84.6515,232.6501,15507.3333333333,15507.3333333333,0,0,0,0,1
295325285,54,1,2,10464.4391,5232.21955,4733.8591,0,500,4249.88,283.2,0,0,0,697.5,0,0,0,16770,8385,0,0,0,0,0
439925194,54,1,3,17338.208,5779.40266666667,4124.758,0,500,2050,1968.47,180,207.84,1171.98,2419,1460,2165,1091.16,36166.6666666667,12055.5555555556,2165,0,0,1,0
167041257,54,1,5,21306.3486,4261.26972,6257.6294,606.2,5120,2410,395.11,0,2833.938,850,620,0,1342.3,871.1712,7300,1460,0,0,0,0,0
876513382,54,1,1,9348.47,9348.47,1337.97,649.5,1700,3480,0,0,0,705,666.5,0,649.5,160,8086.38,8086.38,649.5,0,0,1,0
767343960,54,1,3,19251.82,6417.27333333333,1775.3,173.2,400,5600,4135.2,1556,450.32,2220,216.5,1800,736.1,189.2,21800,7266.66666666667,519.6,720,1,1,0
715088817,54,2,4,14743.711,3685.92775,4336.062,0,0,2020,226.459,129.9,4442.58,1400,0,0,1515.5,673.21,9950,2487.5,1515.5,0,0,1,0
266317611,54,1,2,6939.615,3469.8075,4068.035,0,0,822.08,0,0,95.26,1234.24,680,0,0,40,1766.66666666667,883.333333333333,0,0,0,0,1
88626490,54,1,2,8943.8306,4471.9153,3970.61,0,810,488.4,1536,641.2886,694.532,683,50,0,0,70,18807,9403.5,0,0,0,0,0
528741466,54,2,3,21150.1814,7050.06046666667,6585.93,1299,400,1375.71,2606.2,224,2619.76,1922,1520,0,2424.8,172.7814,49625.3333333333,16541.7777777778,1558.8,0,0,1,0
638973191,54,1,4,12712.945,3178.23625,5241.465,0,650,4989,125.57,0,930.95,433,120,0,0,222.96,27966.6666666667,6991.66666666667,0,0,0,0,0
386148482,54,1,6,8806.2168,1467.7028,5975.4,0,0,902,519.6,0,225.16,0,1054,120,0,10.0568,19120.8333333333,3186.80555555556,0,0,0,0,1
708927219,54,3,6,26246.756,4374.45933333333,10747.06,0,2900,1147.2,3110.4,0,3946.55,720,224,660,0,2791.546,12761,2126.83333333333,0,0,0,0,0
923093946,54,2,5,10873.71,2174.742,4308.35,0,480,3723.52,532.54,20,306,216.5,1250,0,0,36.8,13350,2670,0,216.5,1,0,0
516016619,54,1,2,7069.48,3534.74,3871.02,346.4,0,1000,0,0,866,433,460,0,0,93.06,9124,4562,0,0,0,0,1
901954011,54,1,3,21406.0546,7135.35153333334,2085.328,0,3000,956.6,780.01,4013.95,1662.72,563.065,4594.8416,12,597.54,3140,31042.6666666667,10347.5555555556,822.7,0,0,1,0
223305259,54,2,5,19139.916,3827.9832,4100.51,0,0,5338,24,2468.1,1732,433,2840,1156,562.9,485.406,27213.3333333333,5442.66666666667,0,739.086,1,0,0
135520646,54,1,5,8481.72,1696.344,3022.34,0,0,3805,0,0,1238.38,400,0,16,0,0,13116.6666666667,2623.33333333333,0,0,0,0,0
342640365,54,1,4,10635.24,2658.81,5815.19,541.25,0,2720,0,0,0,433,0,0,0,1125.8,13375,3343.75,0,433,1,0,1
522723632,54,3,4,76340.607,19085.15175,16404.205,303.1,2700,6900,19619.95,0,11283.5,1766.5,7095,1500,5827.55,2940.802,495333.333333333,123833.333333333,6668.2,216.5,1,1,0
708833001,54,1,4,20182.296,5045.574,2969.947,441.66,20,5200,1990.209,0,5196,1284,730,1730,346.4,274.08,23738.8333333333,5934.70833333333,346.4,0,0,1,0
512070601,54,1,3,5258.025,1752.675,1926.85,0,0,1290,0,0,1114.975,320,0,0,606.2,0,6416.66666666667,2138.88888888889,0,0,0,0,0
851187885,54,1,1,9626.6403,9626.6403,1878.4406,0,0,5535,0,0,90.93,700,400,0,1022.2697,0,9000,9000,454.65,0,0,1,0
304927916,54,1,4,16082.519,4020.62975,4067.4288,0,0,2730.21,1834.485,0,938.92,150,5466,280,0,615.4752,21735.3333333333,5433.83333333333,0,0,0,0,0
581640235,54,2,4,5961.638,1490.4095,2199.64,0,0,2870,0,120,0,0,620,0,0,151.998,19500,4875,0,0,0,0,0
438773495,54,1,11,24149.365,2195.39681818182,9095.165,77.94,2765,1340,910.32,51.96,713.88,2177,5416,0,952.6,649.5,11433.3333333333,1039.39393939394,0,0,0,0,0
924093417,54,1,3,8405.7281,2801.90936666667,6453.3887,0,35,526.9,222.5482,0,1069.5,0,0,0,0,98.3912,13737,4579,0,0,0,0,1
340299029,54,2,4,30373.56,7593.39,7235.43,1039.2,0,3330,4870,790,8383,933,3200,80,0,512.93,33483.3333333333,8370.83333333333,0,0,0,0,0
273619162,54,2,3,12492.93,4164.31,2329.54,0,3100,1750,900.64,264.8,2533.05,1200,0,0,0,414.9,43916.6666666667,14638.8888888889,0,0,0,0,0
160335206,54,1,1,15621.12,15621.12,5152.7,0,2180,1930,1553.84,1731.95,1117.78,1500,260,0,194.85,0,21670,21670,0,0,0,0,0
537335639,54,1,8,27194.77,3399.34625,12946.7,0,0,320,3173.2,2221.29,5490.44,433,1034.64,60,1515.5,0,36850,4606.25,844.35,0,0,1,0
628759426,54,1,2,3803.04,1901.52,1203.74,0,200,740,0,0,0,216.5,750,0,692.8,0,5083.33333333333,2541.66666666667,0,0,0,0,0
947087250,54,2,2,5277.2692,2638.6346,2432.161,303.533,0,1052,304,0,0,0,715,0,0,470.5752,25008.3333333333,12504.1666666667,0,0,0,0,0
507698278,54,1,4,14058.1392,3514.5348,6430.05,0,5300,1202,0,0,346.4,0,700,34.4,0,45.2892,6250,1562.5,0,0,0,0,0
71147689,54,1,4,9101.125,2275.28125,2931.41,433,378,2115.685,0,0,861.67,0,350,0,0,2031.36,15000,3750,0,0,0,0,0
595444720,54,1,7,4630.566,661.509428571429,528.26,129.9,325,230,0,0,2420.876,475,475,0,0,46.53,9250,1321.42857142857,0,0,0,0,0
11673056,54,2,3,11068.233,3689.411,3042.9075,0,0,1260.14,1368.7967,912,480,1731.5,800,1150,0,322.8888,21904.6666666667,7301.55555555556,0,132.4554,1,0,0
759020562,54,2,6,38966.5018,6494.41696666666,8014.83,1472.2,2380,2479.92,75,1125.8,19520.37,700,1830.78,56,1247.04,64.5618,25814.1666666667,4302.36111111111,0,0,0,0,0
654812834,54,1,1,5340.2825,5340.2825,2884.8625,0,0,757,232,0,0,0,713,0,0,753.42,10833.3333333333,10833.3333333333,0,0,0,0,1
673933335,54,2,4,30589.674,7647.4185,822.7,1299,5350,840,724,1042,11803.964,833,2825.4,0,4633.1,416.51,68120,17030,0,0,0,0,0
792808709,54,1,5,4492.4934,898.49868,3615.4634,0,0,0,584.55,0,0,0,0,50,0,242.48,4300,860,0,0,0,0,1
743861199,54,1,2,36858.8641,18429.43205,9254.5956,0,0,1680,5253.102,2800,2035.1,3444.5,8732.5,0,2422.4185,1236.648,38365,19182.5,1190.75,0,0,1,0
244609907,54,2,1,16041.15,16041.15,4654.75,216.5,2000,856,713.7,0,1840,433,910,0,2511.4,1905.8,4100,4100,2208.3,0,0,1,0
679191941,54,2,1,5510.16785,5510.16785,961.26,1363.95,710,331.97165,1062.8,0,662,0,0,0,0,418.1862,5105,5105,0,0,0,0,0
299476431,54,1,1,27379.6394,27379.6394,5397.1285,259.8,2510,4417,1678.865,621.6439,2787,1062,3024,3200,1342.3,1079.902,23943.3333333333,23943.3333333333,1515.5,0,0,1,0
612170496,54,1,1,6764.13,6764.13,606.2,0,500,535,0,0,1169.1,400,0,0,3507.3,46.53,24291.3333333333,24291.3333333333,1169.1,0,0,1,0
1249990,54,1,4,17430.8995,4357.724875,10968.6694,0,850,992.08,1312.2501,303.1,259.8,745.5,350,1000,649.5,0,20850,5212.5,822.7,0,0,1,1
982091572,54,1,2,14631.745,7315.8725,5360.54,2468.1,1340,2850,943.31,0,80,1000,400,0,0,189.795,18183.3333333333,9091.66666666667,0,0,0,0,0
354675767,54,1,2,6315.7164,3157.8582,2975.0997,541.25,210,1202.41,150,0,128,640,200,0,0,268.9567,7400,3700,0,0,0,0,0
945764229,54,2,3,46637.29918,15545.7663933333,14561.2271,4200.533,7300,3863.21,3160.581,0,6298.1,1307.61,1336,0,1883.55,2726.48808,70772.5,23590.8333333333,0,0,0,0,0
643689900,54,3,4,30113.01,7528.2525,1537.15,346.4,3094,3532.47,1083.2,250,14766,694,1637.01,1014,1082.5,1076.28,23943.3333333333,5985.83333333333,1905.2,0,0,1,0
224022382,54,2,4,30496.8118,7624.20295,3728.13,0,750,1337,2200,0,18302.72,1647.9,460,0,779.4,1291.6618,25862.1666666667,6465.54166666667,0,0,0,0,0
692524792,54,1,5,12193.059,2438.6118,4005.25,268.46,0,3532,0,0,4096.18,186.19,60,0,0,44.979,6930.5,1386.1,0,0,0,0,0
656025252,54,3,4,46506.3843,11626.596075,9557.0461,0,14300,2350,3666.1072,0,5879,3030,1000,2196,0,4528.231,53912.3333333333,13478.0833333333,0,682.44,1,0,0
792172886,54,2,3,11313.779,3771.25966666667,2732.23,0,1500,1120,0,0,4058,500,1250,0,0,153.549,33003.3333333333,11001.1111111111,0,0,0,0,0
982111806,54,2,2,20316.0982,10158.0491,3871.4097,1237.947,1357,1553,1290.34,0,4842,1085,785,1400,1299,1595.4015,37916.6666666667,18958.3333333333,0,0,0,0,0
681226295,54,1,3,8419.18,2806.39333333333,4957.85,0,0,699,0,0,454.65,1527,742,0,0,38.68,15548.1666666667,5182.72222222222,0,0,0,0,1
983493172,54,1,1,4961.9172,4961.9172,1000.23,0,0,594.78,5.6,0,3041,0,200,0,0,120.3072,13551.1666666667,13551.1666666667,0,0,0,0,0
990479409,54,1,4,2403.55,600.8875,623.52,0,0,728.37,0,0,44.8,800,68.3,0,0,138.56,11533.3333333333,2883.33333333333,0,0,0,0,0
57026153,54,2,3,18516.7947,6172.2649,6503.4435,259.8,1110,1317.14,240,363.1,5821,649.5,1090,0,0,1162.8112,28338,9446,0,649.5,1,0,0
324606005,54,1,3,15985.212,5328.404,7391.31,0,2200,1010,590,0,446.372,1428,2483,24,0,412.53,9600,3200,0,0,0,0,0
314506709,54,3,5,18940.238,3788.0476,2654.29,909.3,0,5658,2646,0,1563.128,0,2020,0,519.6,2969.92,38000,7600,0,0,0,0,0
819667643,54,1,4,6286.32,1571.58,1918.19,0,650,1438,0,0,900.64,716.5,476.8,0,0,186.19,23856.8333333333,5964.20833333333,0,0,0,0,0
373792138,54,1,1,7515.9398,7515.9398,4690.0828,0,0,489.49,1996.687,0,0,339.68,0,0,0,0,11338.3833333333,11338.3833333333,0,0,0,0,1
347236510,54,1,4,11675.9373,2918.984325,2316.8531,139.2095,1200,1261,1116.6125,3360.08,1082.5,0,490,500,0,209.6822,14227,3556.75,0,0,0,0,0
100059654,54,1,4,6902.54,1725.635,4039.89,0,335,1045,120,0,0,649.5,475,0,0,238.15,21365.5,5341.375,0,0,0,0,1
692132547,54,1,4,14282.212,3570.553,3502.537,1558.8,0,1875,58.455,0,4330,0,1885.76,630,0,441.66,17015,4253.75,0,0,0,0,0
370653552,54,1,3,30796.945504,10265.6485013333,2481.09,0,2500,841.14,1873,16790.9251,1795.9,0,1052,0,281.45,3181.440404,26380.6666666667,8793.55555555555,0,0,0,0,0
176386304,54,1,1,8580.2806,8580.2806,1891.4306,0,0,1290,0,1200,1493.85,1495,1210,0,0,0,8500,8500,0,0,0,0,0
414338703,54,1,6,17798.08,2966.34666666667,4715.37,0,2510,5950.51,0,48,2468.1,480,890,0,519.6,216.5,24378.3333333333,4063.05555555556,0,0,0,0,0
514958543,54,2,3,8731.545,2910.515,6107.465,0,0,750,0,0,0,800,650,0,0,424.08,16600,5533.33333333333,0,0,0,0,1
121861652,54,2,3,15959.7418,5319.91393333333,2688.93,0,2500,1270,970,108.25,6495,433,1170,0,0,324.5618,19266.6666666667,6422.22222222222,0,0,0,0,0
715501574,54,1,1,10784.044908,10784.044908,2358.551,0,850,942.41,965.4058,1240,1169.1,1150,1630,0,0,478.578108,6066.66666666667,6066.66666666667,0,0,0,0,0
668075366,54,1,3,8367.988,2789.32933333333,2727.9,0,330,562,318.8,0,553,700,2654.448,0,259.8,262.04,25253.5033333333,8417.83444444444,0,0,0,0,0
337573334,54,1,1,8777.9298,8777.9298,4939.0578,0,0,1658.91,944.66,0,0,433,580,0,0,222.302,6325,6325,0,433,1,0,1
222625742,54,1,2,25639.9182,12819.9591,5583.7082,0,0,1316.36,11800,2260,1277.35,1811.25,791.25,0,0,800,24698.8333333333,12349.4166666667,0,0,0,0,0
401010076,54,2,3,18630.3741,6210.1247,4267.1717,476.3,1020,2091.47,1601.2536,264,1732,1525.64,3759.99,0,0,1892.5488,53064.22,17688.0733333333,0,0,0,0,0
327111284,54,1,3,24982.5846,8327.5282,4193.8215,0,2138,1464,1700.26,199.18,3137.37,497,1878.01,4200,0,5574.9431,13041.8866666667,4347.29555555556,0,890,1,0,0
589161776,54,2,4,35894.0339,8973.508475,3905.4435,0,3520,8921.29,821,3931.8998,70.4,2710,1587.5,1620,5645.9,3160.6006,44317.6433333333,11079.4108333333,0,320,1,0,0
460486679,54,1,4,17046.8904,4261.7226,6749.9937,476.3,460,295,735.62,411.35,493.32,216.5,5949.15,4,1125.8,129.8567,16539.6666666667,4134.91666666667,1039.2,216.5,1,1,0
714992068,54,1,6,13010.116,2168.35266666667,4113.5,0,0,1994.6,222.8,0,0,300,4030,56,1732,561.216,19166.6666666667,3194.44444444444,0,345.216,1,0,0
313052929,54,1,2,22168.0686,11084.0343,4293.7146,0,0,7297,2952.1344,0,1319.6,2505.1456,1655.8,0,2013.45,131.224,6710.5,3355.25,2013.45,0,0,1,0
630588407,54,1,2,13008.3439,6504.17195,2382.6691,0,0,5337,0,800,1236.42,554.65,492.69,0,1732,472.9148,13750,6875,1732,607.8888,1,1,0
766020040,54,1,2,53159.3382,26579.6691,9855.08,0,460,6681,7394.057,20,23031.32,701.15,619.6,0,3507.3,889.8312,28319,14159.5,3074.3,0,0,1,0
823359526,54,1,1,4584.12,4584.12,3199.87,0,0,700,108.25,0,0,0,576,0,0,0,4416.66666666667,4416.66666666667,0,0,0,0,1
534606734,54,1,7,14749.3,2107.04285714286,7144.5,606.2,1865,720,1263.6,0,56,264,2600,0,0,230,12593.4333333333,1799.0619047619,0,0,0,0,0
344512257,54,1,3,18207.0618,6069.0206,1809.94,0,2420,2315,112.8,1395.9,1350.96,750,3962,2340,692.8,1057.6618,22883.3333333333,7627.77777777778,0,0,0,0,0
819534859,54,2,3,53864.32,17954.7733333333,6408.4,0,4970,2235,1154.8,600,36310,450,400,0,562.9,773.22,100536,33512,0,0,0,0,0
47615461,54,2,1,5777.1406,5777.1406,2369.376,335.7915,600,520.75,0,1424.6566,53.76,0,0,0,346.4,126.4065,6833.33333333333,6833.33333333333,0,0,0,0,0
808215378,54,1,1,2260.438,2260.438,69.28,0,0,1800,50,0,102.188,0,238.97,0,0,0,2900,2900,0,0,0,0,0
691273119,54,2,6,15867.618,2644.603,5598.69,0,2250,1400,0,1943.8,1251.37,1882,508.25,0,866,167.508,29466,4911,0,433,1,0,0
317027513,54,1,1,4148.46,4148.46,2740.89,0,0,849,168.87,0,0,216.5,0,0,0,173.2,1266.66666666667,1266.66666666667,0,216.5,1,0,1
866775415,54,1,2,8052.615,4026.3075,2992.03,0,0,2970,303.1,0,1263.255,0,0,0,0,524.23,6264.86,3132.43,0,0,0,0,0
816682432,54,2,5,20251.6118,4050.32236,6733.15,259.8,4800,1303,782,0,480,671.15,1500,0,2792.85,929.6618,31000,6200,801.05,0,0,1,0
289395395,54,2,4,45374.06,11343.515,2411.81,0,2470,1783.5,1767.348,3882,25364,1430,3048,0,1407.25,1810.152,43759.3333333333,10939.8333333333,1407.25,0,0,1,0
118293348,54,2,4,19127.9562,4781.98905,7198.0621,0,0,1407.96,995.9,0,4588.88,1049.5,2060,48,368.05,1411.6041,12316.6666666667,3079.16666666667,662.49,649.5,1,1,0
989577426,54,1,5,21913.7,4382.74,13284.44,0,750,1870,242.48,1107.02,969.92,259.8,2299.5,0,866,264.54,22369.82,4473.964,0,0,0,0,1
250213863,54,1,8,11549.098,1443.63725,5027.13,0,1650,780,850.85,142.89,2648.228,0,450,0,0,0,26253,3281.625,0,0,0,0,0
210077522,54,2,5,33978.1021,6795.62042,11977.9491,663.789,3868,1373.71,3312.1238,1900,4492.2,1969.5,1190,0,1212.4,2018.4302,36513,7302.6,476.3,216.5,1,1,0
124295418,54,2,3,17743.81,5914.60333333333,3983.6,0,1600,2600,0,0,3360.08,2200,2251.852,0,1472.2,276.078,31583.3333333333,10527.7777777778,0,0,0,0,0
293914142,54,1,1,4041.126,4041.126,1944.17,0,0,1080,152.416,0,0,0,700,0,0,164.54,7200,7200,0,0,0,0,0
729970412,54,2,4,30631.1407,7657.785175,7895.9715,227.1085,1640,8087.24,296.0145,3640.15,320,573.53,500,0,0,7451.1262,57739,14434.75,0,0,0,0,0
84873738,54,2,4,10568.452,2642.113,3225.85,0,1910,2460,0,0,2720.972,0,50,0,0,201.63,16066.6666666667,4016.66666666667,0,0,0,0,0
820206326,54,2,4,71185.5255299999,17796.3813825,2004.79,0,7246,3064,3709.8,14428.4,21616.2,4102,9521.92,0,3031,2461.41553,47553.3333333333,11888.3333333333,0,0,0,0,0
75073603,54,2,4,26983.9056,6745.9764,5027.4331,1909.53,4650,1305.85,707.25,0,6996,1829.65,1170,460,0,2928.1925,96444.6666666667,24111.1666666667,0,0,0,0,0
927294587,54,1,3,11798.595,3932.865,7176.975,324.75,0,1480,308.25,0,866,0,650,16,0,976.62,9862.30666666667,3287.43555555556,0,0,0,0,1
193860342,54,1,1,14859.8634,14859.8634,4756.0287,0,1700,4780,742.562,0,346.4,600,500,0,649.5,785.3727,6000,6000,844.35,0,0,1,0
544127323,54,2,2,7714.6288,3857.3144,2636.97,0,0,1350,0,0,2583.4,600,360,0,0,184.2588,18000,9000,0,0,0,0,0
458183115,54,2,3,48793.628,16264.5426666667,6931.6805,411.35,12200,2000,901,1000,200,1070,20765,450,2035.1,829.4975,52250,17416.6666666667,2035.1,0,0,1,0
744844540,54,1,4,7384.41,1846.1025,3191.21,0,600,790,0,0,1255.7,866,0,32,649.5,0,8466.66666666667,2116.66666666667,0,0,0,0,0
185840607,54,2,2,16815.0226,8407.5113,3230.613,0,0,1513.05,692.22,1706.9726,4307.21,1860,1365,0,1687.065,452.892,40485.4333333333,20242.7166666667,1645.4,0,0,1,0
695893322,54,2,3,28805.9556,9601.9852,16551.5116,2771.2,1600,723.5,640.84,0,2424.8,1392,411,400,1515.5,375.604,33993.6666666667,11331.2222222222,0,0,0,0,1
847458655,54,2,2,19377.43,9688.715,2091.39,0,750,1140,346.4,0,6565.5,2400,1400,0,4156.8,527.34,58900,29450,2338.2,0,0,1,0
664312008,54,2,3,40723.2968,13574.4322666667,6551.1168,1039.2,4400,1370.42,700,1078.17,17320,3363,936,1600,1732,633.39,43948.3333333333,14649.4444444444,411.35,0,0,1,0
817318459,54,1,3,32660.02732,10886.6757733333,11599.48112,0,7690,2730.95,2366.4662,0,1104.583,1474,2440,1000,606.2,1648.347,17446.7633333333,5815.58777777778,519.6,0,0,1,0
668759202,54,1,2,2142.614,1071.307,411.35,0,0,602,0,0,566.364,562.9,0,0,0,0,10525,5262.5,0,0,0,0,0
577357888,54,2,7,136435.819,19490.8312857143,10285.049,584.55,27700,9312,11518.73,10472.21,17500.3,2810.41,36889.9,2200,1623.75,5538.92,73007.66,10429.6657142857,1796.95,0,0,1,0
79384200,54,1,4,15369.2141,3842.303525,766.2801,1082.5,4497,3410,1728,482.85,1099.82,1693.5,510,0,0,99.264,11830,2957.5,0,649.5,1,0,0
472132147,54,2,5,27347.2676,5469.45352,4877.2254,389.7,3762,7118.4,3433.1306,433,2805,440,1424,64,0,2600.8116,25054.3333333333,5010.86666666667,0,0,0,0,0
980261412,54,1,6,11375.9413,1895.99021666667,4726.1517,259.8,250,991.6,2127.84,43.3,2923.34,0,0,8,0,45.9096,10835,1805.83333333333,0,0,0,0,0
608044970,54,2,6,29776.418,4962.73633333333,7001.61,407.02,0,2606.82,216.5,0,17578.156,490,840,0,389.7,246.612,33720,5620,0,0,0,0,0
77631132,54,1,1,3862.93,3862.93,1831.59,606.2,0,572.7,498.54,0,353.9,0,0,0,0,0,3333.33333333333,3333.33333333333,0,0,0,0,0
894652642,54,1,9,14178.628,1575.40311111111,3013.68,0,740,1483.81,0,0,5639.936,714.37,720,120,0,1746.832,34995.63,3888.40333333333,0,0,0,0,0
490369279,54,1,3,25830.7354,8610.24513333334,10735.7154,0,2180,1840,1279.92,1844.58,1108.48,740.43,3296,1000,0,1805.61,11517.5,3839.16666666667,0,0,0,0,0
720217951,54,2,2,21310.39,10655.195,10599.84,649.5,0,1432,3912.67,0,1419,692.8,720,0,0,1884.58,10558.3333333333,5279.16666666667,0,0,0,0,0
221950119,54,1,1,12489.6198,12489.6198,3880.8924,0,0,3171.2,497.95,3926.3574,0,649.5,0,0,0,363.72,7200,7200,0,649.5,1,0,0
198196297,54,2,4,43338.4806,10834.62015,7249.286,0,5150.5,3230,6147.774,1200,15182,1000,1920,960,649.5,649.4206,34835.22,8708.805,1818.6,5736,1,1,0
530172483,54,1,3,10577.375,3525.79166666667,3171.725,0,720,3546.74,763.95,0,1778.96,500,72,0,0,24,4993.33333333333,1664.44444444444,0,0,0,0,0
943566781,54,2,2,27741.72,13870.86,16272.14,1732,4374,1912.5,812.25,670,625.6,270,450,0,0,623.23,27000,13500,0,0,0,0,1
350527789,54,2,1,10964.735286,10964.735286,1742.825,0,2900,646,340,1500,1344,733,1407.75,0,0,351.160286,20926.6666666667,20926.6666666667,0,433,1,0,0
938054646,54,1,4,17142.53,4285.6325,5555.39,194.85,2960,1770,664,2683.95,0,1890,900,0,0,524.34,19706.6666666667,4926.66666666667,0,1440,1,0,0
736886788,54,2,3,16585.6523,5528.55076666667,7044.7801,220.3104,0,792,50,736.1,476.3,1516.09,2795.51,2930,0,24.5618,19358.6666666667,6452.88888888889,0,0,0,0,0
838511977,54,1,5,7952.644,1590.5288,4096.18,129.9,0,389,43.3,0,2913.224,324.75,0,0,0,56.29,8526.66666666667,1705.33333333333,0,108.25,1,0,1
873130531,54,1,13,2800.6819,215.437069230769,1699.092,0,0,400,0,246.9399,0,454.65,0,0,0,0,10700.9766666667,823.152051282051,0,454.65,1,0,1
951853074,54,1,4,37639.87,9409.9675,12518.03,246.81,4430,3422,3930.65,1352,5976.1,685,1839,300,519.6,2420.68,22700,5675,519.6,0,0,1,0
116685401,54,1,6,15686.6284,2614.43806666667,10045.7299,0,1000,589.025,1441.3375,272.79,978.58,389.7,0,16,0,953.466,22200,3700,0,0,0,0,1
437095247,54,1,2,3796.2,1898.1,1905.2,0,0,819,72,0,0,0,850,0,0,150,7333.33333333333,3666.66666666667,0,0,0,0,1
453548713,54,1,1,1859.51,1859.51,831.36,0,500,250,40,0,0,238.15,0,0,0,0,125,125,0,0,0,0,0
515179371,54,2,2,26497.2505,13248.62525,9804.1592,0,2547,5292.04,3996.4215,1558.7973,384,748.41,1276,0,0,890.4225,14246.6666666667,7123.33333333333,0,0,0,0,0
637878990,54,1,5,17332.928,3466.5856,9351.068,0,1398,496.15,2442.21,1071.73,1141.75,320,728,36.8,0,347.22,8196,1639.2,0,0,0,0,1
298812908,54,1,1,10432.08,10432.08,1225.39,0,1700,4750,0,0,94.69,722,45,972,389.7,533.3,6834.66666666667,6834.66666666667,0,0,0,0,0
213763265,54,1,5,21051.0677,4210.21354,13909.2157,216.5,0,651.13,3814.73,0,441.66,820,346,0,0,851.832,19400,3880,0,0,0,0,1
884584236,54,2,2,4462.975,2231.4875,736.1,0,0,507,35,0,2100.05,322,740,0,0,22.825,10150,5075,0,0,0,0,0
450522453,54,1,1,13011.7251,13011.7251,2500.4451,0,4554,1799,2966.28,0,592,390,210,0,0,0,5758.33333333333,5758.33333333333,0,0,0,0,0
41814729,54,1,1,6202.855,6202.855,3002.855,0,250,2950,0,0,0,0,0,0,0,0,9983.33333333333,9983.33333333333,0,0,0,0,0
245042463,54,1,4,15960.57305,3990.1432625,2572.02,0,5030,1078.55,2448.7087,0,216.5,2220,2308,0,0,86.79435,28978,7244.5,0,0,0,0,0
998340746,54,1,1,5382.195,5382.195,1781.795,0,1750,1405.54,0,0,309.86,135,0,0,0,0,3833.33333333333,3833.33333333333,0,0,0,0,0
894780925,54,1,2,5259.2072,2629.6036,3047.1942,0,0,800,212.17,0,872.928,0,0,0,0,326.915,6348.33333333333,3174.16666666667,0,0,0,0,1
698994747,54,1,6,7493.552,1248.92533333333,2641.3,0,1550,1020,8,0,408.752,216.5,333,0,866,450,18636,3106,866,0,0,1,0
407894636,54,2,6,12018.165,2003.0275,8220.505,0,0,808,95.26,476.3,0,433,630,0,0,1355.1,19273.63,3212.27166666667,0,0,0,0,1
466901760,54,2,3,12192.452,4064.15066666667,5703.909,214.335,1310,1715,733.7185,762.08,866,433,0,0,0,454.4095,10326.3333333333,3442.11111111111,0,433,1,0,0
666653647,54,3,4,25428.3648,6357.0912,7480.2049,140.725,1145,1013.67,2732.8,3976.6477,2149.92,1000,1154,240,3387.792,1007.6052,46089.8333333333,11522.4583333333,3455.34,0,0,1,0
994600864,54,2,2,13463.9166,6731.9583,2789.6891,0,2380,1196.46,1408,0,200,676.74,3432.8,0,692.8,687.4275,10587.1666666667,5293.58333333333,0,0,0,0,0
644945737,54,1,4,16401.9655,4100.491375,7174.81,0,3770,443.54,1728.3105,1012.7,0,225.16,895,92,519.6,540.845,6200,1550,519.6,225.16,1,1,0
389378465,54,1,3,15605.63,5201.87666666667,714.45,0,0,7938,1596.8,560,995.9,713.18,1334.6,0,1688.7,64,39633.3333333333,13211.1111111111,844.35,608,1,1,0
586553009,54,1,2,4215.95,2107.975,3095.95,0,0,920,0,0,0,200,0,0,0,0,13000,6500,0,0,0,0,1
767711947,54,2,5,49697.8616,9939.57232,15148.938,0,7900,2040,1069.51,40,13377.65,2135.4,4294.85,1364,64.95,2262.5636,68204.1666666667,13640.8333333333,0,0,0,0,0
282605256,54,2,1,5824.835,5824.835,2024.275,0,0,1400,497.95,0,1332,0,400,0,0,170.61,7000,7000,0,0,0,0,0
477825989,54,1,3,31309.5725,10436.5241666667,7067.5126,0,2591,2344,1700.5838,2286.89,4033.975,1934.13,4667.29,520,2727.9,1436.2911,12397,4132.33333333333,3810.4,0,0,1,0
387344865,54,2,2,28444.9373,14222.46865,7528.3978,1182.09,0,1878.13,3844.7095,0,9930,1896,1315,0,0,870.61,41441.3333333333,20720.6666666667,0,866,1,0,0
77468617,54,1,4,18276.049,4569.01225,9505.649,0,0,1274.8,1216,997,4330,0,0,0,952.6,0,33196.9933333333,8299.24833333333,0,0,0,0,1
576671406,54,1,4,4063.56,1015.89,2697.59,0,500,270,194.85,0,277.12,0,116,8,0,0,16513.6666666667,4128.41666666667,0,0,0,0,1
301711663,54,1,3,19102.1543,6367.38476666667,5400.1595,0,0,2107.8,3600,1500,2430,881.08,860,0,2278.446,44.6688,34433.6666666667,11477.8888888889,0,0,0,0,0
396519728,54,2,6,43143.6728,7190.61213333333,9852.915,545.58,3630,2343,3227.22,943.94,10810.374,4433,2321,250,2901.1,1885.5438,28411,4735.16666666667,0,0,0,0,0
293776449,54,2,4,32934.2732,8233.5683,11894.51,0,1200,6006,4958,0,4890.58,1556,700,350,86.6,1292.5832,29528.3333333333,7382.08333333333,649.5,0,0,1,0
202544818,54,2,4,12145.4584,3036.3646,5425.49,389.7,2300,1150,134.23,510.94,1705.54,120,350,0,0,59.5584,3450,862.5,0,0,0,0,0
676179691,54,1,1,6939.1078,6939.1078,4648.9478,129.9,120,638,493.1,0,0,0,0,0,368.05,541.11,3747,3747,0,0,0,0,1
67644074,54,2,3,24867.464,8289.15466666667,2426.965,0,0,5090,3380,0,7732.1,500,900,1200,2104.38,1534.019,37260.1,12420.0333333333,346.4,207.834,1,1,0
946213205,54,2,3,7204.64,2401.54666666667,1394.26,0,300,1950,0,0,935.28,1290,80,1100,0,155.1,28708.3333333333,9569.44444444444,0,0,0,0,0
600594822,54,1,1,9992.43,9992.43,913.63,0,2650,1104,312.4,0,303.1,2120,520,0,1428.9,640.4,14472,14472,952.6,0,0,1,0
564178918,54,1,2,19140.93,9570.465,8105.76,433,3200,5295.72,361.45,180,0,692,873,0,0,0,31000,15500,0,0,0,0,0
486282,54,1,5,7229.396,1445.8792,3793.08,129.9,0,372.63,164.95,0,420.876,576,1600,120,0,51.96,12620.1,2524.02,0,0,0,0,1
221903579,54,1,1,10697.27,10697.27,3160.9,562.9,0,2900,1728,522.05,450.32,590,330,0,303.1,150,10166.6666666667,10166.6666666667,0,0,0,0,0
466187895,54,1,2,8904.74,4452.37,5338.89,757.75,880,1105.3,173.3,562.9,0,0,0,0,0,86.6,6270,3135,0,0,0,0,1
446155617,54,1,2,3243.48,1621.74,1541.48,0,0,1702,0,0,0,0,0,0,0,0,14165.6666666667,7082.83333333333,0,0,0,0,0
345684265,54,1,1,8372.7455,8372.7455,3573.7655,0,0,414.23,0,2922.75,0,392,770,300,0,0,11716.6666666667,11716.6666666667,0,0,0,0,0
421759485,54,1,2,8833.17,4416.585,5897.46,0,0,636,192,0,454.65,0,1560,0,0,93.06,8150,4075,0,0,0,0,1
178878906,54,2,4,39778.7854,9944.69635,5767.993,0,0,2942,4536.4,6000,7671,1070,3680,7220,497.95,393.4424,90667.6433333333,22666.9108333333,0,0,0,0,0
978935298,54,2,4,24074.848,6018.712,7640.718,1108.48,2610,866,130,5501.9,2745,1212,865,632,606.2,157.55,14033.3333333333,3508.33333333333,0,0,0,0,0
111700209,54,1,4,5297.354,1324.3385,2251.6,0,890,390,0,0,925.754,340,500,0,0,0,10770,2692.5,0,0,0,0,0
8020516,54,1,1,1665.304368,1665.304368,64.95,0,238,627.03,16,0,83.2,0,625,0,0,11.124368,4200,4200,0,0,0,0,0
87163635,54,2,5,55864.0372,11172.80744,13769.2268,2358.7242,980,5553.68,3441.0487,12880.98,7430.36,3166.67,2915,0,1125.8,2242.5475,113748.333333333,22749.6666666667,1125.8,0,0,1,0
789808967,54,2,3,33588.52,11196.1733333333,8660,0,500,2359,1593.05,150,18798.28,816.5,400,0,0,311.69,31808.3333333333,10602.7777777778,0,216.5,1,0,0
555476502,54,1,1,238.15,238.15,238.15,0,0,0,0,0,0,0,0,0,0,0,1700,1700,0,0,0,0,1
131375407,54,2,5,24960.1391,4992.02782,10494.1014,0,1556,2166.83,4438.358,0,4236,1342.3,0,250,0,476.5497,38954.1666666667,7790.83333333333,0,0,0,0,0
137997513,54,2,3,12591.448,4197.14933333333,1996.13,1558.8,620,950,445.14,0,2046.358,1849.5,500,710,779.4,1136.12,27534.33,9178.11,0,0,0,0,0
840865849,54,2,3,16789.2971,5596.43236666667,6053.2101,0,0,926.35,1034.81,1323.92,4540.98,0,1871.3,440,0,598.727,19093.05,6364.35,0,0,0,0,0
363857208,54,1,4,8732.715,2183.17875,4063.705,866,480,1320,155.88,773.2,523.93,0,450,0,0,100,8666.66666666667,2166.66666666667,0,0,0,0,0
782570544,54,1,4,23876.25,5969.0625,6386.75,0,0,3280,0,649.5,7794,2166,900,2700,0,0,23633.3333333333,5908.33333333333,0,0,0,0,0
605099409,54,1,3,23379.702,7793.234,3966.28,1299,600,5332,5521,0,1175.162,1362,774.9,0,692.8,2656.56,57067.9966666667,19022.6655555556,0,0,0,0,0
196264125,54,2,3,31933.9001,10644.6333666667,8572.8804,1052.19,6650,1556.76,1242.6667,0,5172,0,4760,0,416,2511.403,36398.3333333333,12132.7777777778,0,0,0,0,0
630239597,54,1,4,7343.467,1835.86675,3691.325,0,550,268,77.94,346.4,841.752,216.5,1200,0,0,151.55,8173.5,2043.375,0,0,0,0,1
15941266,54,2,2,14503.2415,7251.62075,4007.6315,0,0,2365.09,2400,0,3291.16,500,1281,0,0,658.36,16293.3333333333,8146.66666666667,0,0,0,0,0
511605869,54,1,5,6056.48,1211.296,1866.23,0,650,200,436.92,303.1,866,800,600,0,0,334.23,7679.95,1535.99,0,0,0,0,0
493685313,54,1,1,9092.75,9092.75,2251.6,0,0,1480,4854,219,0,238.15,0,0,0,50,11600,11600,0,447.15,1,0,0
456191024,54,2,4,46649.03,11662.2575,11738.63,0,0,2220,1970.15,0,6459.9,2732.5,2500,15950,1493.85,1584,13731.64,3432.91,0,0,0,0,0
921840829,54,1,4,7807.5168,1951.8792,3117.6,0,600,1300,839.44,0,138.56,0,820,800,0,191.9168,11433.3333333333,2858.33333333333,0,0,0,0,0
818016682,54,1,4,27184.4875,6796.121875,12002.76,0,1080,7456.92,1921.9425,2983.37,0,1100,0,0,0,639.495,9474.66666666667,2368.66666666667,0,0,0,0,0
13560687,54,1,2,12233.2068,6116.6034,4557.1518,0,850,1290.67,1611.2,1696.56,541.25,191.77,802.33,0,0,692.275,16691.5,8345.75,0,0,0,0,0
637725661,54,2,2,17295.0477,8647.52385,5709.6246,1066.046,0,4118.43,704.045,224,150,235.5,1028,0,2436.7941,1622.608,23583.3333333333,11791.6666666667,0,0,0,0,0
236980938,54,2,2,7464.0522,3732.0261,3458.6308,0,0,445.16,1057.956,0,1792,220,0,0,0,490.3054,21322.5,10661.25,0,0,0,0,0
223540286,54,1,2,12185.8404,6092.9202,3428.8404,0,0,4293,0,0,2991.8,0,0,0,1472.2,0,9100,4550,0,0,0,0,0
431993406,54,1,4,9041.1,2260.275,2333.87,2121.7,0,1309.65,508,0,1125.8,864,540,0,0,238.08,53987.5,13496.875,0,0,0,0,0
609544935,54,2,2,26744.8569,13372.42845,3345.791,497.95,500,3701.25,821.06,0,14202.54,1254.65,1854,0,0,567.6159,42906.6666666667,21453.3333333333,0,0,0,0,0
63173376,54,2,2,12514.328738,6257.164369,7497.4816,482.1455,0,1058.42,1027.4471,389.7,0,455,1415,0,0,189.134538,28133.3333333333,14066.6666666667,0,0,0,0,1
523636725,54,1,4,15783.34,3945.835,3386.06,346.4,816,610,872,7581.87,497.95,238.15,838.31,58,0,538.6,15992.6666666667,3998.16666666667,0,0,0,0,0
856888137,54,2,4,19179.204,4794.801,4663.41,216.5,2200,1580,250,584.55,2637.744,519.6,2208.8,2500,1299,519.6,4533.33333333333,1133.33333333333,0,0,0,0,0
84785375,54,2,2,53471.568,26735.784,22550.64,0,7050,2293,4425.8,0,6526.13,936,737,0,0,8952.998,50997.3333333333,25498.6666666667,0,0,0,0,0
586105056,54,2,2,13849.41704,6924.70852,3080.2754,807.545,0,1172.25,355.739,86.6,4503.2,1930,747.7,0,779.4,386.70764,37450,18725,0,0,0,0,0
180135391,54,1,3,6283.19,2094.39666666667,2784.19,0,0,445,0,376,0,0,2400,278,0,0,5880.1,1960.03333333333,0,0,0,0,0
44385514,54,1,4,4563.57,1140.8925,939.61,0,1650,1202.96,301,0,80,150,240,0,0,0,9328,2332,0,0,0,0,0
372277244,54,3,4,33224.5291,8306.132275,10375.1996,612.6084,2090,1387.64,2377.7962,0,8660,828.27,1490,4080,216.5,1106.5149,24406.6666666667,6101.66666666667,216.5,0,0,1,0
588265124,54,1,5,3589.84,717.968,1255.7,0,0,1040,150,0,554.24,0,460,0,0,129.9,17442.6666666667,3488.53333333333,0,0,0,0,0
476731767,54,1,4,20673.499,5168.37475,6976.929,389.7,560,830,1996.42,600,3664.74,2936,1544,24,866,285.71,15189.3333333333,3797.33333333333,0,800,1,0,0
448966471,54,2,7,23126.83296,3303.83328,11836.7911,0,1080,965.2,776.0659,1480.0752,3571.6,0,530,0,0,2887.10076,17390,2484.28571428571,0,0,0,0,1
430628210,54,2,3,18849.3638,6283.12126666667,6542.63,1303.33,0,1864,650.24,1485.19,5236,180,1280,0,0,307.9738,29250,9750,0,0,0,0,0
964952164,54,1,6,17801.970814,2966.99513566667,3014.8924,0,2079,1723,1544.7545,0,2241.2,1961,1208,466,138.56,3425.563914,30220,5036.66666666667,0,0,0,0,0
220535144,54,2,2,8031.105,4015.5525,1487.355,0,1850,800,151.55,0,422,680,450,0,2035.1,155.1,36750,18375,2035.1,0,0,1,0
469899050,54,1,3,26816.116,8938.70533333333,5023.666,0,1200,1317.2,1298,192,0,2987.65,11167.75,636,1493.85,1500,26465.9733333333,8821.99111111111,1255.7,1633,1,1,0
29561248,54,2,5,11495.4827,2299.09654,4144.6327,0,250,2405,151.55,200,866,2135,0,1300,0,43.3,8000,1600,0,0,0,0,0
648057665,54,1,3,5595.964,1865.32133333333,952.6,0,100,1140,72,0,2125.164,0,600,0,606.2,0,11366.6666666667,3788.88888888889,0,0,0,0,0
465702458,54,2,4,15992.9108,3998.2277,4520.8231,0,370,1075.28,2603.6277,0,3013.68,1649.5,1260,1500,0,0,17268,4317,0,0,0,0,0
618355968,54,1,3,33432.68,11144.2266666667,7062.23,0,0,4430,692.8,900,18748.9,800,410,64,86.6,238.15,12800,4266.66666666667,0,0,0,0,0
474916046,54,1,3,7464.448,2488.14933333333,1160.44,519.6,0,2337,0,0,2847.408,0,600,0,0,0,19563.3333333333,6521.11111111111,0,0,0,0,0
688845360,54,1,5,10226.2513,2045.25026,5567.0377,0,0,1280.54,696.2044,0,649.5,534,1108,24,0,366.9692,7401.33333333333,1480.26666666667,0,0,0,0,1
742007239,54,1,5,9419.939,1883.9878,6288.459,0,0,610,560,0,1173.43,151.55,420,0,0,216.5,20861.9533333333,4172.39066666667,0,0,0,0,1
384529960,54,1,1,13157.2118,13157.2118,2538.679,155.88,750,4959.87,2312.7,0,0,1462.8528,474.95,0,433,69.28,6533.33333333333,6533.33333333333,0,1111.8528,1,0,0
465143322,54,1,2,6293.425,3146.7125,3357.915,0,0,1736.8,200,103.92,532.96,216.5,145.33,0,0,0,15986.6666666667,7993.33333333333,0,0,0,0,1
493106282,54,3,3,28231.4259,9410.4753,7992.4439,909.3,800,1710,0,346.4,11632,3410,680,0,0,751.282,66450,22150,0,0,0,0,0
885474709,54,1,4,23330.378,5832.5945,9266.2,1385.6,0,1390,281.45,0,1046.128,2832,5629,1500,0,0,18941.6666666667,4735.41666666667,0,0,0,0,0
217162256,54,2,4,34996.718,8749.1795,9416.018,368.05,1500,5060,4926.85,3637.2,2598,350,999.5,0,1558.8,4582.3,25666.6666666667,6416.66666666667,0,0,0,0,0
159906855,54,2,3,30863.34,10287.78,4750.01,3165.23,2830,3200,7911.2,86.6,7080.96,380.8,428,0,0,1030.54,22034.3333333333,7344.77777777778,0,0,0,0,0
980113180,54,2,4,24512.4936,6128.1234,7074.0076,2165,2430,982,2112,0,8104.8,450,723.3,150,0,321.386,16015,4003.75,0,0,0,0,0
728263851,54,1,3,8626.92896,2875.64298666667,2661.9974,86.6,0,1910.35,921.6261,562.9,1289,0,799.9,0,0,394.55546,17233.3333333333,5744.44444444445,0,0,0,0,0
124122253,54,1,5,13193.96,2638.792,2662.95,0,2025,1025,1969.3,43.3,281.45,0,5135,0,0,51.96,10920.01,2184.002,0,0,0,0,0
406270870,54,2,4,38738.1093,9684.527325,3490.7594,0,0,2291.5,0,8191.1018,15236.36,2670.47,1313.7,3200,1908.9671,435.251,37438.43,9359.6075,1039.2,0,0,1,0
495162405,54,2,5,71358.852,14271.7704,17039.8923,0,2660,1540,4832.9252,2727.9,36140,866,0,0,1558.8,3993.3345,28650,5730,324.75,0,0,1,0
747091350,54,2,1,18028.9041,18028.9041,4345.6313,1792.62,350,630,1315.0367,1039.2,2229,2833,984.156,0,692.8,1817.4601,12081.3333333333,12081.3333333333,1840.25,0,0,1,0
99697487,54,1,4,21537.2036,5384.3009,2690.8785,108.25,2760,586,4743.9,454.65,4004.8,433,2871.6,0,2035.1,849.0251,19330.6666666667,4832.66666666667,0,433,1,0,0
250114512,54,1,2,7636.1082,3818.0541,2102.9511,0,0,732,376.6667,0,1058.252,1086.5,1240.5,0,0,1039.2384,14574.5,7287.25,0,0,0,0,0
337719259,54,2,1,22549.1058,22549.1058,1438.2095,562.9,2700,2170,2578.0223,0,7776.05,850,2210,0,995.9,1268.024,28274.6666666667,28274.6666666667,0,0,0,0,0
563968929,54,2,4,11411.2872,2852.8218,1273.02,0,0,980,0,0,5832.5,700,350,1175,779.4,321.3672,24166.6666666667,6041.66666666667,0,0,0,0,0
356903838,54,1,4,26849.6541,6712.413525,8250.2088,0,1269,3806.68,3645.5,3158.0241,1129.388,1097.25,2218.97,0,260.4062,2014.227,67136,16784,1320.65,1040,1,1,0
864417287,54,1,4,9778.345,2444.58625,2784.19,0,1120,2200,645.17,0,454.65,1086,1319.465,0,0,168.87,8320,2080,0,0,0,0,0
87278227,54,2,3,24750.6795,8250.2265,7348.01,541.25,1350,3802,1484,129.9,4591,2066,1590,40,649.5,1159.0195,13266.6666666667,4422.22222222222,0,0,0,0,0
302214830,54,2,2,19416.0642,9708.0321,5031.2002,623.52,600,1210.48,2407.698,0,4953.206,560,862,0,0,3167.96,7346.66666666667,3673.33333333333,0,0,0,0,0
247686948,54,2,3,28947.1,9649.03333333333,11353.26,0,1500,3473.6,1446.22,100,5715.6,1222,750,1032,0,2354.42,40487.5,13495.8333333333,0,0,0,0,0
22467315,54,1,5,15292.05,3058.41,5620.34,0,1300,300.32,1680,0,3473.96,969.5,579.2,16,0,1352.73,13300,2660,0,649.5,1,0,0
612370806,54,1,4,16173.58,4043.395,8036.48,0,640,1437,1336.1,866,1169.1,952.6,1160,0,0,576.3,12198.5,3049.625,0,952.6,1,0,0
239684831,54,1,4,8527.2821,2131.820525,6159.7281,0,980,327.53,0,0,346.4,0,485,0,0,228.624,6943.43333333333,1735.85833333333,0,0,0,0,1
396367207,54,1,1,6705.64,6705.64,1160.44,0,0,600,0,1342.3,1732,837.9,600,0,433,0,9266.66666666667,9266.66666666667,0,562.9,1,0,0
786329293,54,1,3,9106.432,3035.47733333333,2853.47,0,280,1259,77.94,627.85,859.072,1820,160,0,952.6,216.5,26858.6666666667,8952.88888888889,0,0,0,0,0
941868785,54,2,3,11982.224,3994.07466666667,4979.5,0,0,2160,194.85,0,1629.56,1899.5,760,32,0,326.814,17185,5728.33333333333,0,0,0,0,0
82820745,54,1,3,9303.385,3101.12833333333,4210.925,129.9,0,1640,0,0,225.16,700,752,0,1645.4,0,27566.6666666667,9188.88888888889,0,0,0,0,0
997604986,54,2,5,14569.661,2913.9322,3230.18,1558.8,0,1274.4,481.35,706.223,5082.554,1100,286.6,0,480,369.554,9884.83333333333,1976.96666666667,0,0,0,0,0
591447045,54,1,3,6805.83,2268.61,2082.73,0,250,3970,0,0,0,303.1,200,0,0,0,13658.8066666667,4552.93555555555,0,0,0,0,0
873828229,54,1,4,9258.2445,2314.561125,1934.4275,0,1240,898.9,1516.889,0,2739,0,876,0,0,53.028,7333.33333333333,1833.33333333333,0,0,0,0,0
9327385,54,2,5,11769.904,2353.9808,1974.48,0,250,1328.13,0,38.5,7128,180,725,0,0,145.794,9800,1960,0,0,0,0,0
348532559,54,2,3,11599.8618,3866.6206,3511.63,0,0,1632,67.3,0,4447.04,1000.83,700,0,0,241.0618,12650,4216.66666666667,0,0,0,0,0
748733363,54,1,5,8277.495,1655.499,2470.265,1363.95,0,1491.5,150,0,978.58,923.2,900,0,0,0,12213.34,2442.668,0,0,0,0,0
129979365,54,1,2,42367.46956,21183.73478,5981.4187,0,1652,3422.92,18777.9651,2654.29,134.4,600,730,4500,0,3914.47576,33133.3333333333,16566.6666666667,0,0,0,0,0
778279203,54,1,2,14148.51,7074.255,5157.03,0,2330,1690,1004.56,0,1500,500,0,564,0,1402.92,10860.1,5430.05,0,0,0,0,0
510250964,54,1,3,17205.23,5735.07666666667,4187.11,2814.5,860,1658,4421.69,255,818.74,1340,0,0,0,850.19,6753.33333333333,2251.11111111111,0,3500,1,0,0
603699972,54,1,2,3981.9218,1990.9609,1160.44,0,550,760,86.6,0,450.32,450,500,0,0,24.5618,14083.3333333333,7041.66666666667,0,0,0,0,0
816535867,54,1,4,6639.66,1659.915,2056.75,0,1720,770,560,0,822.7,0,250,0,0,460.21,6266.66666666667,1566.66666666667,0,0,0,0,0
945131430,54,1,3,16509.0245,5503.00816666667,6287.8095,0,1100,6759.2,86.6,0,562.9,749.09,0,0,0,963.425,11859.3333333333,3953.11111111111,0,749.09,1,0,0
987593683,54,1,2,15541.526,7770.763,8871.737,0,0,3470,803.802,90.93,0,400,550,0,0,1355.057,25166.6666666667,12583.3333333333,0,0,0,0,1
482139011,54,1,4,7617.896,1904.474,3018.01,0,0,960,259.8,0,1728.536,300,1200,0,0,151.55,23800,5950,0,0,0,0,0
957099431,54,1,6,31339.58,5223.26333333333,9231.56,0,11855,2385,3744.67,240,0,842,876,888,649.5,627.85,19750,3291.66666666667,0,0,0,0,0
139923920,54,2,2,11869.8216,5934.9108,1493.2438,506.61,0,1040,0,0,3434.4,2195.8,1740,0,1039.2,420.5678,24415.3333333333,12207.6666666667,0,0,0,0,0
842100005,54,2,2,19199.3246,9599.6623,6694.18,0,1220,925.8,313.82,3880.25,2666,633,1942,0,0,924.2746,25027,12513.5,0,433,1,0,0
277809712,54,2,3,24939.0967,8313.03223333334,4533.4667,0,1770,799.49,896.4,1100,13152.96,866,1086.86,0,368.05,365.87,26500,8833.33333333333,0,866,1,0,0
998641045,54,1,3,10045.572,3348.524,2948.73,0,0,969.54,64,3699,99.2,433,1280,0,259.8,292.302,23133.3333333333,7711.11111111111,0,0,0,0,0
555962745,54,1,8,8254.558,1031.81975,2078.4,1558.8,0,2380,0,0,314.358,433,1490,0,0,0,13428.9733333333,1678.62166666667,0,0,0,0,0
882731529,54,1,5,21154.571,4230.9142,6473.783,0,1920,1853,2430.72,0,2873.114,1299,1440,48,930.95,1886.004,14957.3333333333,2991.46666666667,0,0,0,0,0
398908746,54,1,3,13324.8078,4441.6026,2429.8228,0,1500,1605,2542.8115,60,757.75,454.65,442.8,2400,233.82,898.1535,11660.93,3886.97666666667,497.95,0,0,1,0
205650264,54,1,4,14321.005,3580.25125,4873.415,389.7,100,1425.4,3466.56,649.5,866,144,800,0,0,1606.43,4324.66666666667,1081.16666666667,0,0,0,0,0
992730991,54,1,3,10699.3472,3566.44906666667,3221.0437,281.45,300,3447,0,216.5,519.6,0,510,0,1948.5,255.2535,16265.6666666667,5421.88888888889,844.35,0,0,1,0
568987832,54,1,7,19930.7005,2847.24292857143,3331.935,454.65,5780,1480,3911.529,0,593,1160,2314,28,0,877.5865,11000,1571.42857142857,0,0,0,0,0
868620188,54,1,3,18765.1718,6255.05726666667,5622.505,0,3790,1723.6,4018.14,0,1965.2,0,1080,8,0,557.7268,18450,6150,0,0,0,0,0
713402963,54,1,2,11145.7605,5572.88025,3602.7765,0,0,402.59,3323.196,2635.238,173.2,0,787,0,0,221.76,17389.3333333333,8694.66666666667,0,0,0,0,0
158706684,54,1,5,16270.92,3254.184,4992.49,0,4610,780,0,0,584.55,380,2943.84,300,692.8,987.24,18725.3333333333,3745.06666666667,0,0,0,0,0
909491829,54,1,3,12008.263,4002.75433333333,6198.395,0,490,1210,395.51,0,1042.664,1082.5,850,0,0,739.194,6183.33333333333,2061.11111111111,0,0,0,0,1
958163265,54,2,2,22071.888108,11035.944054,7659.77,649.5,600,1109.57,108.25,194.85,8805.4,1350,1020,0,0,574.548108,100000,50000,0,0,0,0,0
8241723,54,1,4,12828.844,3207.211,6207.055,541.25,1250,424.2,743.028,0,975.116,560,428.67,0,0,1699.525,9100,2275,0,0,0,0,0
807116395,54,1,5,5114.596,1022.9192,4074.53,0,0,0,47.63,0,372.38,519.6,57.156,0,0,43.3,13478.9733333333,2695.79466666667,0,86.6,1,0,1
922152197,54,1,8,8735.282,1091.91025,3732.46,1372.61,21,740,45,0,866,750,350,0,519.6,338.612,19307.98,2413.4975,0,0,0,0,0
423418738,54,1,3,12250.29,4083.43,4628.77,519.6,1260,2460.62,0,0,476.3,1240,1665,0,0,0,26894.8333333333,8964.94444444444,0,0,0,0,0
710555777,54,1,1,5921.2785,5921.2785,1824.8785,0,0,3250,2,0,64.95,65,0,0,714.45,0,6000,6000,281.45,0,0,1,0
521020437,54,2,2,22597.6145,11298.80725,6270.9225,0,0,2228.15,2318.15,0,8025.95,1400,1730,0,0,624.442,15659.9166666667,7829.95833333333,0,0,0,0,0
571541042,54,2,3,46860.371804,15620.1239346667,8559.111,0,0,2994.66,3000,2239.5,14771.25,1037.05,3694,0,2727.9,7836.900804,47866.6666666667,15955.5555555556,2987.7,0,0,1,0
178136034,54,1,1,24061.997,24061.997,424.34,0,3650,4000,415,0,1563.187,2226.73,1515.9,0,10166.84,100,6000,6000,10591.18,0,0,1,0
744140568,54,2,4,33513.49,8378.3725,6676.86,0,1100,1668.78,8009.5,600,800,2820,8440,250,1515.5,1632.85,5914.97666666667,1478.74416666667,1515.5,0,0,1,0
214743591,54,1,9,25820.84,2868.98222222222,6447.37,0,2540,5392,398.4,1277.35,5525.08,800,1400,160,1818.6,62.04,43293.3333333333,4810.37037037037,0,0,0,0,0
143711445,54,1,4,12478.61,3119.6525,2429.13,242.48,3650,2248,1510,70,844,1125,256,16,0,88,10820,2705,0,0,0,0,0
812624789,54,1,5,8900.6732,1780.13464,2483.0385,303.1,1360,1093.87,1302.8747,0,1691.558,0,525,0,0,141.232,10090.3333333333,2018.06666666667,0,0,0,0,0
107221268,54,1,6,25345.37,4224.22833333334,14501.17,1818.6,0,1595,0,4433,0,1546,512,0,519.6,420,22290.3333333333,3715.05555555556,0,0,0,0,1
192869034,54,1,7,13229.191,1889.88442857143,6057.237,0,200,4590,229.49,692.8,259.8,250,500,219.6,0,230.264,19800,2828.57142857143,0,0,0,0,0
