id,provincia,propauto,cantmiem,gastot,gastotpc,gc_01,gc_02,gc_03,gc_04,gc_05,gc_06,gc_07,gc_08,gc_09,gc_10,gc_11,gc_12,ingtoth,ingpch,tn_restaurant,tn_internet,cat_gastos_internet,cat_gastos_restaurant,cat_gc_01
106469643,50,2,4,34716.708,8679.177,9136.3,0,300,18110,0,0,4122.248,1500,1100,0,0,448.16,18000,4500,0,0,0,0,0
842423055,50,1,3,35749.3728,11916.4576,5392.4088,1225.39,660,1115,1747.22,7480,374.112,700,16370,0,0,685.242,26216.6666666667,8738.88888888889,0,0,0,0,0
863384865,50,2,4,11716.91,2929.2275,3602.56,151.55,0,621.5,0,0,2947.45,800,1780,0,1493.85,320,38666.6666666667,9666.66666666667,0,0,0,0,0
541352808,50,1,5,26700.107,5340.0214,6129.115,0,4900,1587.11,31.2,1160,714.282,1141,7370,0,2511.4,1156,47973,9594.6,1991.8,0,0,1,0
290744205,50,1,6,11233.94,1872.32333333333,5546.73,0,100,3465.65,70,0,1171.56,500,200,0,0,180,11433.3333333333,1905.55555555556,0,0,0,0,0
144150480,50,2,3,29055.13,9685.04333333333,2909.76,0,1970,8795,692.8,3372,8006.89,800,1580,0,649.5,279.18,32566.6666666667,10855.5555555556,0,0,0,0,0
914889502,50,2,3,20434.935,6811.645,8443.5,0,200,455.37,4957.87,230,2099,1520,1304,0,0,1225.195,12283.3333333333,4094.44444444444,0,0,0,0,0
971187700,50,2,3,8614.38,2871.46,2147.68,705.79,380,659,0,216.5,2651.41,1040,370,0,0,444,14366.6666666667,4788.88888888889,0,0,0,0,0
190502533,50,2,4,27368.3668,6842.0917,3394.5468,909.3,680,7300,848.57,0,822.7,493.8,1734,0,10673.45,512,21606.9633333333,5401.74083333333,1732,0,0,1,0
431003285,50,1,2,6342.48,3171.24,1311.99,0,700,2529,0,0,575.89,408,400,0,346.4,71.2,7085.31,3542.655,346.4,8,1,1,0
712223393,50,3,4,53374.667,13343.66675,5832.943,327.348,5390,3103.97,10298.8,8065.6,9286.5,1700,1438,3000,3464,1467.506,33433.3333333333,8358.33333333333,3464,0,0,1,0
902290353,50,2,6,37140.38,6190.06333333333,11820.9,2152.01,1200,9495,0,1000,5607.35,1400,138.56,2000,1796.95,529.61,13083.3333333333,2180.55555555556,671.15,0,0,1,0
794156065,50,1,2,31324.0363,15662.01815,5768.859,0,300,5701,14633.07,0,0,1600,1250,0,1039.2,1031.9073,51466.6666666667,25733.3333333333,0,0,0,0,0
348918152,50,2,4,21576.894,5394.2235,4472.89,2121.7,1250,1077,780.8,2615.684,4330,1150,1000,0,866,1912.82,54761.6666666667,13690.4166666667,0,0,0,0,0
563739654,50,1,2,21391.0514,10695.5257,4143.81,389.7,1700,1000,960,129.9,541.25,500,3820,8000,173.2,33.1914,10883.3333333333,5441.66666666667,0,0,0,0,0
183839304,50,3,4,42899.638816,10724.909704,2982.504,212.17,3000,994.51,69.28,0,15396,4200,4260,10770.4,0,1014.774816,28600,7150,0,0,0,0,0
369205106,50,1,2,5547.8881,2773.94405,1853.1967,0,1000,490,320,100,598.05,43.3,34.33,890,0,219.0114,5775,2887.5,0,0,0,0,0
108829857,50,2,3,10038.7,3346.23333333333,4763,0,0,1000,0,0,2078.4,332,1200,0,0,665.3,17831,5943.66666666667,0,0,0,0,0
183462430,50,3,2,3585.035,1792.5175,1024.045,0,450,334.325,272,0,1010,459.665,35,0,0,0,11750,5875,0,0,0,0,0
324900656,50,1,4,15812.865,3953.21625,4544.335,484.96,500,1150,0,400,4071.34,1056.5,2420,0,1039.2,146.53,20583.3333333333,5145.83333333333,1212.4,0,0,1,0
37030691,50,2,1,17134.6062,17134.6062,10416.8542,0,0,538.25,0,0,894.832,1300,2855,0,866,263.67,22304.6666666667,22304.6666666667,0,0,0,0,1
649205983,50,2,3,25591.765,8530.58833333333,11974.615,1528.49,0,3050,889.7,0,3031,3235,775,0,0,1107.96,50000,16666.6666666667,0,0,0,0,0
680398842,50,2,2,28676.589,14338.2945,6723.6673,519.6,100,2344.34,3143.34,4277.9967,6798.1,950,508.216,0,2706.25,605.079,34940.3333333333,17470.1666666667,2706.25,0,0,1,0
483666164,50,1,9,21579.6694,2397.74104444444,5293.425,0,250,3094.91,1471.345,2100.05,3971.6,454,800,0,0,4144.3394,8293,921.444444444444,0,0,0,0,0
698248171,50,2,6,20422.57,3403.76166666667,9881.06,0,700,1370,1824.41,600,1668.9,400,1600,0,0,2378.2,11900,1983.33333333333,0,0,0,0,0
317045137,50,2,3,22702.86,7567.62,10911.6,0,0,2275,414,300,1441.68,2400,4655.48,0,0,305.1,22683.3333333333,7561.11111111111,0,0,0,0,0
738653127,50,1,1,15594.7033,15594.7033,2015.615,199.18,500,1041.465,1813.2,5475.691,0,484.41,84,0,2554.7,1426.4423,21016.25,21016.25,0,0,0,0,0
768776053,50,1,2,20749.14197,10374.570985,7117.4808,1099.82,1900,1438.825,1188.2724,640,665.2832,2760,3400,0,0,539.46057,37938.6666666667,18969.3333333333,0,0,0,0,0
834105683,50,1,1,25563.7352,25563.7352,1912.3012,188.355,0,1144.635,17204.8,1850,0,1050,530,0,822.7,860.944,33000,33000,0,0,0,0,0
894163868,50,1,1,12279.35,12279.35,991.57,0,0,523.5,800,6800,0,1000,1462.08,0,0,702.2,101666.666666667,101666.666666667,0,0,0,0,0
62534261,50,1,1,10157,10157,2944.4,0,1250,4500,160,783,519.6,0,0,0,0,0,7000,7000,0,0,0,0,0
712337794,50,1,1,11333.92,11333.92,2156.34,0,0,5500,198,0,103.68,880,1500,0,995.9,0,10000,10000,1255.7,0,0,1,0
614925403,50,1,5,24531.345,4906.269,3557.095,0,3890,8600,2870.8,0,1905.2,225,2925,0,108.25,450,16880,3376,108.25,0,0,1,0
452570640,50,2,4,114156.036,28539.009,15507.462,1480.86,0,3482.82,6890,0,61559.5,4139,6618.6,2000,5325.9,7151.894,126250,31562.5,519.6,0,0,1,0
677981915,50,2,4,14800.788,3700.197,7371.1755,2121.7,0,1279.9125,640.84,86.6,1178.626,1291.65,700,0,0,130.284,19983.3333333333,4995.83333333333,0,0,0,0,0
282543494,50,1,4,11208.638,2802.1595,3379.998,0,840,365,1840,0,1333.64,2200,970,0,0,280,13866.6666666667,3466.66666666667,0,0,0,0,0
136739238,50,2,4,45552.4305,11388.107625,4863.6725,0,1090,9924.6,9315.8038,1018.5892,3062.415,1460,3515.96,4988,1407.25,4906.14,33566.6666666667,8391.66666666667,0,0,0,0,0
943288686,50,1,6,14615.06,2435.84333333333,6144.27,0,0,2600,959.2,433,976.3,1280,1300,0,519.6,402.69,20000,3333.33333333333,0,0,0,0,0
236248662,50,1,2,3083.072,1541.536,523.93,692.8,0,1347,0,0,225.342,0,0,0,0,294,22000,11000,0,0,0,0,0
910307910,50,2,4,23980.6809,5995.170225,5943.9209,0,7270,1616,800,736.1,5629,598,350,0,692.8,344.86,44990,11247.5,0,3100,1,0,0
467831317,50,1,5,4500.19,900.038,1515.5,173.2,0,200,0,0,2611.49,0,0,0,0,0,11143,2228.6,0,0,0,0,0
534503173,50,3,4,65410.5755,16352.643875,9449.5755,0,1700,1462.18,1366.8,283.8,28471.2,5284,4896.75,10000,0,2496.27,49833.3333333333,12458.3333333333,0,0,0,0,0
22709797,50,1,5,34300.0899,6860.01798,14784.9149,0,620,9895.02,681.407,250,1891.052,3792,1633.6,0,303.1,448.996,39390.6666666667,7878.13333333333,0,0,0,0,0
203235757,50,2,2,16674.6819,8337.34095,2511.4,0,0,5123.51,232,3507.3,2770.8,600,1630,0,0,299.6719,11000,5500,0,0,0,0,0
731686477,50,2,3,9630.1,3210.03333333333,2381.5,0,600,1042.06,345.78,0,2165,900,780,0,0,1415.76,9916.66666666667,3305.55555555556,0,0,0,0,0
219506170,50,2,5,21867.391,4373.4782,7329.391,3290.8,2000,3404,129.9,0,2714.91,550,450,0,0,1998.39,42962.41,8592.482,0,0,0,0,0
419363162,50,2,2,10248.5559,5124.27795,3227.9284,0,0,723.58,284.1805,3381.73,0,750,750,0,0,1131.137,37233.3333333333,18616.6666666667,0,0,0,0,0
466441101,50,1,4,9672.078,2418.0195,3009.35,0,1100,250,1408,608,909.3,0,2320,24,0,43.428,9200,2300,0,0,0,0,0
995772654,50,2,2,21137.78,10568.89,1974.48,0,0,1200,5000,0,10098,1800,400,0,0,665.3,14118.31,7059.155,0,0,0,0,0
276675866,50,2,2,25193.38,12596.69,7837.3,0,0,10275,0,0,3897,1500,1420,0,0,264.08,63000,31500,0,0,0,0,0
308197318,50,2,4,13379.316,3344.829,3935.97,0,950,875,95.26,400,1959.62,500,3650,0,0,1013.466,15300,3825,0,0,0,0,0
305075406,50,2,1,27349.664,27349.664,5665.0256,0,1650,2362,1834.184,112,5027.66,1237,4314,700,2262.425,2185.3694,43064.6666666667,43064.6666666667,1039.2,0,0,1,0
538918089,50,2,4,23927.956,5981.989,4420.93,1428.9,150,7997,748.25,259.8,7803.52,309.9,30,0,692.8,86.856,27000,6750,0,0,0,0,0
232203899,50,3,6,20329.92,3388.32,4598.46,610.53,300,907,0,0,5962.38,1800,1799.9,0,3918.65,433,98166.6666666667,16361.1111111111,4265.05,0,0,1,0
89545218,50,1,5,13115.04,2623.008,4468.56,0,0,3380,0,0,2513.04,1900,160,0,476.3,217.14,39300,7860,216.5,0,0,1,0
45599358,50,1,3,13217.47,4405.82333333333,8179.37,0,1200,1995,0,0,0,1290,0,0,303.1,250,27400,9133.33333333333,0,0,0,0,1
553171499,50,1,2,12538.491,6269.2455,2996.36,1385.6,0,525,90,4292.329,1266.092,1260,135,0,0,588.11,11569,5784.5,0,0,0,0,0
833598263,50,1,1,6449.4894,6449.4894,2629.0894,0,800,473.86,369.44,500,942.8,721.5,0,0,0,12.8,7966.66666666667,7966.66666666667,0,433,1,0,0
353528890,50,3,2,67347.8343,33673.91715,10452.62,1571.79,4420,5990.5336,7884,5513.8807,19386.46,2760,2669.9,0,2424.8,4273.85,18316.25,9158.125,2424.8,0,0,1,0
296299747,50,2,6,42713.99,7118.99833333333,14544.47,2468.1,468,6872.4,2840.55,1630,3759.41,400,3450,48,1905.2,4327.86,33916.6666666667,5652.77777777778,1905.2,0,0,1,0
761449849,50,3,3,40419.366,13473.122,16501.63,0,5100,1345.39,1528.9,480,4630,1900,1050,3320,1082.5,3480.946,26133.3333333333,8711.11111111111,1082.5,0,0,1,0
577398650,50,2,2,30618.1734,15309.0867,4107.1349,441.66,1500,2744.95,1302.3815,0,7420,2308,810,0,8119.43,1864.617,45250,22625,281.45,180,1,1,0
675341683,50,2,1,28391.16,28391.16,2589.34,0,4100,10030,0,3500,1040,1220,1266,0,2944.4,1701.42,22476.6666666667,22476.6666666667,0,0,0,0,0
442432398,50,3,2,53080.6982,26540.3491,3856.6877,0,600,2320,7470,5867.2493,11071.506,1430,6844,4500,6753.75,2367.5052,93102.8333333333,46551.4166666667,2338.2,0,0,1,0
469162889,50,2,4,16309.6864,4077.4216,6607.4934,2316.55,0,1743.5,376.687,108.25,1178.626,839.6,2680,0,0,458.98,10800,2700,0,0,0,0,0
278619688,50,2,4,67349.71,16837.4275,4962.18,0,200,10562,1577.6,4345.58,17214,670,16510,9200,930.95,1177.4,45218.66,11304.665,519.6,0,0,1,0
379577078,50,3,5,89541.31,17908.262,17371.96,0,5900,4614,2492.5,4330,19636.11,5220,6571.55,6384,13896.45,3124.74,114712.333333333,22942.4666666667,11106.45,0,0,1,0
767336715,50,2,1,21489.89,21489.89,1883.55,2554.7,2050,815.06,311.2,0,9180.72,900,0,0,2814.5,980.16,35000,35000,0,0,0,0,0
973217897,50,2,3,34416.4923,11472.1641,6045.2862,0,1550,9172.42,705.2704,1299,5676.744,626,1736,3417.6,2987.7,1200.4717,22000,7333.33333333333,0,0,0,0,0
248640438,50,1,1,14991.8353,14991.8353,2556.4753,0,480,1500,2450.74,7638.12,0,0,0,0,216.5,150,7475,7475,0,0,0,0,0
720544300,50,1,2,7399.03,3699.515,1796.95,0,2000,456,1074,0,1162.08,440,0,0,0,470,7500,3750,0,0,0,0,0
541730908,50,2,2,14812.43,7406.215,3139.25,0,0,1950,128,0,2790,3600,300,1720,649.5,535.68,18166.6666666667,9083.33333333333,649.5,0,0,1,0
815092244,50,2,4,30387.8446,7596.96115,7956.375,2264.59,318,4003.5,3292.42,5144.04,2616.75,1142.6,1914.16,900,0,835.4096,21878.6666666667,5469.66666666667,0,0,0,0,0
192317792,50,2,7,58120.6178,8302.9454,18812.3345,3039.66,0,2133.245,1776.94,17383.2205,3482.8,4086.2,2930.5,500,649.5,3326.2178,66379.66,9482.80857142857,649.5,0,0,1,0
323789689,50,1,7,29323.265,4189.03785714286,9653.735,2606.66,1470,1060,1270,0,10545.63,896,1700,0,0,121.24,15500,2214.28571428571,0,0,0,0,0
940529,50,2,2,7462.97,3731.485,1610.76,1303.33,0,900,0,0,1385.6,673.2,600,0,866,124.08,30083.3333333333,15041.6666666667,0,0,0,0,0
532386660,50,1,4,7701.945,1925.48625,3732.46,0,550,639.5,960,0,734.96,375,632.475,0,0,77.55,8166.66666666667,2041.66666666667,0,320,1,0,0
671753748,50,2,3,54279.161,18093.0536666667,3438.02,0,2500,3458.045,480,24957,9867.92,1389,1400,0,866,5923.176,59957.3333333333,19985.7777777778,1082.5,0,0,1,0
792523963,50,1,2,8944.64,4472.32,458.98,0,0,4779.46,0,0,1655.34,1522.86,0,0,0,528,7750,3875,0,0,0,0,0
949615664,50,2,4,38108.8881,9527.222025,5328.3681,1190.75,0,13858,582,2300,5359.61,1907.84,2130,2700,1125.8,1626.52,53253.1666666667,13313.2916666667,692.8,0,0,1,0
432190356,50,2,3,19393.8,6464.6,4979.5,259.8,2640,1520,60,0,5306.3,1923,2195,0,0,510.2,32416.6666666667,10805.5555555556,0,0,0,0,0
635581245,50,1,4,6508.93,1627.2325,2572.02,0,500,381.15,610,0,1317.76,250,730,0,0,148,15006.6666666667,3751.66666666667,0,0,0,0,0
383980455,50,3,4,36027.672,9006.918,4724.03,0,3300,4464.5,1187.8,900,6160,1300,1300,6386,5711.27,594.072,58596.3333333333,14649.0833333333,3719.47,4100,1,1,0
893731814,50,1,6,14113.9615,2352.32691666667,7749.6175,0,0,1250,0,0,1528.057,2400,800,0,0,386.287,36500,6083.33333333333,0,0,0,0,1
877873876,50,2,3,20384.7466,6794.91553333333,7588.8446,0,1599,583.99,957.1,80,1725.56,2133,2017.81,1633,1017.55,1048.892,30391.6666666667,10130.5555555556,627.85,0,0,1,0
998201223,50,2,4,40992.6072,10248.1518,4948.757,1636.74,3940,5355.5,4483.64,346.4,3944,2320,6607.2,1015.2,4416.6,1978.5702000000001,36966.6666666667,9241.66666666667,1991.8,0,0,1,0
623490726,50,1,2,2243.019,1121.5095,1014.519,649.5,0,519,0,0,0,0,0,0,0,60,8662.5,4331.25,0,0,0,0,0
486234599,50,2,1,65460.362,65460.362,4858.26,4174.12,13570,13253,1828,0,2257.6,2694.5,13900.5,3100,4589.8,1234.582,64616.6666666667,64616.6666666667,4546.5,0,0,1,0
686017745,50,1,4,7134.65500000001,1783.66375,3035.33,108.25,0,1665.455,32,0,2095.72,0,36,0,0,161.9,11916.6666666667,2979.16666666667,0,0,0,0,0
488863506,50,2,1,16860.7552,16860.7552,1647.565,0,5430,7104.8488,338.8,0,0,846,13.44,0,476.3,1003.8014,19389.6666666667,19389.6666666667,0,0,0,0,0
713548048,50,2,5,21768.553,4353.7106,8291.95,346.4,0,987.845,350.11,5969.2,2381.5,600,1240,0,1169.1,432.448,44066.6666666667,8813.33333333333,1169.1,0,0,1,0
336518631,50,1,5,2712.335,542.467,1764.475,181.86,100,250,0,0,0,0,400,16,0,0,5262.5,1052.5,0,0,0,0,1
880190204,50,2,2,17075.5884,8537.7942,7320.1248,160.21,700,759,73.61,0,2378.61,1500,2687,0,558.5267,938.5069,39323.8333333333,19661.9166666667,0,0,0,0,0
285196095,50,2,2,15595.9074,7797.9537,2852.604,0,0,2376.46,714.4067,634,1182.89,1472,1256.2,2104,1732,1271.3467,24783.3333333333,12391.6666666667,1082.5,0,0,1,0
142727512,50,3,4,4443.06,1110.765,2398.82,0,0,660,0,0,0,712,300,0,0,372.24,6500,1625,0,0,0,0,1
539052484,50,2,3,23226.24,7742.08,3736.79,0,190,7155,1861.2,164.54,6259.5,410,1910,0,476.3,1062.91,35000,11666.6666666667,216.5,0,0,1,0
739570188,50,1,4,25698.23,6424.5575,12292.87,1602.1,1200,2857.15,772.9,1277.35,1294.67,2054.65,895.99,0,476.3,974.25,17166.6666666667,4291.66666666667,0,0,0,0,0
237693416,50,1,4,18190.61,4547.6525,4334.33,1667.05,1135,1072.5,2712,160,3841.53,991.2,1913,0,0,364,24658.3333333333,6164.58333333333,0,0,0,0,0
758840435,50,1,1,21542.9195,21542.9195,4674.4515,1372.177,1830,2744.915,3042,375,352,1080,3160,0,1796.95,1115.426,32466.6666666667,32466.6666666667,1363.95,0,0,1,0
181563269,50,1,3,13517.37,4505.79,5231.506,2554.7,0,835,110,210,1131.624,900,1340,840,164.54,200,14000,4666.66666666667,0,0,0,0,0
166633442,50,1,1,13578.325,13578.325,3154.405,0,0,957.99,420,5043.61,1629.17,290,860,0,576,647.15,6666.66666666667,6666.66666666667,0,0,0,0,0
849277247,50,1,5,14671.165,2934.233,2749.55,281.45,935,1748,1708,900.64,478.465,1443,1784.56,0,0,2642.5,11515,2303,0,0,0,0,0
296278986,50,2,4,18812.9766,4703.24415,7510.385,0,490,1930.66,0,200,4480.29,2277.98,668,600,151.55,504.1116,23376.6666666667,5844.16666666667,0,0,0,0,0
436499790,50,1,2,4541.4221,2270.71105,1343.3825,0,0,639.64,381.45,0,0,511.94,730,0,0,935.0096,13262.3333333333,6631.16666666667,0,0,0,0,0
401736684,50,2,2,46792.1817,23396.09085,12487.6767,1688.7,0,14400.62,4000,820,3593.9,1150,2700,0,3767.1,2184.185,55243.3333333333,27621.6666666667,3767.1,0,0,1,0
377871987,50,2,6,45793.526,7632.25433333333,7170.48,554.24,3040,6335.5,6168.3,0,8475.5,1730,6650,3330,848.68,1490.826,51850,8641.66666666667,0,0,0,0,0
982369715,50,2,4,25869.16,6467.29,5005.48,0,0,3324.39,0,0,10388.52,700,1696.5,0,4568.15,186.12,22366.6666666667,5591.66666666667,1082.5,0,0,1,0
489886087,50,1,2,7343.8,3671.9,3658.85,0,360,464.95,996,1300,0,349,215,0,0,0,12705,6352.5,0,0,0,0,0
830688916,50,1,4,31657.1916,7914.2979,8337.7181,3316.78,0,9282,510.32,550,2684.6,660,1560,0,1169.1,3586.6735,27523.33,6880.8325,0,0,0,0,0
326394392,50,3,3,61240.09,20413.3633333333,9595.28,0,1750,2815,6024.95,10976.8,12993,5469,5145,0,5412.5,1058.56,43266.6666666667,14422.2222222222,4719.7,0,0,1,0
243186099,50,1,2,11855.56,5927.78,2407.48,0,700,3650,430,400,471.08,790,402.85,1200,909.3,494.85,20683.3333333333,10341.6666666667,909.3,0,0,1,0
770974089,50,2,3,16721.743,5573.91433333333,4465.529,0,0,957.5,96,100,5764.08,1020,1940,0,0,2378.634,16916.6666666667,5638.88888888889,0,0,0,0,0
398995187,50,2,3,7426.167,2475.389,3908.691,0,0,845.33,0,80,1254.414,433,400,0,0,504.732,20983.3333333333,6994.44444444445,0,0,0,0,1
501848391,50,1,1,19156.5501,19156.5501,4370.1824,900.207,4600,3629.5,2501.4247,0,238.15,570,800,0,324.75,1222.336,16166.6666666667,16166.6666666667,129.9,0,0,1,0
721504166,50,3,4,115605.48,28901.37,1199.41,0,9800,8835.42,6940,8800,29138,2600,23200,8000,6105.3,10987.35,178816.25,44704.0625,0,0,0,0,0
53031409,50,2,2,12177.2382,6088.6191,6082.3077,0,0,1370.21,142.2405,0,1652.89,1400,1390,0,0,139.59,14641.1666666667,7320.58333333333,0,0,0,0,0
421985670,50,3,4,67988.3483,16997.087075,9731.7183,2121.7,0,11747.5,1663.52,0,7672.72,0,5240,4860,20351,4600.19,24633.3333333333,6158.33333333333,15782.85,0,0,1,0
627251421,50,2,4,27463.271,6865.81775,6837.07,3022.34,2038,1850,144,4867.041,1648.6,1620,1445,3100,0,891.22,44945.6666666667,11236.4166666667,0,0,0,0,0
989012686,50,1,3,38518.82,12839.6066666667,7980.19,0,320,3795,318,2616,11981.04,350,2010,5000,2576.35,1572.24,53123.3333333333,17707.7777777778,0,0,0,0,0
926205998,50,1,2,14015.65,7007.825,2727.9,1667.05,1400,1875,2400,50,400,1550,450,0,1255.7,240,10000,5000,0,0,0,0,0
754943499,50,2,5,9823.875,1964.775,2736.56,0,400,2349,0,0,247.735,337,375,2320,779.4,279.18,24719.31,4943.862,0,0,0,0,0
438554790,50,3,4,18403.1675,4600.791875,5740.6707,0,1310,625.35,217,4533.24,2052,941.5,2016,0,0,967.4068,27296.3333333333,6824.08333333333,0,0,0,0,0
131169481,50,2,2,75983.5898,37991.7949,12747.7798,0,7600,11600,4039.01,3860,14430,1350,8912.425,9550,1472.2,422.175,69583.3333333333,34791.6666666667,1472.2,0,0,1,0
927486804,50,2,2,23984.3295,11992.16475,6803.8156,0,0,4321.5,165.3627,0,4570,1134,5970,0,606.2,413.4512,30900,15450,0,0,0,0,0
124606760,50,1,3,8897.5644,2965.8548,1982.4905,0,1940,412.2,1666.4634,0,257.635,592,475.675,0,0,1571.1005,13183.3333333333,4394.44444444444,0,0,0,0,0
771695727,50,1,6,18752.008,3125.33466666667,10396.33,0,2600,2557.5,759.55,0,415.68,0,0,0,0,2022.948,19850,3308.33333333333,0,0,0,0,1
423352242,50,2,1,14408.342,14408.342,6378.09,346.4,1700,3290,200,43.3,539.4,128,580,0,0,1203.152,7666.66666666667,7666.66666666667,0,0,0,0,0
373772848,50,2,1,21178.55,21178.55,14672.205,0,0,48,270.625,0,3795.6,400,0,0,779.4,1212.72,16000,16000,0,0,0,0,1
142471900,50,2,4,18776.352,4694.088,4858.26,0,650,1123.4,4172,0,0,1080,6046,0,216.5,630.192,35166.6666666667,8791.66666666667,0,528,1,0,0
378121822,50,2,3,34738.2405,11579.4135,10421.877,606.2,0,8257,1891.106,1082.5,1622.38,1170,1992.5,0,6754.8,939.8775,33000,11000,6451.7,0,0,1,0
599045845,50,2,7,30527.5025,4361.07178571428,7983.4375,1450.55,2250,2550.11,1541.48,1883.55,6091.34,2717,1506.2,0,779.4,1774.435,56316.6666666667,8045.2380952381,0,0,0,0,0
750109446,50,1,1,11300.93,11300.93,3394.72,0,4000,705,272,0,446.4,250,1660,0,0,572.81,7000,7000,0,0,0,0,0
478099160,50,2,4,24748.401,6187.10025,7522.076,194.85,1740,2285,1507,192,3591.013,2176,2780,0,1212.4,1548.062,30991.5,7747.875,1212.4,0,0,1,0
31205644,50,2,2,39108.8474,19554.4237,1654.7095,0,4420,10146.595,1676.55,5150.78,7284,1900,2933,390,2641.3,911.9129,42503,21251.5,1732,1000,1,1,0
463256551,50,1,1,4324.96,4324.96,3082.96,0,0,1016,0,0,0,26,200,0,0,0,12500,12500,0,0,0,0,1
856127927,50,1,1,23890.166,23890.166,779.4,0,700,8232,894,4200,2468.4,1050,0,3080,1580.45,905.916,27833.3333333333,27833.3333333333,1558.8,0,0,1,0
990122341,50,1,11,4972.7,452.063636363636,1270.855,303.1,0,630.99,0,0,1570.125,843.3,354.33,0,0,0,37784.9766666667,3434.99787878788,0,0,0,0,0
242438216,50,2,4,23660.4329,5915.108225,5066.3165,0,2150,600.25,2422.9,6684.9294,2198.32,1328,1980,0,1125.8,103.917,35713.3333333333,8928.33333333333,0,0,0,0,0
859838110,50,1,2,5962.86,2981.43,1957.16,0,1350,0,40,80,0,480,670,0,562.9,822.8,9583.33333333333,4791.66666666667,0,0,0,0,0
699879118,50,1,2,6715.9614,3357.9807,4346.5839,0,0,224.11,0,0,259.8,903.1,0,0,0,982.3675,10000,5000,0,0,0,0,1
700975571,50,1,2,15801.768,7900.884,4481.983,757.75,1430,4590,467.165,0,952.6,0,3040,0,0,82.27,8000,4000,0,0,0,0,0
226078069,50,1,1,12436.8646,12436.8646,6055.1586,0,0,760.576,3990,1127.85,242.48,216,0,0,0,44.8,18655.6433333333,18655.6433333333,0,0,0,0,0
181489144,50,1,1,12826.094,12826.094,1082.5,0,0,978.14,2920,844.76,1558.8,1253,1405.71,0,562.9,2220.284,18200,18200,562.9,0,0,1,0
638514925,50,1,3,8814.26,2938.08666666667,3935.97,0,1700,695.5,1229.9,0,342.89,0,750,0,0,160,29883.3333333333,9961.11111111111,0,0,0,0,0
507284916,50,1,7,26822.1,3831.72857142857,5650.65,4546.5,5900,5400,671.15,433,2238.61,830,100,0,0,1052.19,18101.99,2585.99857142857,0,0,0,0,0
381349409,50,1,1,6169.8167,6169.8167,2927.08,554.24,0,761.5,0,461.5347,231.222,330,350,0,433,121.24,10000,10000,0,0,0,0,0
357574926,50,1,4,6531.7,1632.925,3160.9,0,360,1248,0,350,692.8,720,0,0,0,0,9697.31,2424.3275,0,0,0,0,0
520372694,50,1,1,2604.16,2604.16,1428.9,0,0,760,0,0,95.26,200,120,0,0,0,8083.33333333333,8083.33333333333,0,0,0,0,1
762187555,50,2,2,21115.9282,10557.9641,3446.68,866,650,1491.5,1000,1280,5722.335,0,4821.12,200,0,1638.2932,24500,12250,0,800,1,0,0
384611158,50,2,3,19697.271,6565.757,6408.4,0,700,1246.405,0,3840,2245,1520,990,2292,0,455.466,40100,13366.6666666667,0,0,0,0,0
671630477,50,3,4,30119.614,7529.9035,4680.73,0,0,2387,3161.24,0,5996,1650,1098,7150,1472.2,2524.444,31500,7875,736.1,0,0,1,0
489720634,50,2,4,41256.4507,10314.112675,3771.0403,0,5700,2844.48,4049.2,1289,9549.588,660.4,3068,288,2967.9,7068.8424,50077,12519.25,2165,3696,1,1,0
646650697,50,2,3,11259.0733,3753.02443333333,5828.2233,0,250,2405,72,0,1226.3,600,800,0,0,77.55,25908.3333333333,8636.11111111111,0,72,1,0,1
251845360,50,1,2,9221.305,4610.6525,2898.935,0,0,1129.57,0,0,0,1600,3592.8,0,0,0,9220,4610,0,0,0,0,0
231851030,50,3,4,32688.985,8172.24625,5113.73,0,4730,2976.5,320,0,12143.255,3740,2525.5,0,216.5,923.5,149300,37325,0,576,1,0,0
985262211,50,1,7,41364.464,5909.20914285714,15227.744,866,3000,9900,896.31,0,692.8,4100,3306.11,0,3247.5,128,44192,6313.14285714286,3204.2,0,0,1,0
61095833,50,1,1,73633.3055,73633.3055,7111.9817,0,0,30429.675,12845.1024,1641.07,6664.5,1500,9436,0,2344.0455,1660.9309,87083.3333333333,87083.3333333333,265.6455,0,0,1,0
854506718,50,2,3,11152.69,3717.56333333333,1060.85,1537.15,700,699,0,200,3031,730,1020,0,2035.1,139.59,28500,9500,2035.1,0,0,1,0
439882898,50,2,5,28497.8439,5699.56878,4607.8561,1151.3037,4659,5183.31,1132.3,2663.383,3874.3,1032,1179.4,0,930.95,2084.0411,32977,6595.4,692.8,0,0,1,0
480491529,50,2,4,46116.99,11529.2475,5585.7,0,600,3360,711.35,13125.8,5221.44,1730,576.5,8400,1515.5,5290.7,17000,4250,1299,0,0,1,0
727262049,50,2,1,9407.3,9407.3,1342.3,0,0,1750,24,700,2165,1200,1200,0,866,160,13416.6666666667,13416.6666666667,0,0,0,0,0
960770974,50,2,3,30536.4981,10178.8327,6568.9131,0,1099,5714.82,3312.8755,160,1306.11,1106,3590.87,0,3182.55,4495.3595,47220,15740,4044.22,0,0,1,0
896262326,50,2,1,13223.52,13223.52,1277.35,0,0,5900,104,0,3263.95,898,806,0,433,541.22,12000,12000,779.4,0,0,1,0
114872326,50,2,3,46394.8865,15464.9621666667,7529.9133,0,1950,5164.5,4864.8367,0,22965,810,2172.475,0,0,938.1615,27250,9083.33333333333,0,0,0,0,0
507182914,50,1,2,7798.45,3899.225,562.9,0,400,2464.5,0,0,934.45,2100,400,700,86.6,150,17664.74,8832.37,0,0,0,0,0
546241506,50,2,2,13645.83,6822.915,2740.89,194.85,850,1426.36,274.48,855.88,1330.27,2908,394,1156,0,1515.1,24583.3333333333,12291.6666666667,0,0,0,0,0
850188621,50,1,2,13986.9395,6993.46975,4153.1195,0,3340,2362.26,586.87,303.1,952.6,960,100,0,0,1228.99,6811,3405.5,0,0,0,0,0
371902083,50,2,2,9541.116,4770.558,727.44,0,1240,599.5,0,610,1425.436,1594,1161,0,1541.48,642.26,21150,10575,1541.48,0,0,1,0
627206489,50,1,2,1588.96,794.48,917.96,0,0,671,0,0,0,0,0,0,0,0,16742,8371,0,0,0,0,1
130946579,50,2,2,33091.558,16545.779,2533.05,0,6370,8890,0,2000,7785.248,1950,2920,0,0,643.26,38333.3333333333,19166.6666666667,0,0,0,0,0
132605826,50,2,8,23443.535,2930.441875,3466.165,0,275,375,0,0,15829.82,0,3420,0,0,77.55,52360.34,6545.0425,0,0,0,0,0
350365393,50,1,3,21581.614,7193.87133333333,9963.33,0,780,6020,844.35,671.15,543.884,840,490,0,519.6,909.3,10452.5,3484.16666666667,519.6,0,0,1,0
589731432,50,1,10,19543.74,1954.374,7915.24,627.85,3550,1155,96,0,3949.65,750,1500,0,0,0,33443.3333333333,3344.33333333333,0,0,0,0,0
2917493,50,1,2,17182.485,8591.2425,1247.04,129.9,4415,794.995,2308,2912.7,323.9,300,194.85,0,4546.5,9.6,18562,9281,0,0,0,0,0
311881066,50,2,1,12410.1769,12410.1769,6481.0574,0,450,204.69,371.24,2511.4,511.55,496.85,739.5,0,0,643.8895,8690,8690,324.75,0,0,1,1
604578733,50,2,2,28184.772,14092.386,10560.87,207.84,2870,645,1566.25,3420.7,2598,850,997.6,0,3377.4,1091.112,5433.33333333333,2716.66666666667,2078.4,0,0,1,0
845402599,50,3,6,47086.1949,7847.69914999999,6300.15,0,10170,1162.645,4247,9702.1769,3031.433,1735,5965,352,3940.3,480.49,28283.3333333333,4713.88888888889,0,0,0,0,0
582594286,50,1,1,18135.856,18135.856,2771.2,519.6,3820,2888,312,0,1283.456,1871.2,2251.8,600,1818.6,0,19275.8333333333,19275.8333333333,909.3,0,0,1,0
525020007,50,1,4,22673.7709,5668.442725,9877.1197,968.1447,2030,1141.285,1589.2,1472.2,712.64,2347,625,0,0,1911.1815,23340,5835,0,0,0,0,0
254250445,50,1,2,24226.8494,12113.4247,5029.295,1939.84,300,6855,879.8,300,2572.8,1799.5,1651.35,0,2102.8,796.4644,12166.6666666667,6083.33333333333,0,0,0,0,0
495519384,50,1,1,12344.4887,12344.4887,7060.8444,0,1140,470.905,338.8923,1250.647,332.8,948,620,0,0,182.4,10354,10354,0,0,0,0,1
4762731,50,1,2,49724.51,24862.255,4719.7,0,4250,3445.1,5892.75,17454.1,6095.26,1633,4704,700,433,397.6,15500,7750,0,0,0,0,0
537190288,50,3,4,76794.8795,19198.719875,5434.15,433,0,4250,6474,89.6,39025,1850,4090,7950,5699.7955,1499.334,79166.6666666667,19791.6666666667,2517.2455,0,0,1,0
928350019,50,2,4,31584.9608,7896.2402,12774.2361,649.5,2500,1115,6276.6175,200,2186.65,1090,1367.6,1760,0,1665.3572,20000,5000,0,0,0,0,0
598738231,50,1,2,17019.261,8509.6305,3499.939,164.54,2130,3500,643.6,2085.1,2425.8,300,260,0,736.1,1274.182,10624.1666666667,5312.08333333333,736.1,0,0,1,0
574394389,50,1,5,10008.0378,2001.60756,3216.324,0,0,1868.49,186.19,2598,1413.502,500,120,0,0,105.5318,12795.7433333333,2559.14866666667,0,0,0,0,0
449939296,50,2,2,26535.9742,13267.9871,7893.8065,0,0,1593,1286.3043,2014,4423.7556,756,6636.83,0,433,1499.2778,21850,10925,0,0,0,0,0
653376210,50,1,1,9615.321,9615.321,2635.238,346.4,740,1389,269.557,0,181.86,300,457.86,0,2121.7,1173.706,13250,13250,0,0,0,0,0
843060331,50,1,11,14555.322,1323.21109090909,3948.96,0,5500,1245,86.6,0,1506.912,519.6,1640,0,0,108.25,35684.41,3244.03727272727,0,0,0,0,0
632346007,50,1,2,19331.604,9665.802,4161.13,0,1300,1601.26,541.2,480,2137.48,1834.85,795,0,6213.55,267.134,19313.3333333333,9656.66666666667,0,1722.4,1,0,0
918690947,50,2,3,46400.585,15466.8616666667,5507.76,1744.99,0,1290.02,14403.2,0,20895.76,1000,777,0,251.14,530.715,60266.6666666667,20088.8888888889,0,0,0,0,0
725882380,50,3,4,72138.3626,18034.59065,7309.9926,0,7000,2750,3944,1600,18792,750,19150,5488,3658.85,1695.52,135416.666666667,33854.1666666667,3009.35,0,0,1,0
655140543,50,2,2,25540.5546,12770.2773,3269.3665,0,3140,1134.14,140,10283.1005,848.62,1287.07,1323.25,0,3043.1,1071.9076,32123.1133333333,16061.5566666667,476.3,622.72,1,1,0
107754904,50,1,3,21948.844,7316.28133333333,14535.81,0,280,1060.5,835.69,1449.684,952.6,1633,630,0,0,571.56,4000,1333.33333333333,0,0,0,0,1
739690387,50,1,5,7397.32,1479.464,2641.3,0,0,367.5,0,2165,190.52,900,700,0,433,0,24966.6666666667,4993.33333333333,0,0,0,0,0
61509428,50,1,1,13660.215,13660.215,7694.41,0,240,3617.495,826.81,108.25,0,0,600,0,0,573.25,13500,13500,0,0,0,0,1
74130824,50,1,3,1459.275,486.425,292.275,0,0,1167,0,0,0,0,0,0,0,0,3333.33333333333,1111.11111111111,0,0,0,0,0
383716993,50,2,4,24022.75,6005.6875,7239.76,216.5,0,3135.5,4000,384,3359.26,1339,1736,1400,0,1212.73,25296,6324,0,0,0,0,0
595460585,50,1,2,7116.63,3558.315,1108.48,0,600,284.71,32,3810.4,381.04,250,500,0,0,150,9111,4555.5,0,0,0,0,0
379563556,50,2,3,87504.5379,29168.1793,20196.3757,0,3000,17032.09,6313.0962,10921.4793,8571.75,2700,4310.5,3640,6010.04,4809.2067,60000,20000,2598,0,0,1,0
958755518,50,1,1,12547.82,12547.82,1619.42,0,0,1800,3600,2250,0,700,0,0,2078.4,500,16833.3333333333,16833.3333333333,0,0,0,0,0
538101796,50,2,2,13120.0461,6560.02305,3918.6933,1013.22,435,1280.47,1126.4,504.16,3615.815,504,72.88,0,151.55,497.8578,17383.3333333333,8691.66666666667,0,0,0,0,0
334167753,50,1,1,14680.8795,14680.8795,2544.5245,0,1965,5097.815,413.04,95.26,381.04,660,32,0,2035.1,1457.1,9583.33333333333,9583.33333333333,822.7,0,0,1,0
210278416,50,2,4,58477.22,14619.305,11374.91,0,3200,1650,3070.7,0,7724.72,3450,16730,5400,3160.9,2715.99,65166.6666666667,16291.6666666667,3160.9,0,0,1,0
602741761,50,2,2,35148.229,17574.1145,6366.832,363.72,4220,2038.87,542,2382.801,9868.856,1610,3793.2,0,3767.1,194.85,50875.6666666667,25437.8333333333,3507.3,0,0,1,0
508737395,50,2,5,53756.87,10751.374,15093.4274,4511.86,500,5613.35,4750.94,600,12318.424,3168,3768.25,1400,714.45,1318.1686,73766.3333333333,14753.2666666667,649.5,0,0,1,0
697776458,50,1,4,17513.4268,4378.3567,8696.8916,0,0,3572.5,472.7927,0,862.536,1250,647.55,1500,0,511.1565,11083.3333333333,2770.83333333333,0,0,0,0,0
784298874,50,1,9,20835.3564,2315.0396,7293.885,0,4410,1403.84,633.97,142.89,977.34,1913,2732.59,900,0,427.8414,46599.1666666667,5177.68518518519,0,0,0,0,0
893983333,50,1,2,12035.789,6017.8945,5976.699,0,1200,1038.75,355.06,1817.05,0,0,15,0,0,1633.23,16891.6666666667,8445.83333333333,0,0,0,0,0
515673302,50,1,2,8836.02,4418.01,2740.89,0,1050,1998,0,77.94,1219.19,500,600,400,0,250,19708,9854,0,0,0,0,0
261292427,50,3,2,57824.7539,28912.37695,8586.39,692.8,960,2540.7,3914.8,9381.5,10466,3444.83,2633.395,888,2857.8,11458.5389,38816.6666666667,19408.3333333333,736.1,0,0,1,0
624489477,50,2,2,29397.872,14698.936,3563.59,346.4,0,9180,0,592,2170.15,680,3300,9000,0,565.732,34666.6666666667,17333.3333333333,0,0,0,0,0
473872445,50,2,1,10722.6998,10722.6998,3817.5012,2290.0504,1220,178.12,488.5154,400,866.5,0,435.4,0,242.48,784.1328,21100,21100,242.48,0,0,1,0
939217329,50,2,3,31088.416,10362.8053333333,3534.4058,372.38,1900,376.75,305,0,4609.34,2803,3695,0,7811.32,5681.2202,55570.6133333333,18523.5377777778,7811.32,0,0,1,0
965519606,50,1,2,17554.0532,8777.0266,8472.6842,0,0,830.035,6222.38,400,47.63,0,1077,0,0,504.324,19508.28,9754.14,0,0,0,0,0
394432862,50,2,2,17705.5318,8852.7659,5191.9298,173.2,2100,1505.58,409.35,1160.53,4330,629.5,645,0,0,1560.442,27483.3333333333,13741.6666666667,0,0,0,0,0
693529867,50,2,4,23106.9,5776.725,8919.8,389.7,2050,1205,532.3,0,4538,500,679.9,0,3182.55,1109.65,13000,3250,0,0,0,0,0
230047238,50,2,3,10259.1,3419.7,1251.37,995.9,430,2482.22,200,1766,433,734.75,1180,0,433,352.86,36465.8333333333,12155.2777777778,433,0,0,1,0
859468080,50,2,2,9092.9909,4546.49545,7173.6409,0,100,368,77.94,0,333.41,1040,0,0,0,0,32916.6666666667,16458.3333333333,0,0,0,0,1
641751516,50,2,1,17206.4764,17206.4764,3619.88,0,210,2359.96,3276.4,2393,821.66,1028.77,2881.55,0,0,615.2564,33525,33525,0,0,0,0,0
390577203,50,2,2,24207.5495,12103.77475,9136.2567,779.4,1300,2447.73,3660.1252,0,2276,2309.5,900,0,0,1398.5376,32615.6666666667,16307.8333333333,0,0,0,0,0
753606579,50,1,4,62917.34,15729.335,18567.04,736.1,9400,2227,820,10967.6,2537.38,2020,280,12300,2078.4,983.82,32900,8225,1299,0,0,1,0
375293793,50,2,4,63319.665,15829.91625,9157.95,0,2200,2540,566.28,13784.24,19851.965,2650,3570,1800,6365.1,834.13,59500,14875,6365.1,0,0,1,0
189865714,50,2,3,4907.38,1635.79333333333,3533.28,0,0,344,75,0,0,0,700,0,0,255.1,8505.17,2835.05666666667,0,0,0,0,1
122270341,50,2,7,15675.747,2239.39242857143,2797.18,0,0,4890.28,0,0,4468.56,1178.73,2253,0,0,87.997,37010.0933333333,5287.15619047619,0,0,0,0,0
597616908,50,2,1,8528.27,8528.27,3641.53,736.1,150,1550,0,0,1732,0,0,0,346.4,372.24,6000,6000,0,0,0,0,0
566543213,50,2,6,14487.704,2414.61733333333,8556.08,0,0,2800,0,500,1154.45,500,550,40,0,387.174,28900,4816.66666666667,0,0,0,0,1
790068971,50,1,2,10619.84,5309.92,3983.6,0,1600,1917.5,0,270,1052.19,420,0,0,1299,77.55,22797.1666666667,11398.5833333333,0,0,0,0,0
225452430,50,2,1,15516.157768,15516.157768,2496.3316,413.082,1170,1136.42,1282,493.5,2309.52,1383.84,1243.5,0,2208.3,1379.664168,18932.3333333333,18932.3333333333,1082.5,0,0,1,0
610182235,50,3,4,72070.7228,18017.6807,8742.27,0,3200,4737.6,100,1206.4,34004.84,2922.44,4245,9473.68,1039.2,2399.2928,154333.333333333,38583.3333333333,1039.2,0,0,1,0
205835098,50,1,3,15123.38,5041.12666666667,2853.47,0,50,6302,286.61,500,1952.18,1400,1263,0,0,516.12,27333.3333333333,9111.11111111111,0,0,0,0,0
374979894,50,1,6,26446.13,4407.68833333333,8300.61,2407.48,3274,1340.8,2482.52,740.43,90.4,950.4,3711.8,0,2165,982.69,13079.1666666667,2179.86111111111,0,0,0,0,0
787157335,50,2,2,34279.49,17139.745,714.45,4026.9,100,1251.06,1143.74,4300,1151.26,1330,14500,0,4763,999.08,49358.3333333333,24679.1666666667,0,0,0,0,0
800295156,50,2,2,39342.36392,19671.18196,4576.81,2100.05,0,919.44,249.6,7174,19482.5,1314.15,1800,0,0,1725.81392,14246.6666666667,7123.33333333333,0,0,0,0,0
607592312,50,2,4,22965.5345,5741.383625,4988.16,822.7,2250,7688.5,2.8145,0,1640.44,1800,668,800,1363.95,940.97,20933.3333333333,5233.33333333333,1299,0,0,1,0
479380729,50,2,1,32824.746,32824.746,6577.27,303.1,4500,1725,320,930.95,8315,1803.32,2862,0,4936.2,551.906,13800,13800,0,2403.32,1,0,0
544186799,50,2,2,27209.513,13604.7565,6608.4893,219.531,1690,1166.305,4329.6002,800,3277.76,911.67,1586.88,0,5325.9,1293.3775,22016.6666666667,11008.3333333333,2814.5,140,1,1,0
644727770,50,1,5,14088.078,2817.6156,5421.16,0,800,1325,0,0,1781.178,1400,710,0,0,2650.74,11583.3333333333,2316.66666666667,0,0,0,0,0
882689102,50,2,3,6355.188,2118.396,3922.98,614.86,0,354.5,0,54.33,0,270,700,0,0,438.518,15816.6666666667,5272.22222222222,0,0,0,0,1
237942646,50,1,6,18281.565,3046.9275,1877.055,173.2,7030,5643,300,0,815.68,903.3,824.33,0,0,715,37733.3333333333,6288.88888888889,0,0,0,0,0
758537232,50,1,3,10518.86,3506.28666666667,3892.67,0,415,1850,419.39,300,768,937.9,940,0,0,995.9,8903.33333333333,2967.77777777778,0,0,0,0,0
330872649,50,1,4,27814.1774,6953.54435,11443.2374,900.64,3490,1010.5,1298.68,817.59,3381.73,1700,2412.18,0,887.65,471.97,20600,5150,0,576,1,0,0
252069025,50,2,2,9361.48000000001,4680.74,2849.14,0,420,981.31,99.6,1057.26,1610.76,213.2,260,0,216.5,1653.71,7843,3921.5,0,0,0,0,0
133564132,50,3,3,10185.145,3395.04833333333,2327.375,0,0,1133.22,181.55,0,4763,700,1080,0,0,0,12500,4166.66666666667,0,0,0,0,0
522507158,50,1,4,11063.17,2765.7925,3546.27,0,3790,662.5,108.25,822.7,844.35,0,120,0,736.1,433,21365.7433333333,5341.43583333333,0,0,0,0,0
547927917,50,1,1,5496.16,5496.16,1576.12,0,800,1095.74,280,604.3,0,600,290,0,0,250,7366.66666666667,7366.66666666667,0,0,0,0,0
709398216,50,2,1,13711.9659,13711.9659,3777.059,0,450,1210,840,6816.9669,0,0,196,0,0,421.94,15848.3333333333,15848.3333333333,0,0,0,0,0
831941395,50,1,4,10614.106,2653.5265,2598,0,0,1533,108.25,216.5,1690.786,860,2214.26,0,736.1,657.21,11700,2925,649.5,0,0,1,0
158692800,50,1,1,15345.1664,15345.1664,4307.1376,796.72,0,2591.98,532.59,3418.43,1160.44,1623,870,0,0,44.8688,11316.6666666667,11316.6666666667,0,0,0,0,0
593243155,50,1,1,3849.908,3849.908,2026.44,0,0,321.1,950,350,0,0,0,0,0,202.368,14166.6666666667,14166.6666666667,0,0,0,0,1
221290493,50,2,2,21160.1531,10580.07655,10245.9924,649.5,0,2635,976.3717,820,2360.299,1548,700,0,0,1224.99,19166.6666666667,9583.33333333333,0,0,0,0,0
487505073,50,1,4,7572.747,1893.18675,2797.18,1255.7,1050,250,108.25,238.15,627.85,0,0,0,0,1245.617,14200,3550,0,0,0,0,0
988844061,50,1,5,22388.326,4477.6652,9110.32,779.4,0,835.3,423.1,2598,3592.26,0,4100,0,0,949.946,33641.3333333333,6728.26666666667,0,0,0,0,0
403767509,50,1,6,15872.295,2645.3825,3775.76,0,1950,2800,0,900,1839.725,1763.2,1312.28,0,1407.25,124.08,36362.41,6060.40166666667,0,0,0,0,0
617129554,50,1,4,31939.282,7984.8205,3498.64,0,5780,8750,320,5384.52,4747.43,1000,2196,0,0,262.692,27083.3333333333,6770.83333333333,0,0,0,0,0
344809109,50,1,3,4178.26,1392.75333333333,2260.26,0,35,1100,216.5,0,0,216.5,350,0,0,0,26803.3333333333,8934.44444444444,0,0,0,0,1
78741891,50,1,2,13727.17,6863.585,2152.01,467.64,1300,5640.62,364,0,1177.76,860,1282,0,251.14,232,14581,7290.5,0,0,0,0,0
833262053,50,3,3,11146.905,3715.635,5618.175,389.7,800,420,0,562.9,1271.47,1200,120,0,216.5,548.16,24000,8000,0,0,0,0,1
891851610,50,1,2,68792.6124,34396.3062,11958.3775,0,0,11631.5,1275.312,14900.3649,12666.92,2331.64,1415.68,0,5769.92,6842.898,111483.333333333,55741.6666666667,969.92,0,0,1,0
42474973,50,1,3,7678.65,2559.55,3528.95,0,1500,1210,86.6,0,0,753.1,400,0,0,200,8400,2800,0,0,0,0,0
237944048,50,1,2,10463.905,5231.9525,4960.015,0,400,2570,312.85,150,581.04,890,600,0,0,0,17336.6666666667,8668.33333333333,0,0,0,0,0
845938955,50,2,3,23862.06,7954.02,4641.76,0,910,2586.2,627.85,7444.5,5109.4,1520,50,0,0,972.35,42121.5,14040.5,0,0,0,0,0
651260705,50,1,2,5801.94,2900.97,1034.87,904.97,0,790,0,0,64,569.2,200,6.4,1082.5,1150,9220,4610,0,0,0,0,0
668756641,50,2,1,20006.7962,20006.7962,8407.0414,2195.31,170,1722.5,0,1200,726.3,1951,2350,0,0,1284.6448,7500,7500,0,0,0,0,0
420845884,50,1,4,23619.572,5904.893,5988.39,194.85,3710,6822.56,1500.12,300,1313.902,1100,1050,16,1190.75,433,26166.6666666667,6541.66666666667,1320.65,0,0,1,0
679461034,50,1,6,9789.435,1631.5725,5717.765,606.2,270,1297,0,0,428.67,940,399.9,0,0,129.9,10200,1700,0,0,0,0,1
91664471,50,2,3,22961.9341,7653.97803333333,7298.4748,2208.3,3250,974.5,699.2084,1273,4330,490,1303.1,0,0,1135.3509,13950,4650,0,0,0,0,0
383179686,50,1,2,15308.4486,7654.2243,6077.3715,363.72,1420,884.426,1306.1645,2134.9711,163.815,1115.86,1129.36,0,151.55,561.2105,17354.8333333333,8677.41666666667,0,0,0,0,0
4838780,50,3,5,17846.085,3569.217,7917.405,0,0,2195.4,317.9,0,3027.1,333,2438.49,0,1320.65,296.14,12766.25,2553.25,0,0,0,0,0
22796722,50,1,1,11512.5731,11512.5731,2648.6177,0,500,1777,164.54,0,766.41,875.5,700,0,3420.7,659.8054,11998,11998,0,0,0,0,0
795710639,50,2,4,34877.8146,8719.45365,7481.8936,1593.44,6750,8845.02,646.4,990,4436.01,812.9,360,0,1339.45,1622.701,33794.7433333333,8448.68583333333,433,0,0,1,0
545972228,50,2,3,63297.2577,21099.0859,10216.3319,1039.2,11840,14108,599.4017,3595.5,10505.34,1100,4546,3032,1385.6,1329.8841,32000,10666.6666666667,0,1800,1,0,0
516636254,50,1,2,44947.306,22473.653,1775.3,0,0,4191.4,0,500,32883.32,1800,2275,0,303.1,1219.186,26359.3333333333,13179.6666666667,0,0,0,0,0
525611530,50,1,10,22618.8394,2261.88394,4607.12,173.2,1865,709.75,1849.25,108.25,2963.925,1016.5,8583.1,0,0,742.7444,27900,2790,0,0,0,0,0
580262493,50,1,5,18576.82,3715.364,6854.39,1732,3400,972.82,189,0,1015.11,649.5,200,0,3464,100,28766.6666666667,5753.33333333333,0,0,0,0,0
911603529,50,1,1,4460.265,4460.265,1084.665,0,0,631,656,150,606.2,0,0,0,1212.4,120,7371.66666666667,7371.66666666667,0,0,0,0,0
248668311,50,1,1,12779.895,12779.895,1363.95,0,0,1150,0,6137.545,0,1550,0,0,2078.4,500,11666.6666666667,11666.6666666667,0,0,0,0,0
236769433,50,2,4,25387.9574,6346.98935,5799.4288,3723.8,1120,3496.0776,1313.981,2511.4,1566,1824.8,0,3164,0,868.47,32783.3333333333,8195.83333333333,0,0,0,0,0
463660650,50,2,4,34814.8528,8703.7132,8092.77,562.9,1150,4401.5,250,4220,3484.075,3018.8,2211.45,2552.8,1905.2,2965.3578,40750,10187.5,1688.7,0,0,1,0
827064862,50,2,3,26437.31,8812.43666666667,2779.86,0,0,877,0,480,11342.76,3861,200,200,5672.3,1024.39,47000,15666.6666666667,5131.05,0,0,1,0
533053941,50,2,6,19147.132,3191.18866666667,6062.866,0,2000,2948.48,470,0,3859,1335,1843.82,0,0,627.966,14566.6666666667,2427.77777777778,0,0,0,0,0
558362077,50,1,6,15678.16,2613.02666666667,5732.92,0,1550,523.2,1260.4,64,4797.64,930,270,0,0,550,17433.3333333333,2905.55555555556,0,0,0,0,0
277066314,50,1,5,11708.824,2341.7648,5984.06,454.65,0,1257.365,2708,51.96,225.16,0,500,0,0,527.629,24200,4840,0,0,0,0,1
280284252,50,2,3,20099.19,6699.73,545.58,1753.65,4500,1121.61,180,0,3897,593.19,5760,0,0,1748.16,18333.3333333333,6111.11111111111,0,0,0,0,0
525889946,50,2,4,28005.24,7001.31,4910.22,2576.35,1500,3700,2349.1,112,4353.26,1927.2,4965,0,0,1612.11,52500,13125,0,640,1,0,0
176494984,50,2,4,17420.73,4355.1825,5468.79,259.8,2800,2320,250,995.9,2866.04,1500,500,0,0,460.2,29812.3333333333,7453.08333333333,0,0,0,0,0
113592500,50,1,4,7109.03,1777.2575,2126.03,0,1250,2305,128,0,150,400,500,0,0,250,9666.66666666667,2416.66666666667,0,0,0,0,0
457982027,50,2,2,35608.428,17804.214,2901.1,853.01,3405,3200,3279.6,0,13848,1130,1244.65,0,5564.05,183.018,34500,17250,2533.05,0,0,1,0
105209263,50,3,5,46040.2277,9208.04554,6552.3292,164.54,1100,10670.56,1944.8,14272,2465,1915,2790,0,1039.2,3126.7985,23830,4766,1039.2,400,1,1,0
510873743,50,2,1,11595.2942,11595.2942,4630.9783,0,0,722,1551.4734,0,0,946,1016.5,0,0,2728.3425,10833.3333333333,10833.3333333333,0,0,0,0,0
973267848,50,2,2,14211.948,7105.974,3875.35,0,0,1868,68.8,4547.5,1299,330,1310,0,606.2,307.098,13000,6500,0,0,0,0,0
433204425,50,1,2,25320.055,12660.0275,4000.92,194.85,1050,2708,5581.26,1900,3302,300,3420,0,974.25,1888.775,16700,8350,974.25,0,0,1,0
760144164,50,1,7,31051.0663,4435.86661428571,9844.2117,2303.56,1100,940.57,710.5963,0,0,3525,8576,0,1294.67,2756.4583,21010,3001.42857142857,0,0,0,0,0
82881183,50,2,3,56160.9938,18720.3312666667,10263.6588,1519.83,9700,3141.17,4604.37,4052,11736,583,9040,0,0,1520.965,11400,3800,0,0,0,0,0
26933636,50,1,2,16600.87,8300.435,5815.19,259.8,0,2450,1115.4,0,1255.28,933,3300,0,974.25,497.95,10583.3333333333,5291.66666666667,974.25,0,0,1,0
837864217,50,2,1,69327.82,69327.82,5525.08,0,6730,9062,762,1619,5060,3800,19396,0,14505.5,2868.24,19000,19000,13985.9,1920,1,1,0
414936474,50,1,4,10203.7,2550.925,2797.18,0,3600,1950,0,86.6,103.92,500,0,0,866,300,6542.42,1635.605,0,0,0,0,0
870204342,50,2,2,23660.71,11830.355,5399.51,3182.55,3700,1620,320,0,3569.3,750,0,0,4286.7,832.65,19166.6666666667,9583.33333333333,4286.7,0,0,1,0
869134591,50,2,2,40716.4875,20358.24375,10533.8941,0,2108,890.16,3929.9006,1200,16990,954.08,1290,0,320,2500.4528,19444.5,9722.25,0,0,0,0,0
657037139,50,1,3,5641.26,1880.42,3126.26,0,0,0,519.6,0,488.15,0,0,0,1255.7,251.55,2400,800,0,0,0,0,1
