id,provincia,propauto,cantmiem,gastot,gastotpc,gc_01,gc_02,gc_03,gc_04,gc_05,gc_06,gc_07,gc_08,gc_09,gc_10,gc_11,gc_12,ingtoth,ingpch,tn_restaurant,tn_internet,cat_gastos_internet,cat_gastos_restaurant,cat_gastos_alimentos
852775670,66,2,3,23010.08,7670.02666666667,6915.01,151.55,740,1212.08,199.18,224.54,4519.05,1709.91,2960,0,2836.15,1542.61,17500,5833.33333333333,2294.9,0,0,1,0
103542290,66,1,3,17340.77,5780.25666666667,4737.02,0,2900,3890,288.95,400,649.5,1783,1350,0,1342.3,0,31916.6666666667,10638.8888888889,1342.3,433,1,1,0
101674021,66,1,8,18293.204,2286.6505,11495.284,0,690,3900,100,0,493.62,1309.5,45,0,259.8,0,37516.6666666667,4689.58333333333,0,0,0,0,1
957067535,66,1,4,13619.55,3404.8875,6624.9,0,0,1975,0,1700,866,0,2253.65,0,0,200,13900,3475,0,0,0,0,0
365079644,66,2,3,26898.616,8966.20533333333,6750.47,0,1950,8000,192,0,5307.896,2400,1490,700,108.25,0,59000,19666.6666666667,0,0,0,0,0
494812053,66,2,2,17756.05,8878.025,541.25,0,1500,2740,380,0,3045,1225,5805,0,2279.8,240,42000,21000,1991.8,0,0,1,0
750970832,66,1,2,5786.634,2893.317,2100.05,0,0,1400,0,0,1146.584,310,700,0,0,130,38833.3333333333,19416.6666666667,0,0,0,0,0
30811480,66,1,10,6638.07136,663.807136,1766.64,238.15,0,1018.8,227.94,0,1087.696,0,0,0,2294.9,3.94536,43846.98,4384.698,1948.5,0,0,1,0
819959981,66,1,3,28938.28,9646.09333333333,9110.32,0,0,3675.28,182,9384,861.67,403.01,1956.2,2240,1125.8,0,22500,7500,866,0,0,1,0
751904215,66,2,3,19744,6581.33333333333,4109.17,0,1500,1280,0,6556.93,2508,3060,729.9,0,0,0,32000,10666.6666666667,0,0,0,0,0
959423970,66,1,24,22372.418,932.184083333334,16072.96,0,1100,2700,0,0,1570.058,779.4,150,0,0,0,52400,2183.33333333333,0,0,0,0,1
795806900,66,1,18,38035.4265,2113.07925,23888.61,0,0,3900,0,1039.2,3052.8665,1916,450,0,3788.75,0,44593.3333333333,2477.40740740741,3680.5,0,0,1,1
970335037,66,1,5,11319.64,2263.928,1900.87,0,2100,999.2,200,0,2382.366,216.5,2960,400,0,160.704,10600,2120,0,0,0,0,0
448799199,66,1,7,21702.195,3100.31357142857,8465.15,337.74,0,1060,0,43.3,9202.9,433,550,0,1450.55,159.555,25700,3671.42857142857,0,433,1,0,0
96554762,66,1,7,14238.09,2034.01285714286,8196.69,1039.2,0,2123,0,0,129.9,560,1129.5,800,259.8,0,10733.3333333333,1533.33333333333,0,0,0,0,1
732920612,66,1,11,11764.925,1069.53863636364,5847.665,86.6,1450,1210,0,0,1816.5,238.15,803.51,0,216.5,96,29316.6666666667,2665.15151515152,216.5,0,0,1,0
40669213,66,1,1,3128.28,3128.28,1195.08,173.2,0,1760,0,0,0,0,0,0,0,0,3800,3800,0,0,0,0,0
87723509,66,3,4,27722.18,6930.545,3736.79,0,3560,2680,870.19,0,1516.72,788,1945.3,638.4,6711.5,5275.28,19666.6666666667,4916.66666666667,2468.1,0,0,1,0
802049976,66,2,6,39653.6172,6608.9362,3307.4272,285.78,7000,1668.88,0,900,7114.3,3154.5,2670,1916,9807.45,1829.28,93975,15662.5,9526,0,0,1,0
349723582,66,1,2,8679.89,4339.945,3165.23,0,1900,1350,0,129.9,0,750,480,0,519.6,385.16,17166.6666666667,8583.33333333333,519.6,0,0,1,0
509527423,66,1,4,13525.3046,3381.32615,6811.09,0,0,2260.94,194.85,0,0,1350,1817.2,0,606.2,485.0246,25666.6666666667,6416.66666666667,0,0,0,0,1
508963568,66,1,1,2617.82,2617.82,233.82,0,0,934,0,500,0,400,550,0,0,0,8046.66666666667,8046.66666666667,0,0,0,0,0
449599345,66,1,1,9676.928,9676.928,1727.67,0,3550,2500,40,0,634.358,650,445,0,43.3,86.6,5000,5000,0,0,0,0,0
32129460,66,2,4,17666.24,4416.56,3650.19,0,2300,1275,43.3,0,6815,1233,800,0,1472.2,77.55,24166.6666666667,6041.66666666667,1039.2,0,0,1,0
313656839,66,2,4,23539.019,5884.75475,5477.45,138.56,0,2564.58,0,3118.6,4560.789,800,500,4000,1861.9,517.14,36666.6666666667,9166.66666666667,779.4,0,0,1,0
264103736,66,1,5,2852.52,570.504,1922.52,0,0,250,0,200,0,400,0,0,0,80,6000,1200,0,0,0,0,1
792196473,66,1,6,5173.516,862.252666666667,1684.37,0,900,1020,393.61,0,0,0,86.6,0,0,1088.936,4450,741.666666666667,0,0,0,0,0
714679030,66,1,3,11548.805,3849.60166666667,4879.91,0,0,1500,653.83,0,495.785,700,319.28,3000,0,0,16000,5333.33333333333,0,0,0,0,0
163307085,66,1,3,8312.52,2770.84,3697.82,0,450,1605,70,0,1989.7,0,250,0,0,250,9300,3100,0,0,0,0,0
292269400,66,1,3,14366.526,4788.842,6291.49,0,0,2264.5,2016,0,0,1633,819.236,0,1342.3,0,32800,10933.3333333333,1342.3,433,1,1,0
308545035,66,1,4,12234.88,3058.72,5689.62,0,0,1081,2944,0,528.26,1512,480,0,0,0,33900,8475,0,0,0,0,0
893188436,66,1,5,16194.533,3238.9066,7014.6,0,450,1890,0,0,2013.883,2122.5,387,0,2316.55,0,61650,12330,0,0,0,0,0
777042594,66,1,2,4773.497,2386.7485,389.7,0,0,1265,0,242.48,90.497,1875,275,0,476.3,159.52,17800,8900,0,0,0,0,0
518065738,66,2,4,28248.4,7062.1,5745.91,1363.95,5000,2838.79,0,0,9526,1700,969.6,0,1104.15,0,37000,9250,259.8,0,0,1,0
946024728,66,2,5,14286.08,2857.216,1602.1,0,0,8800,0,0,866,2100,679.9,0,0,238.08,14266.6666666667,2853.33333333333,0,0,0,0,0
351557103,66,1,3,8127.05,2709.01666666667,4048.55,0,350,1165,50,0,1602.1,216.5,550,0,129.9,15,12066.6666666667,4022.22222222222,0,216.5,1,0,0
508488749,66,1,3,7547.62,2515.87333333333,1558.8,0,450,1224,0,433,2615.32,450,616.5,0,0,200,16200,5400,0,0,0,0,0
602675041,66,2,8,23231.6,2903.95,6334.79,0,2170,2331.21,242.2,764.54,4798.46,822.26,1284.25,0,3832.05,651.84,48660.99,6082.62375,2208.3,0,0,1,0
692621703,66,1,4,18658.5,4664.625,1047.86,0,0,1850,5000,0,1247.04,380,820,0,8313.6,0,31257.3333333333,7814.33333333333,3117.6,0,0,1,0
943954580,66,1,2,25148.4925,12574.24625,4511.86,1571.79,3200,7515,1225.15,0,520.6825,570,900,0,3891.3,1242.71,35000,17500,1926.85,0,0,1,0
196692012,66,2,3,9062.01,3020.67,1654.06,0,0,6220,173.2,108.25,0,190,500,0,0,216.5,14500,4833.33333333333,0,0,0,0,0
169124889,66,2,1,13037.9,13037.9,2511.4,303.1,0,5900,0,0,1169.1,216.5,0,0,2857.8,80,18000,18000,2857.8,0,0,1,0
258743253,66,1,2,9911.205,4955.6025,2158.505,216.5,0,1800,0,0,3464,800,0,0,1472.2,0,40500,20250,0,0,0,0,0
969194156,66,2,5,15893.49,3178.698,2710.58,433,1200,2200,27.2,2200,844.35,2228.9,0,0,3299.46,750,37083.3333333333,7416.66666666667,1385.6,0,0,1,0
65058954,66,1,6,15928.569,2654.7615,8157.72,0,0,3867,0,100,694.099,1259.8,769,150,692.8,238.15,17200,2866.66666666667,0,0,0,0,1
175328169,66,1,5,14463.98,2892.796,5542.4,0,3410,1140,279.2,0,1233.12,433,1241.66,72,952.6,160,2500,500,0,433,1,0,0
532964142,66,1,6,16920.8351,2820.13918333333,9380.9017,303.0567,0,1091.77,206.974,400,424.34,1128,1624.6,0,671.15,1690.0427,34683.3333333333,5780.55555555555,0,0,0,0,1
933840910,66,1,7,21849.23,3121.31857142857,5269.61,476.3,0,3337,64.95,9637.53,259.8,0,480,0,1991.8,332.24,53100,7585.71428571429,0,0,0,0,0
949467858,66,1,5,15971.112,3194.2224,6100.97,649.5,2500,592,345,3130.59,1125.8,0,500,0,692.8,334.452,20400,4080,0,0,0,0,0
586141318,66,2,2,10087.444,5043.722,1485.19,0,0,2746.5,212.17,710,1146.584,1712,1675,0,0,400,19500,9750,0,0,0,0,0
707918882,66,1,2,9774.98,4887.49,3879.68,0,1000,1371,0,0,1341.3,1633,550,0,0,0,9579.16666666667,4789.58333333333,0,0,0,0,0
591553248,66,2,4,14459.3707,3614.842675,3692.624,0,0,2300,291.2791,0,3134.487,965,1600,0,2186.65,289.3306,24200,6050,1190.75,0,0,1,0
619449837,66,1,5,15455.019,3091.0038,6066.33,0,200,1550,0,0,4777.289,683,0,0,2078.4,100,34958.39,6991.678,0,0,0,0,0
689120380,66,2,5,25474.995,5094.999,7716.06,0,1500,3169,5857.25,400,2314.385,1799.5,1160,0,866,692.8,28700,5740,866,0,0,1,0
456545398,66,1,2,7989.95,3994.975,887.65,0,0,3180.8,416,1000,0,0,400,350,1515.5,240,37100,18550,0,0,0,0,0
881018675,66,1,10,10610.71104,1061.071104,4845.27,0,2400,1672.79,207.84,0,337.74,0,5.6,80,995.9,65.57104,14750,1475,822.7,0,0,1,0
60474737,66,1,4,12531.02,3132.755,6460.36,562.9,0,1344.89,488.9,0,974.25,433,1091.56,0,692.8,482.36,25552.5,6388.125,692.8,433,1,1,1
292882437,66,1,2,17713.95,8856.975,4996.82,0,1736,1000,577.64,3800,194.85,850,1700.74,0,2359.85,498.05,7166.66666666667,3583.33333333333,0,0,0,0,0
854425146,66,1,7,25764.355,3680.62214285714,11283.98,627.85,2950,500,958.69,653.83,681.36,2236.5,1595.9,0,2491.8,1784.445,21606.6666666667,3086.66666666667,433,0,0,1,0
994911659,66,1,1,9357.85,9357.85,1017.55,0,500,5120,225,636.6,0,0,0,0,1688.7,170,7500,7500,909.3,0,0,1,0
236305072,66,1,5,2048.17,409.634,909.3,129.9,220,750,0,0,0,0,38.97,0,0,0,6933.33333333333,1386.66666666667,0,0,0,0,0
734407182,66,2,5,29207.325,5841.465,3485.65,0,1050,9129.77,714.45,6500,2639.135,616.5,2620,1500,796.72,155.1,39100,7820,796.72,0,0,1,0
163013700,66,1,7,18172.255,2596.03642857143,9694.87,0,500,1450,792.39,750,476.3,305,1670.645,0,1905.2,627.85,21333.6666666667,3047.66666666667,0,0,0,0,1
787176138,66,2,3,14777.5,4925.83333333333,4139.48,0,0,1800,250,0,4866.92,800,1566,1200,0,155.1,27500,9166.66666666667,0,0,0,0,0
523288268,66,1,6,17581.98,2930.33,7677.09,0,1300,570,359.39,0,5224,433,0,0,1948.5,70,32345.1666666667,5390.86111111111,0,0,0,0,0
244965178,66,1,1,7300.08,7300.08,2927.08,0,200,3250,83.3,0,346.4,0,250,0,0,243.3,15000,15000,0,0,0,0,0
295157817,66,1,4,18989.985,4747.49625,3676.17,0,7475,2880.755,259,2000,1012.8,350,684.96,0,476.3,175,10800,2700,0,0,0,0,0
685312733,66,1,4,21422.5589,5355.639725,6374.9724,151.55,900,1808,185,1250,1905.2,655,1626.55,0,5223.25,1343.0365,39600,9900,2381.5,0,0,1,0
70232676,66,1,2,14567.97,7283.985,6230.87,562.9,800,1670,0,0,866,1400,700,0,2294.9,43.3,25333.3333333333,12666.6666666667,1861.9,0,0,1,0
341068705,66,1,8,15688.08,1961.01,8491.13,0,700,1700,2514.85,0,866,649.5,500,0,86.6,180,48930,6116.25,0,692.8,1,0,1
151787714,66,2,5,46871.8675,9374.3735,10065.085,1580.45,1300,1500,223.61,4520.87,6186.9205,4609.5,6883.42,2400,4195.77,3406.242,58560,11712,2875.12,0,0,1,0
952783394,66,2,4,4989.25,1247.3125,1801.28,0,0,1250,0,0,82.27,433,600,0,822.7,0,20633.3333333333,5158.33333333333,0,0,0,0,0
399537534,66,1,9,8614.14,957.126666666667,2307.89,0,0,1780,0,0,1299,0,620,1200,1407.25,0,24800,2755.55555555556,0,0,0,0,0
130836157,66,1,3,2373.2,791.066666666667,173.2,0,0,1500,0,0,0,0,700,0,0,0,12833.3333333333,4277.77777777778,0,0,0,0,0
648446695,66,1,5,20311.265,4062.253,13223.82,2294.9,0,1820,861.67,0,560.735,1299,0,0,0,251.14,26813.42,5362.684,0,0,0,0,1
826666151,66,2,1,36299.01,36299.01,3126.26,844.35,0,18450,1732,0,7794,1250,750,0,1732,620.4,42800,42800,1732,0,0,1,0
678829782,66,1,1,4738.872,4738.872,2745.22,0,0,1154.5,0,0,0,335,450,0,0,54.152,7000,7000,0,0,0,0,1
405762244,66,2,4,33950.219,8487.55475,8469.48,0,3000,10690,64.95,320,2369.809,3012,600,600,4459.9,364.08,26446.7533333333,6611.68833333333,0,0,0,0,0
366893071,66,1,4,19118.4,4779.6,995.9,216.5,3190,3400,0,900,0,900,1520,2800,5196,0,44500,11125,5196,0,0,1,0
476275141,66,2,2,13618.64,6809.32,1623.75,0,0,5387,649.5,3000,597.54,1300,0,0,1060.85,0,10700,5350,0,0,0,0,0
216800382,66,1,9,13417.625,1490.84722222222,3093.785,0,450,1320,488.67,1450.55,1073.84,2284.05,540,1500,913.63,303.1,18460.6933333333,2051.18814814815,0,692.8,1,0,0
113486178,66,1,5,12217.862,2443.5724,5975.4,0,700,746,736.1,0,1261.762,433,1413,0,433,519.6,15325,3065,151.55,0,0,1,0
961643576,66,1,3,14155.147,4718.38233333333,5754.57,0,0,4425,734.85,80,1090.727,1380,690,0,0,0,32350,10783.3333333333,0,0,0,0,0
731613818,66,2,2,23427.05,11713.525,346.4,0,0,908,0,8520,568.05,1500,0,0,11344.6,240,50833.3333333333,25416.6666666667,2251.6,0,0,1,0
30521841,66,1,3,15243.6,5081.2,4308.35,454.65,1500,2208,80,0,0,1466,3451.3,0,1775.3,0,15036.67,5012.22333333333,0,0,0,0,0
522084174,66,1,5,4521.82,904.364,2442.12,259.8,0,1158,0,86.6,108.8,216.5,250,0,0,0,5767.33,1153.466,0,0,0,0,1
72390706,66,1,2,12266.11,6133.055,4260.72,1190.75,970,520,754.96,400,944.68,0,1295,0,1732,198,8716.66666666667,4358.33333333333,0,0,0,0,0
575325373,66,2,3,26272.738,8757.57933333333,5914.78,0,0,1827,1200,646.2,8368.158,1800,5217.6,0,1299,0,35700,11900,866,0,0,1,0
701263435,66,1,5,20100.863,4020.1726,5654.98,0,1300,8100,0,0,931.383,0,1100,0,1515.5,1499,19800,3960,0,0,0,0,0
510519449,66,1,2,19005.628,9502.814,593.21,0,300,3776,0,12000,236.418,2100,0,0,0,0,29113.42,14556.71,0,0,0,0,0
8022046,66,1,3,9130.06,3043.35333333333,3082.96,0,0,2486,0,0,1472.2,260,1049.5,0,779.4,0,27616.6666666667,9205.55555555556,0,0,0,0,0
981304139,66,1,1,7670.07,7670.07,2593.67,0,950,2949.5,0,0,184,433,350,0,129.9,80,5000,5000,0,0,0,0,0
377126376,66,1,10,5781.096,578.1096,2121.7,0,0,2090,0,0,736.1,0,250,0,0,583.296,22800,2280,0,0,0,0,0
910777033,66,1,6,26898.894,4483.149,10521.9,0,400,3300,151.55,1600,4575.944,3200,2500,0,649.5,0,68416.6666666667,11402.7777777778,0,0,0,0,0
444280154,66,2,2,28912.7467,14456.37335,1991.7567,0,1450,11000,0,3260,658.16,1450,1952.6,6000,866,284.23,29500,14750,995.9,0,0,1,0
928644033,66,1,4,9964.365,2491.09125,3095.95,757.75,1440,1440,0,259.8,526.095,1746.52,590,0,108.25,0,19800,4950,0,0,0,0,0
936812260,66,1,5,8790.84,1758.168,2346.86,0,3050,1500.95,0,0,1368.28,200,64.95,0,259.8,0,12987,2597.4,0,0,0,0,0
957885877,66,1,2,12051.842,6025.921,2022.11,649.5,1900,1379,346.4,1420,478.032,1106,2291,0,259.8,200,33133.3333333333,16566.6666666667,0,0,0,0,0
420768256,66,3,2,52773.403,26386.7015,6296.253,1112.81,10950,2657.47,96,6495,16233.82,2300,2764,0,368.05,3500,30500,15250,0,0,0,0,0
971455410,66,1,8,23011.158,2876.39475,9214.24000000001,0,5035,966.1,2588,0,1905.888,0,2706.56,0,385.37,210,17068.9166666667,2133.61458333333,0,0,0,0,0
843224415,66,1,4,48784.3541,12196.088525,8739.1091,0,0,1350,494.96,5196,23156.57,1952.5,6988.08,0,346.4,560.735,57366.6666666667,14341.6666666667,0,0,0,0,0
922532377,66,1,5,26179.32,5235.864,6637.89,0,1260,1389.58,0,0,1234.05,1166,2799,11000,692.8,0,20850,4170,0,0,0,0,0
653275130,66,1,4,16469.272,4117.318,9361.46,0,0,3550,0,300,1366.935,616.5,150,0,0,1124.377,18400,4600,0,0,0,0,1
10883504,66,2,4,15321.573,3830.39325,4713.205,562.9,1150,2980,48,0,2053.06,1506,612,1500,173.2,23.208,23200,5800,0,0,0,0,0
653014700,66,1,6,12777.35,2129.55833333333,3901.33,0,1000,1882.4,1700.8,0,372.38,902.8,2400,0,0,617.64,18881.8181818182,3146.9696969697,0,0,0,0,0
888447205,66,1,5,10484.697,2096.9394,4330,0,0,1880,324.75,0,2969.947,580,400,0,0,0,8343.66666666667,1668.73333333333,0,0,0,0,0
153295603,66,2,7,43931.994,6275.99914285714,9448.06,2662.95,0,2150,3831.55,2000,7468.384,2282.5,1280,0,11539.45,1269.1,66333.3333333333,9476.19047619048,0,0,0,0,0
734313016,66,1,3,31145.95,10381.9833333333,1147.45,0,500,12108,100,1900,0,856,4075,3748,6711.5,0,15833.3333333333,5277.77777777778,2468.1,0,0,1,0
308483537,66,1,4,20932.35,5233.0875,5758.9,0,3200,8090,194.85,270,1407.25,1040,360,200,0,411.35,20000,5000,0,0,0,0,0
183039028,66,1,3,7172.32,2390.77333333333,2719.24,0,0,1310,0,0,0,433,1400,0,0,1310.08,24583.3333333333,8194.44444444445,0,0,0,0,0
33551082,66,1,5,16680.77,3336.154,7789.67,0,1300,1925,86.6,0,2727.9,0,600,0,2251.6,0,18533.3333333333,3706.66666666667,0,0,0,0,0
369722833,66,1,6,14779.35,2463.225,2186.65,0,1350,2750,116,0,3840,1440,900,2000,0,196.7,13833.3333333333,2305.55555555556,0,0,0,0,0
453910041,66,2,4,12627.68,3156.92,6737.48,0,0,1542,0,0,1342.3,2109.5,636.6,0,259.8,0,33000,8250,173.2,0,0,1,1
907746416,66,2,5,22836.42,4567.284,7759.36,0,2000,8470,194.85,0,1892,1310,1050,0,0,160.21,21666.6666666667,4333.33333333333,0,0,0,0,0
961505999,66,1,7,12342.11,1763.15857142857,6620.57,0,0,1907.44,155.88,0,1732,0,480,0,692.8,753.42,18133.3333333333,2590.47619047619,0,0,0,0,1
123568924,66,2,5,37834.09,7566.818,9842.09,0,0,2700,272,2992.4,18532,573,621.468,0,2208.3,92.832,17566.6666666667,3513.33333333333,0,433,1,0,0
294377850,66,1,6,12165.49,2027.58166666667,3736.79,0,0,2350,0,80,584.55,2500,830.6,0,1883.55,200,23150,3858.33333333333,606.2,0,0,1,0
615688727,66,2,4,36752.3007,9188.075175,7677.09,138.56,4150,3458.29,7472,0,7254.7067,1300,1200,0,1706.02,2395.634,81990,20497.5,2009.12,0,0,1,0
559532870,66,1,1,3073.66,3073.66,1740.66,0,0,800,0,0,433,0,0,0,0,100,2600,2600,0,0,0,0,1
741555062,66,1,4,18454.32,4613.58,7941.22,0,0,2150,238.15,1800,1853.24,2433,550,1000,194.85,293.86,32000,8000,0,0,0,0,0
254773054,66,2,6,10465.678,1744.27966666667,3195.54,0,2550,1200,0,0,3458.098,0,0,0,0,62.04,29800,4966.66666666667,0,0,0,0,0
340691661,66,1,2,24232.522,12116.261,5953.75,0,0,8585,0,129.9,1768.372,1400,550,0,4459.9,1385.6,29350,14675,4459.9,0,0,1,0
19819032,66,1,1,4791.46,4791.46,1775.3,0,600,1104,512.2,400,0,0,250,0,0,149.96,16166.6666666667,16166.6666666667,0,0,0,0,0
541325362,66,2,6,8861.86,1476.97666666667,736.1,0,0,2390,0,0,788.06,2176,650,0,2121.7,0,21333.3333333333,3555.55555555556,2771.2,0,0,1,0
311732059,66,1,6,23921.4938,3986.91563333333,6035.4571,0,0,1450,595.47,3686.2,1316.32,500,4826,0,4689.39,822.6567,19137.3466666667,3189.55777777778,0,0,0,0,0
593170971,66,1,1,5775.44,5775.44,1593.44,0,0,1878,350,150,0,300,1404,0,0,100,9800,9800,0,0,0,0,0
27823386,66,1,2,12886.51,6443.255,6109.63,519.6,0,1250,1918.36,1689.52,562.9,216.5,620,0,0,0,19613.42,9806.71,0,216.5,1,0,0
204906533,66,1,3,11844.0811,3948.02703333333,5618.175,0,0,1280,839.5004,1333.8457,1693.03,500,60,0,281.45,238.08,35350,11783.3333333333,0,0,0,0,0
503359113,66,1,3,11061.822,3687.274,7581.83,0,250,837.6,93,1076.21,883.31,200,0,0,0,139.872,18800,6266.66666666667,0,0,0,0,1
978592999,66,1,7,37231.646,5318.80657142857,7902.25,3464,3000,4095,4933.45,151.55,3401.196,5563,3182,0,1039.2,500,13517.5566666667,1931.07952380952,0,0,0,0,0
321398814,66,1,1,5957.2134,5957.2134,1519.83,0,500,1710,219.85,0,329.08,864.5,0,0,0,813.9534,6533.33333333333,6533.33333333333,0,0,0,0,0
997918389,66,1,2,12261.83,6130.915,3641.53,0,0,1437.5,43.3,2010,1948.5,1280,1901,0,0,0,36333.3333333333,18166.6666666667,0,0,0,0,0
447529282,66,1,1,4602.386,4602.386,1818.6,0,0,1016,0,300,329.946,0,670,0,0,467.84,11283.3333333333,11283.3333333333,0,0,0,0,0
128962315,66,2,3,51215.63,17071.8766666667,2403.15,0,0,1320,1212.4,0,38419,1183,480,240,5196,762.08,54166.6666666667,18055.5555555556,3767.1,0,0,1,0
823641761,66,1,4,10385.2,2596.3,4763,259.8,1310,1490,0,0,519.6,433,250,0,1299,60.8,18600,4650,0,433,1,0,0
631370793,66,2,7,33939.7522,4848.53602857143,5908.285,0,2250,2315.84,515.27,14985.3222,3613.385,0,0,0,3723.8,627.85,53554.1666666667,7650.59523809524,1515.5,0,0,1,0
334255744,66,1,4,9038.85,2259.7125,6235.2,389.7,0,750,0,0,1299,0,300,0,21.65,43.3,11162,2790.5,0,0,0,0,1
372417405,66,1,6,23190.595,3865.09916666667,12362.15,0,1500,980,924.8,0,866,576,5981.645,0,0,0,23143.3333333333,3857.22222222222,0,0,0,0,1
743957316,66,1,3,8917.0367,2972.34556666667,541.25,0,1500,4982,902.44,0,0,322,613.1,0,0,56.2467,13493.3333333333,4497.77777777778,0,0,0,0,0
156766622,66,2,3,26289.329176,8763.10972533333,12814.635,433,0,1456,205.26,3545.32,3078.4,1492.9,2721.7,0,320,222.114176,37700,12566.6666666667,0,0,0,0,0
429504281,66,1,5,37736.32,7547.264,6282.83,0,13625,1946.7,520.24,0,779.4,4476,7208.8,700,887.65,1309.7,56793.3333333333,11358.6666666667,0,0,0,0,0
969896786,66,1,3,25675.784,8558.59466666666,15042.42,0,1860,2680,926.65,164.54,120.374,445,160,20,1082.5,3174.3,19500,6500,1082.5,0,0,1,1
838590650,66,1,2,5946.745,2973.3725,1067.345,0,0,3100,300,0,0,0,700,0,779.4,0,14000,7000,779.4,0,0,1,0
970328308,66,2,4,25681.81,6420.4525,3996.59,0,950,1326,679.6,350,9183.05,1230,1540,5300,203.51,923.06,33666.6666666667,8416.66666666667,0,0,0,0,0
478850918,66,1,3,6346.9,2115.63333333333,2468.1,173.2,0,1680,0,0,1385.6,0,640,0,0,0,8500,2833.33333333333,0,0,0,0,0
421905357,66,2,3,34196.6032,11398.8677333333,6473.35,0,2860,1190,2520,7068.45,5471.5,1414.5,336,2500,2987.7,1375.1032,33250.5,11083.5,0,0,0,0,0
671997711,66,1,7,27082.616,3868.94514285714,7837.3,0,1100,1531.27,1468,1855.7,3858.896,2006,3520,1000,1234.05,1671.4,35233.3333333333,5033.33333333333,562.9,0,0,1,0
273911924,66,3,9,27499.92212,3055.54690222222,9162.28,1238.38,2530,1872.7,400,0,2952.047,1260,5140,12,2771.2,161.31512,57700,6411.11111111111,1299,0,0,1,0
141354655,66,1,3,7140.37,2380.12333333333,1615.09,0,1400,865,316.61,112.58,1247.04,300,223.2,0,1060.85,0,18991.6666666667,6330.55555555555,0,0,0,0,0
338854520,66,2,3,20453.0365,6817.67883333333,6100.537,0,1210,1005,590.505,6480,1528.49,300,2059.2,300,77.94,801.3645,25695.6666666667,8565.22222222222,0,0,0,0,0
608226946,66,2,5,55075.774,11015.1548,5295.59,0,10050,2828.85,291.2,529.8,23906.5,1297.5,6827,0,2208.3,1841.034,32288.3333333333,6457.66666666667,0,0,0,0,0
360936640,66,3,4,11693.48,2923.37,3736.79,0,1300,1150,262.8,1528,1299,303.1,1307.75,0,411.35,394.69,9000,2250,0,0,0,0,0
503487429,66,1,6,7902.29,1317.04833333333,2554.7,0,0,1450,224.8,0,807.112,216.5,1019.6,1200,0,429.578,17733.3333333333,2955.55555555556,0,0,0,0,0
801394314,66,1,5,7957.944,1591.5888,3944.63,0,1430,945.02,190,60,657.294,433,98,0,0,200,9383.33333333333,1876.66666666667,0,0,0,0,0
637882438,66,2,9,26427.475,2936.38611111111,9038.875,0,0,7350,3520,0,1818.6,900,550,2900,0,350,69000,7666.66666666667,0,0,0,0,0
132578730,66,1,5,27707.81,5541.562,6213.55,0,0,9147,0,4000,2248.5,748,915,2000,2165,270.76,52400,10480,2165,0,0,1,0
990981415,66,2,2,24378.15,12189.075,4286.7,0,0,2180,359.39,0,12762,433,800,0,3464,93.06,10333.3333333333,5166.66666666667,3464,0,0,1,0
505925660,66,1,5,8578.48,1715.696,2355.52,0,510,1598.41,530,0,701.46,649.5,475,0,1225.39,533.2,12439,2487.8,1225.39,0,0,1,0
532045469,66,1,6,9179.5,1529.91666666667,4113.5,0,1750,980,520,0,433,0,950,0,433,0,16736.67,2789.445,0,0,0,0,0
573511614,66,1,1,4962.09,4962.09,1095.49,0,1500,1480,86.6,0,0,0,800,0,0,0,22000,22000,0,0,0,0,0
758215062,66,1,5,7210.42,1442.084,3771.43,259.8,0,1960,151.55,0,0,433,600,0,0,34.64,26486.84,5297.368,0,0,0,0,1
634666760,66,1,3,4249.55,1416.51666666667,2143.35,0,0,750,0,0,0,300,1056.2,0,0,0,5933.33333333333,1977.77777777778,0,0,0,0,1
206101875,66,1,4,17679.266,4419.8165,9389.605,0,0,4800,629.9,0,310.461,2053,20,0,476.3,0,15100,3775,129.9,0,0,1,1
22252986,66,3,7,40888.27,5841.18142857143,6014.37,0,7400,3570,216.5,0,1299,3433,2360,12500,1299,2796.4,73000,10428.5714285714,0,0,0,0,0
287253986,66,2,1,13698.6,13698.6,5715.6,0,0,3036,0,0,3897,0,1050,0,0,0,42000,42000,0,0,0,0,0
83305494,66,1,4,15178.07,3794.5175,11686.67,0,0,700,1039.2,649.5,0,649.5,280,0,0,173.2,11200,2800,0,0,0,0,1
517429614,66,1,2,7066.112,3533.056,1680.04,0,1600,557,348,0,1049.752,433,999.5,0,348.82,50,5856.67,2928.335,0,0,0,0,0
381763605,66,1,5,21797.715,4359.543,4745.68,0,0,2100,3650,1006.2,517.435,3172,1750,3000,1558.8,297.6,44666.6666666667,8933.33333333333,1558.8,0,0,1,0
874938621,66,1,4,12421.684,3105.421,6443.04,0,495,1690,560,0,189.654,2641.3,0,0,402.69,0,30466.6666666667,7616.66666666667,0,0,0,0,1
679597069,66,1,7,13735.55,1962.22142857143,7655.44,0,220,710,1472.2,0,0,0,1014.96,0,108.25,2554.7,11833.3333333333,1690.47619047619,0,0,0,0,1
221580160,66,1,3,12700.798,4233.59933333333,2875.12,259.8,600,950,2293.75,0,1548.408,625,3025,0,0,523.72,17466.6666666667,5822.22222222222,0,0,0,0,0
865079502,66,2,8,22085.96,2760.745,9365.79,1286.01,680,7860,0,600,0,901.66,829.6,0,562.9,0,40300,5037.5,0,441.66,1,0,0
37887114,66,1,5,12461.3861,2492.27722,4400.0161,0,600,1389.2,255.758,779.4,1185.462,1129.5,1248,0,1169.1,304.95,22000,4400,1169.1,0,0,1,0
685694568,66,1,9,16735.481,1859.49788888889,5027.13,0,5400,1839.44,125,0,1120.171,562.9,2183,0,0,477.84,3900,433.333333333333,0,0,0,0,0
338661733,66,3,4,32002.156,8000.539,1827.26,0,0,2147,7896.5,2121.7,15897,300,550,0,1082.5,180.196,36233.3333333333,9058.33333333333,1082.5,0,0,1,0
640989235,66,2,5,28323.42,5664.684,2645.63,519.6,0,1415.2,0,693,7962.87,1070,11751.52,880,1385.6,0,27630.6666666667,5526.13333333333,952.6,0,0,1,0
102942223,66,2,2,43858.1479,21929.07395,7311.7679,0,0,3200,2121.15,15200,5131.05,2050,1680,0,5347.55,1816.63,14000,7000,5239.3,0,0,1,0
56414404,66,1,2,28044.27,14022.135,3897,0,7860,2035,1040,1300,2581.27,1100,1540,2800,3031,860,35000,17500,952.6,0,0,1,0
531190741,66,1,2,9723.39,4861.695,4667.74,0,0,1370,0,0,1277.35,649.5,200,0,1558.8,0,19000,9500,1472.2,0,0,1,0
198622682,66,2,2,11317.732,5658.866,1753.65,0,0,1745,0,0,6062,600,520,0,346.4,290.682,26516.6666666667,13258.3333333333,0,0,0,0,0
438314568,66,2,4,11299.53,2824.8825,6837.07,0,300,625,0,300,701.46,900,200,1436,0,0,6000,1500,0,0,0,0,1
440258182,66,1,1,4515.81,4515.81,2329.54,0,130,689.87,264.4,0,0,242,660,0,0,200,5413.42,5413.42,0,0,0,0,1
872074912,66,1,1,9228,9228,2996.36,0,0,300,64.95,1500,692.8,500,0,0,2511.4,662.49,11800,11800,1991.8,0,0,1,0
286329194,66,1,2,8677.397,4338.6985,822.7,0,2700,1965,0,0,537.197,1249.5,970,0,433,0,10000,5000,0,0,0,0,0
273767860,66,1,3,14322.458,4774.15266666667,9413.42,0,1440,555.83,0,259.8,247.508,433,544,0,1428.9,0,19783.3333333333,6594.44444444445,0,0,0,0,1
240989685,66,1,3,36719.19,12239.73,3758.44,0,3410,8350,1108.25,1715.5,1667,3350,2360,10000,0,1000,27466.6666666667,9155.55555555555,0,0,0,0,0
164322574,66,1,2,10826.1606,5413.0803,3139.25,0,250,2441.2,336.99,480,495.785,1529,1192,0,779.4,182.5356,16666.6666666667,8333.33333333333,433,0,0,1,0
834602513,66,1,8,17108.719,2138.589875,10098.426,0,1750,1741.345,1189.7,1082.5,535.188,433,0,0,0,278.56,31193.3333333333,3899.16666666667,0,0,0,0,1
441394917,66,2,3,10066.36,3355.45333333333,497.95,0,1700,1500,720,1500,333.41,550,1100,0,2165,0,51833.3333333333,17277.7777777778,2165,0,0,1,0
70165890,66,1,4,7482.61,1870.6525,3507.3,0,380,850,0,0,866,0,688.56,0,1039.2,151.55,8616.66666666667,2154.16666666667,0,0,0,0,0
51427440,66,1,4,12369.5,3092.375,7486.57,0,0,1754.8,0,0,740.43,655,850,0,233.82,648.88,5533.33333333333,1383.33333333333,0,0,0,0,1
706061398,66,3,5,10457.81,2091.562,2165,0,0,1700,0,0,4576.81,1583,0,0,433,0,22666.6666666667,4533.33333333333,0,0,0,0,0
467157598,66,2,3,100266.63,33422.21,7464.92,0,2290,6019.57,644.8,400,67474,1955.4,3498,2600,6308.1,1611.84,118223,39407.6666666667,0,614.4,1,0,0
812389295,66,1,5,13845.435,2769.087,9454.555,0,1450,540,166.6,0,433,259.8,0,0,1017.55,523.93,9316.66666666667,1863.33333333333,259.8,0,0,1,1
672408350,66,1,4,10226.525,2556.63125,3838.545,0,0,4885.18,129.9,0,0,260,1112.9,0,0,0,48450,12112.5,0,0,0,0,0
717788134,66,1,4,7937.07,1984.2675,2160.67,0,3000,1700,0,0,519.6,0,480,76.8,0,0,5016.66666666667,1254.16666666667,0,0,0,0,0
891450226,66,1,9,9987.22,1109.69111111111,3849.37,0,700,1524.4,1241.9,0,0,100,2400,20,0,151.55,6500,722.222222222222,0,0,0,0,0
909653933,66,1,5,21784.305,4356.861,10779.535,0,2210,2611.23,268.46,606.2,0,0,2900.37,40,1991.8,376.71,19850,3970,1688.7,0,0,1,0
737017158,66,1,9,9678.505,1075.38944444444,2496.245,346.4,1500,980,40,0,2416.14,325,345,0,1229.72,0,42950,4772.22222222222,0,0,0,0,0
493510567,66,1,5,10125.49,2025.098,4546.5,554.24,420,1478,0,0,1818.6,808.15,500,0,0,0,13533.3333333333,2706.66666666667,0,0,0,0,0
13190643,66,1,8,6930.93,866.36625,3000.69,0,0,1580,1579.3,0,259.8,0,243.3,0,0,267.84,17583.3333333333,2197.91666666667,0,0,0,0,0
284662801,66,1,3,10561.37,3520.45666666667,4498.87,216.5,0,300,4896,0,0,0,650,0,0,0,19000,6333.33333333333,0,0,0,0,0
631325165,66,2,4,26886.47,6721.6175,4091.85,0,0,2916,4400,0,10139,1200,2700,0,1082.5,357.12,68333.3333333333,17083.3333333333,866,0,0,1,0
499539751,66,3,3,23499.95,7833.31666666667,4520.52,173.2,830,2171.28,3251.94,3343.55,1795.5,1496,1253.1,0,3420.7,1244.16,49966.6666666667,16655.5555555556,0,0,0,0,0
722839955,66,2,5,19364.49,3872.898,4416.6,0,0,1100,316.09,0,8387,380,300,0,4156.8,308,49000,9800,1428.9,0,0,1,0
729302184,66,1,5,23817.005,4763.401,7231.1,0,1700,6332,368.05,999.9,1013.115,2122.5,2947.24,700,259.8,143.3,26000,5200,0,216.5,1,0,0
31114994,66,1,2,25827.195,12913.5975,4905.89,0,0,16087,0,416,2418.305,995,1005,0,0,0,31916.6666666667,15958.3333333333,0,0,0,0,0
174077230,66,3,3,33953.037,11317.679,7443.27,649.5,0,1496.48,333.2,2865,8036.913,2100,4301.484,0,4546.5,2180.69,46000,15333.3333333333,5196,0,0,1,0
697928300,66,2,2,15562.57,7781.285,8660,0,0,2050,66,0,2598,1080,1000,0,0,108.57,26066.6666666667,13033.3333333333,0,0,0,0,1
87937461,66,1,7,14822.823,2117.54614285714,4741.35,346.4,950,4080,48,0,1186.853,919.6,2490,0,60.62,0,16400,2342.85714285714,0,0,0,0,0
309638391,66,2,2,28817.475,14408.7375,3981.435,0,1000,7950,417.4,0,4787.7,2050,3570.7,0,4656.98,403.26,39766.6666666667,19883.3333333333,1844.58,0,0,1,0
655226340,66,2,5,21350.29,4270.058,8828.87,584.55,1150,1998.75,526.56,200,4308.35,1995,1258,0,60.62,439.59,74083.3333333333,14816.6666666667,0,0,0,0,0
223952537,66,1,1,4595.59,4595.59,194.85,0,400,1100,2688,0,0,0,0,0,0,212.74,6333.33333333333,6333.33333333333,0,0,0,0,0
165571056,66,1,5,6066.49,1213.298,2351.19,0,0,640,0,400,692.8,400,500,0,1082.5,0,18083.3333333333,3616.66666666667,346.4,0,0,1,0
847687261,66,1,1,5344.4416,5344.4416,2338.2,0,400,450,78.31,194.85,0,0,250,0,1472.2,160.8816,10902.6666666667,10902.6666666667,1472.2,0,0,1,0
256992561,66,1,2,11613.17,5806.585,3974.94,0,2000,701.19,2200,0,207.84,880,610,0,1039.2,0,6175,3087.5,0,0,0,0,0
917687143,66,1,4,18109.09,4527.2725,5616.01,173.2,3400,1711.4,308,259.8,1299,1266.5,360,0,2208.3,1506.88,40000,10000,2836.15,0,0,1,0
361017629,66,1,3,7737.62,2579.20666666667,2255.93,0,0,1030,414.43,0,1084.2,433,0,0,0,2520.06,10800,3600,0,0,0,0,0
672433382,66,1,2,5378.4,2689.2,1147.45,0,0,3300,0,0,844.35,0,86.6,0,0,0,10500,5250,0,0,0,0,0
759443279,66,1,2,9291.65,4645.825,3528.95,0,700,1760,240,0,606.2,360,1880,0,216.5,0,15166.6666666667,7583.33333333333,216.5,0,0,1,0
467431901,66,1,5,24528.098,4905.6196,5923.44,0,0,1904,0,2814.5,1266.958,1800,1150,4300,5369.2,0,46000,9200,2316.55,0,0,1,0
330279202,66,3,4,18282.506,4570.6265,6520.98,216.5,1200,1220,574,1090,1184.478,3433,750,0,745.5,1348.048,42700,10675,0,0,0,0,0
93572190,66,1,6,24425.95,4070.99166666667,10543.55,974.25,3200,2295,108.25,2814.5,779.4,649.5,580,0,2208.3,273.2,26083.3333333333,4347.22222222222,0,0,0,0,0
537255344,66,1,8,14913.527,1864.190875,6984.29,259.8,300,1904,0,0,1185.987,1256.5,360,0,2165,497.95,31900,3987.5,0,0,0,0,0
998495005,66,1,3,39405.55,13135.1833333333,11517.8,779.4,3520,2120,6871.2,866,3439.2,548,7680,0,1039.2,1024.75,18666.6666666667,6222.22222222222,0,0,0,0,0
391597056,66,1,10,11829.79,1182.979,5351.88,346.4,2100,90,0,1740.66,0,433,0,0,1039.2,728.65,12000,1200,0,433,1,0,0
353269038,66,1,2,13960.49,6980.245,1788.29,714.45,1305,1081,739.7,692.8,296,3900,2150,550,714.45,28.8,28333.3333333333,14166.6666666667,0,0,0,0,0
857156469,66,1,2,11913.695,5956.8475,5722.095,757.75,0,2700,194.85,0,1299,540,700,0,0,0,17833.3333333333,8916.66666666667,0,0,0,0,0
67223634,66,1,1,17093.82,17093.82,2961.72,303.1,0,6850,0,0,0,600,600,0,5629,150,36000,36000,5629,0,0,1,0
532025825,66,2,4,22806.1585,5701.539625,2751.715,0,4000,2326.78,320,300,4680.5135,2630,3210,800,1537.15,250,24333.3333333333,6083.33333333333,1537.15,0,0,1,0
300866666,66,3,4,66540.39,16635.0975,9426.41,0,200,3630,151.55,2580,23480,4800,900,9200,11106.45,1065.98,71166.6666666667,17791.6666666667,10305.4,0,0,1,0
248595547,66,1,13,12223.48,940.267692307692,3931.64,909.3,900,200,2028.25,0,3799.64,0,0,0,454.65,0,2333.33333333333,179.487179487179,0,0,0,0,0
472823448,66,2,1,31893.81,31893.81,1645.4,0,5000,4552.71,4000,655,5250,1030,6200,0,2165,1395.7,19333.3333333333,19333.3333333333,0,0,0,0,0
211224411,66,1,2,12626.108,6313.054,6520.547,0,0,2170,1969.123,0,177.097,633,97,0,0,1059.341,29683.3333333333,14841.6666666667,0,0,0,0,1
105694740,66,2,3,6974.55,2324.85,2489.75,0,0,1194,0,0,1385.6,0,0,0,1905.2,0,12583.3333333333,4194.44444444444,692.8,0,0,1,0
491079876,66,1,3,6230.82,2076.94,2268.92,0,0,1000,0,0,649.5,700,400,0,1212.4,0,30050,10016.6666666667,0,0,0,0,0
109924981,66,1,7,7316.73,1045.24714285714,5546.73,0,0,800,600,0,0,0,0,120,0,250,12500,1785.71428571429,0,0,0,0,1
958022163,66,1,3,16116.01,5372.00333333333,3797.41,0,400,8950,0,350,0,300,500,0,1818.6,0,14700,4900,0,0,0,0,0
659270337,66,1,5,10815.46,2163.092,5464.46,476.3,1050,1128,355.2,0,0,1406.2,812,0,0,123.3,12200,2440,0,0,0,0,1
979613112,66,1,3,23420.9825,7806.99416666667,7408.4568,0,0,7940,60,4416.6,303.1,400,300,1600,0,992.8257,9166.66666666667,3055.55555555556,0,0,0,0,0
267638499,66,1,2,3949.3,1974.65,173.2,0,400,2315,200,0,264.5,86.6,210,300,0,0,8850,4425,0,0,0,0,0
803261483,66,1,5,13660.236,2732.0472,5702.61,0,1750,3645,0,0,96.126,1300,500,0,216.5,450,22400,4480,0,0,0,0,0
293686532,66,2,4,19670.317,4917.57925,6395.41,0,670,2142,272.6,900,4429.157,1283,700,650,1515.5,712.65,25916.6666666667,6479.16666666667,1515.5,0,0,1,0
847189929,66,1,3,23968.841,7989.61366666667,822.7,151.55,7800,6050,59.2,1400,517.435,4486,400,0,2035.1,246.856,44700,14900,1926.85,0,0,1,0
956804001,66,2,3,15463.5866,5154.52886666667,3134.92,0,2475,530.87,297,1273.3001,3808.6275,1000,547.676,0,1970.15,426.043,45732.8333333333,15244.2777777778,0,0,0,0,0
705268211,66,1,4,8874.39,2218.5975,4836.61,0,0,1520,0,0,433,476.3,603.92,0,866,138.56,13925,3481.25,0,0,0,0,1
752210710,66,1,3,47898.546,15966.182,9577.96,0,3100,2616,7216,60.62,3430.446,639.25,15078.75,0,5758.9,420.62,76333.3333333333,25444.4444444444,5758.9,0,0,1,0
29210880,66,1,2,4913.675,2456.8375,424.34,0,0,622.875,0,3684.6,181.86,0,0,0,0,0,22583.3333333333,11291.6666666667,0,0,0,0,0
384414821,66,1,2,9395.40000000001,4697.7,4459.9,0,0,3320,0,0,1082.5,433,0,0,0,100,15666.6666666667,7833.33333333333,0,0,0,0,0
489936212,66,2,1,8473.29,8473.29,4992.49,0,0,1432.2,0,0,649.5,230,0,0,1169.1,0,7500,7500,0,0,0,0,1
494661354,66,1,1,22829.7228,22829.7228,3645.2105,829.1517,200,2494,1104.7272,6000,866,950,2480,0,3680.5,580.1334,35000,35000,2381.5,0,0,1,0
217825434,66,1,5,11815.9,2363.18,5715.6,0,0,2425,0,0,1082.5,692.8,1900,0,0,0,20850,4170,0,0,0,0,0
728991882,66,1,4,3946.07,986.5175,1143.12,0,0,1400,0,86.6,411.35,320,500,85,0,0,5200,1300,0,0,0,0,0
860238458,66,1,3,10774.77,3591.59,3464,0,0,950,259.8,0,1757.98,0,0,0,4221.75,121.24,19866.6666666667,6622.22222222222,4156.8,0,0,1,0
834736686,66,1,3,13304.0864,4434.69546666667,3031,0,530,1089.28,3248,1047.86,1108.792,646.44,951,0,1580.45,71.2644,13283.3333333333,4427.77777777778,1017.55,288,1,1,0
623471118,66,2,3,25471.386,8490.462,9335.48,281.45,4300,935,840,400,2381.6,650,2015.1,800,2684.6,848.156,19666.6666666667,6555.55555555556,2987.7,0,0,1,0
452593984,66,1,2,11980.25,5990.125,974.25,0,1650,1185,0,2998,0,790,2750,0,433,1200,18800,9400,433,0,0,1,0
750031850,66,3,4,84792.6564,21198.1641,12301.53,2286.24,6050,1608.5,10576.9,0,21308,808,8890,11380,4936.2,4647.2864,123931.82,30982.955,0,0,0,0,0
424807565,66,1,6,20977.89,3496.315,7252.75,1515.5,0,6390,2304,606.2,692.8,1150,650,0,0,416.64,12266.6666666667,2044.44444444444,0,0,0,0,0
24687817,66,1,6,13816.88,2302.81333333333,4568.15,0,1280,1862.5,4081.78,0,129.9,1036.3,250,0,0,608.25,8800,1466.66666666667,0,0,0,0,0
572338222,66,1,3,30570.894,10190.298,5597.824,0,0,1238.96,3490,2598,904.97,660,1042.99,14000,0,1038.15,9000,3000,0,0,0,0,0
390994826,66,1,2,8715.442,4357.721,2455.11,753.42,3780,719,80,0,346.4,0,250,0,0,331.512,6800,3400,0,0,0,0,0
302480812,66,1,9,14070.524,1563.39155555556,3606.89,3117.6,5550,801,0,0,995.034,0,0,0,0,0,26683.3333333333,2964.81481481481,0,0,0,0,0
948482970,66,1,1,3861.9,3861.9,238.15,0,0,2000,0,0,519.6,433,0,0,671.15,0,4000,4000,562.9,433,1,1,0
375560501,66,1,7,12997.97,1856.85285714286,4801.97,0,2200,1092,2048,860,866,480,450,200,0,0,22000,3142.85714285714,0,0,0,0,0
677436343,66,1,10,11516.066,1151.6066,6949.65,0,0,1400,697.88,0,1286.876,300,483.3,0,0,398.36,20000.8333333333,2000.08333333333,0,0,0,0,1
750817095,66,2,5,16223.69,3244.738,2156.34,0,0,1307.28,0,43.3,9508.68,1311.8,714.2,0,1182.09,0,25158.39,5031.678,1182.09,0,0,1,0
557483267,66,1,2,4686.71,2343.355,2931.41,259.8,0,680,16,0,0,649.5,150,0,0,0,7000,3500,0,0,0,0,1
452615030,66,1,3,9517.76,3172.58666666667,2165,0,1150,3300,40,0,1122,433,1081.04,0,0,226.72,21156.6666666667,7052.22222222222,0,0,0,0,0
267211876,66,2,3,32988.92,10996.3066666667,3334.1,0,0,750,48,1550,22249.5,1260,2150,0,866,781.32,39583.3333333333,13194.4444444444,0,0,0,0,0
768589938,66,2,4,21553.87,5388.4675,8582.06,0,0,970,385.37,497.95,3728.13,610,650,4000,1645.4,484.96,38283.3333333333,9570.83333333333,433,0,0,1,0
815243979,66,1,9,12305.311,1367.25677777778,6267.675,346.4,50,710.27,173.2,0,819.236,433,1088.15,349.4,952.6,1115.38,24600,2733.33333333333,0,0,0,0,1
255135408,66,2,2,68331.6267,34165.81335,10153.85,0,6400,3364.58,8619.9,800,31165,1300,3732.3467,0,866,1929.95,45250,22625,0,0,0,0,0
761648094,66,1,2,6075.31,3037.655,2195.31,0,0,2410,0,0,0,870,600,0,0,0,12800,6400,0,0,0,0,0
672227208,66,1,2,15133.3985,7566.69925,4353.5985,194.85,800,1303.5,729.87,3438.02,457.14,2448,1347.8,0,0,60.62,10713.6666666667,5356.83333333333,0,0,0,0,0
458689491,66,1,4,8815.42,2203.855,1896.54,0,3000,802.13,56,1237.95,433,930,200,0,259.8,0,13500,3375,0,0,0,0,0
116053370,66,1,2,3124.8,1562.4,1827.26,0,0,550,0,0,207.84,150,0,0,389.7,0,5000,2500,0,0,0,0,1
221688478,66,2,6,13105.833,2184.3055,6425.72,0,0,1300,0,0,3057.413,1500,0,0,822.7,0,35266.6666666667,5877.77777777778,0,0,0,0,0
280973020,66,1,6,10353.73,1725.62166666667,3113.27,0,3200,1300,0,0,1264.36,649.5,500,0,86.6,240,17166.6666666667,2861.11111111111,0,216.5,1,0,0
5915680,66,1,8,32708.5475,4088.5684375,3884.01,0,11420,1348,543.2,5000,2260.26,2486,712,3900,359.39,795.6875,22568.9566666667,2821.11958333333,0,0,0,0,0
196949803,66,1,3,9949.5,3316.5,4624.44,0,1010,1995,243.2,0,433,450,550,0,216.5,427.36,22500,7500,0,0,0,0,0
860229013,66,2,8,16629.12,2078.64,9045.37,0,0,1775,0,0,3788.75,1400,620,0,0,0,48633.3333333333,6079.16666666667,0,0,0,0,1
707461404,66,1,1,14339.34,14339.34,5066.1,1008.89,3100,970,272.5,0,433,608,1520,0,541.25,819.6,10833.3333333333,10833.3333333333,0,0,0,0,0
615769161,66,2,8,7884.8558,985.606975,1835.92,0,0,1540,0,0,1438.6858,1426,670,0,974.25,0,17000,2125,0,0,0,0,0
587950323,66,1,1,2788.33,2788.33,545.58,0,490,773,409.75,0,0,100,470,0,0,0,4916.66666666667,4916.66666666667,0,0,0,0,0
920090259,66,1,9,9526.3,1058.47777777778,4265.05,0,2080,2074,0,16,0,454.65,550,0,0,86.6,11600,1288.88888888889,0,0,0,0,0
670585796,66,1,1,2749.766,2749.766,454.65,0,0,1320,0,0,672.016,0,0,0,303.1,0,6200,6200,0,0,0,0,0
172448501,66,1,9,36322.575,4035.84166666667,13892.805,866,1730,1094,199.18,173.2,6520.98,4000,1375.7,32,3983.6,2455.11,55443.0566666667,6160.33962962963,2727.9,0,0,1,0
86180481,66,1,1,11624.5566,11624.5566,4219.3252,0,200,3000,951.8104,600,825.421,798,681.6,0,0,348.4,5800,5800,0,0,0,0,0
687044692,66,2,4,43271.357,10817.83925,11876.757,736.1,4719,1850,1024.75,7183.05,4243.4,1500,2482,2800,4589.8,266.5,19500,4875,4265.05,0,0,1,0
156135501,66,1,3,14747.51,4915.83666666667,7469.25,381.04,250,912.14,229.54,1486.1,467.64,960,1214.45,0,974.25,403.1,30160,10053.3333333333,238.15,0,0,1,1
150418423,66,2,3,16530.085,5510.02833333333,7144.5,0,3490,1200,300,0,3441.3,250,650,0,0,54.285,6700,2233.33333333333,0,0,0,0,0
887305661,66,1,5,12182.88,2436.576,6360.77,1459.21,610,1267.4,1482.4,0,216.5,0,600,0,86.6,100,19363.5033333333,3872.70066666667,0,0,0,0,1
401804908,66,2,2,9203.8,4601.9,3321.11,0,0,2115,238.15,0,2329.54,400,800,0,0,0,24916.6666666667,12458.3333333333,0,0,0,0,0
435443036,66,1,7,6315.62,902.231428571429,3247.5,458.98,450,910,87.2,0,447.4,0,714.54,0,0,0,14500,2071.42857142857,0,0,0,0,1
850160173,66,2,2,13686.97,6843.485,3762.77,0,2200,2390,0,0,3897,800,573.2,0,0,64,28333.3333333333,14166.6666666667,0,0,0,0,0
561749265,66,2,4,15949.215,3987.30375,3957.62,0,0,1850,165,600,4133.035,1275,1675,0,1645.4,648.16,16166.6666666667,4041.66666666667,1645.4,0,0,1,0
533123569,66,2,11,25253.93,2295.81181818182,10573.86,0,632,1111.2,2126.31,0,6495,1754.82,738.15,0,303.1,1519.49,17588,1598.90909090909,0,0,0,0,0
541849319,66,3,5,19522.91,3904.582,5196,0,2000,2975.2,2103.6,0,2137.34,1933,980,0,1082.5,1115.27,32666.6666666667,6533.33333333333,1082.5,0,0,1,0
868539392,66,1,2,14504.19,7252.095,8867.84,0,1040,789,24,0,1219.8,433,688.15,0,1212.4,230,14585,7292.5,1082.5,0,0,1,1
