id,provincia,propauto,cantmiem,gastot,gastotpc,gc_01,gc_02,gc_03,gc_04,gc_05,gc_06,gc_07,gc_08,gc_09,gc_10,gc_11,gc_12,ingtoth,ingpch,tn_restaurant,tn_internet,cat_gastos_internet,cat_gastos_restaurant,cat_gc_01
484968741,78,1,2,17235.807,8617.9035,2285.807,0,0,2685,134,2300,0,2099,5532,2200,0,0,15770,7885,0,0,0,0,0
29982485,78,2,5,18114.36,3622.872,2736.56,0,6785,968,0,0,192,600,4424,0,1558.8,850,41366.6666666667,8273.33333333333,0,0,0,0,0
935642838,78,1,1,1818.403,1818.403,1056.953,281.45,250,0,0,0,0,30,0,0,0,200,2216.66666666667,2216.66666666667,0,0,0,0,1
103028715,78,2,1,11041.7568,11041.7568,1300.5588,0,0,2950,45.6,0,1082.5,580,1400,0,2165,1518.098,32000,32000,0,0,0,0,0
390525505,78,3,5,5658.575,1131.715,194.85,0,0,505.875,0,0,4308.35,86.6,0,0,562.9,0,39135.4,7827.08,0,0,0,0,0
496645187,78,2,4,58592.332,14648.083,3366.142,0,11700,10515,2400,1600,14664,2266,7996.1,0,1437.35,2647.74,71333.3333333333,17833.3333333333,0,0,0,0,0
85534719,78,2,2,2210.7,1105.35,64.95,0,0,545.75,0,0,0,600,1000,0,0,0,20620,10310,0,0,0,0,0
710046243,78,1,5,39183.8672,7836.77344,14339.8342,606.2,780,3054.27,1669.735,2277.65,4612,1770,3143,800,320,5811.178,48422.76,9684.552,0,0,0,0,0
589811390,78,1,2,11958.101,5979.0505,2896.337,0,188,2549,3780,40,0,220,1517.2,0,0,767.564,12665.3333333333,6332.66666666667,0,256.624,1,0,0
891386383,78,2,2,100760.405,50380.2025,10220.965,0,27850,16545,2081.81,0,22165,1190,5130,10150,1440,3987.63,65583.3333333333,32791.6666666667,0,0,0,0,0
160276219,78,2,3,34160.05728,11386.68576,10379.01,0,1190,772,580.22,6534.4,6491.35,3097.5,3685,0,0,1430.57728,24000,8000,0,216.5,1,0,0
839496898,78,2,3,14783.1666,4927.7222,2434.4126,0,0,5600,79,0,1299,3100,1923.488,0,0,347.266,87000,29000,0,0,0,0,0
882215160,78,3,4,26940.4366,6735.10915,3399.05,0,2700,2274,1844.64,678.4,4113.5,2258,5258.53,1580,0,2834.3166,37000,9250,0,912,1,0,0
165621744,78,1,3,18882.832,6294.27733333333,3228.448,281.45,5210,5000,208,0,172.334,3250,1046,0,0,486.6,20800,6933.33333333333,0,0,0,0,0
248877683,78,2,2,15306.2417,7653.12085,5809.5177,0,400,2200,498.173,0,1556,2133,1650,0,0,1059.551,29000,14500,0,0,0,0,0
986543906,78,2,5,36640.0468,7328.00936,3031.1732,0,580,1738.33,584.983,5190.087,849.336,2550,2611.16,17200,0,2304.9776,60000,12000,0,580,1,0,0
888572515,78,1,3,14807.33,4935.77666666667,2342.53,0,1050,5700,0,0,0,692,0,0,5022.8,0,15503.15,5167.71666666667,0,300,1,0,0
930921024,78,2,4,21623.8926,5405.97315,4826.7376,0,410,4063.31,48,0,2160.67,1431,2200,0,6365.1,119.075,9000,2250,3897,0,0,1,0
811036641,78,2,2,24836.0976,12418.0488,3883.2306,0,0,9700,172.767,0,5412.5,1700,850,0,3117.6,0,41000,20500,0,0,0,0,0
405668125,78,2,4,8233.8067,2058.451675,1043.4867,0,0,0,0,0,2598,1800,2296,0,0,496.32,20000,5000,0,0,0,0,0
478780661,78,2,4,34158.38,8539.595,2866.46,0,10300,10170.32,777.6,500,400,2700,3044,0,0,3400,37000,9250,0,0,0,0,0
409348355,78,1,2,8313.6089,4156.80445,486.3889,1818.6,0,2790.33,0,0,346.4,1430,0,0,0,1441.89,18000,9000,0,0,0,0,0
581113607,78,2,2,53308.1284,26654.0642,5752.3184,0,0,1630.4,728.67,1000,30029,2796,3150,5000,649.5,2572.24,15090.5566666667,7545.27833333333,0,0,0,0,0
428903774,78,2,2,8346.959,4173.4795,2429.13,0,0,1860,251.14,0,974.25,780,2016.5,0,0,35.939,45058.3333333333,22529.1666666667,0,0,0,0,0
270440647,78,2,7,6089.2042,869.886314285714,5328.2382,0,0,457,0,0,0,0,0,0,0,303.966,33183.1,4740.44285714286,0,0,0,0,1
392184155,78,2,1,25455.1491,25455.1491,407.02,606.2,0,3029,0,17017.8391,80,1750,870,0,0,1695.09,16800,16800,0,0,0,0,0
441099171,78,1,3,6306.432,2102.144,824.432,0,0,2850,0,0,0,1832,800,0,0,0,11000,3666.66666666667,0,0,0,0,0
996405150,78,1,3,6845.6326,2281.87753333333,1910.9156,0,270,2600,95,0,866,433,0,0,0,670.717,14000,4666.66666666667,0,0,0,0,0
619219670,78,2,2,19435.6383,9717.81915,4869.085,519.6,0,1127.94,572.426,1819.5093,6899,1275,1112,0,303.1,937.978,75000,37500,129.9,0,0,1,0
48383622,78,3,3,32887.0222,10962.3407333333,3738.2622,1610.76,7647,2453,2504,608,1440,3334,5030,3740,0,782,54750,18250,0,0,0,0,0
900247071,78,2,1,5967.877,5967.877,1744.557,0,0,1740,233.82,0,649.5,1250,350,0,0,0,25000,25000,0,0,0,0,0
158202257,78,2,6,45518.538,7586.423,7043.178,2273.25,0,19476.27,337.74,4000,4330,4000,1600,0,0,2458.1,73000,12166.6666666667,0,0,0,0,0
830018430,78,1,3,16910.617,5636.87233333333,3275.645,0,200,5590,3100,550,0,300,3772,0,0,122.972,14000,4666.66666666667,0,0,0,0,0
584837775,78,2,1,14309.9697,14309.9697,2731.7537,0,0,2000,290.976,7000,866,825,475,0,0,121.24,32000,32000,0,0,0,0,0
907940870,78,2,4,41929.86,10482.465,9006.4,346.4,6500,11349.8,208.95,800,5240,711.5,1784.9,0,4026.9,1955.01,15833.3333333333,3958.33333333333,3464,0,0,1,0
58460457,78,2,4,2750.013,687.50325,264.563,281.45,0,2204,0,0,0,0,0,0,0,0,37420,9355,0,0,0,0,0
641687820,78,2,4,24054.154,6013.5385,1762.31,3334.1,0,4460,0,900,7331.674,1816,3506.2,0,433,510.87,57500,14375,433,866,1,1,0
359089433,78,2,4,19763.3948,4940.8487,8829.9958,0,0,976.6,1379.372,1091.16,0,2350,2468.987,0,1732,935.28,25000,6250,0,0,0,0,0
345998377,78,1,4,8348.8591,2087.214775,5006.6491,0,0,567,296,887.21,300,214,1078,0,0,0,46515.3333333333,11628.8333333333,0,0,0,0,1
751166062,78,2,2,18336.07,9168.035,822.7,0,1500,3256.37,100,0,3897,1050,6260,1200,0,250,33000,16500,0,0,0,0,0
43417963,78,2,3,13343.44,4447.81333333333,2749.55,389.7,0,1725,519.6,0,3980,1770,1470,0,0,739.59,32000,10666.6666666667,0,0,0,0,0
366121755,78,2,2,15138.61,7569.305,1853.24,0,0,9600,385.37,0,0,2265,1035,0,0,0,35000,17500,0,0,0,0,0
659823887,78,2,3,31258.6964,10419.5654666667,9464.8604,649.5,0,1814.16,383.638,0,11070.665,2150,2400,0,3031,294.873,76000,25333.3333333333,3031,0,0,1,0
46873284,78,2,5,43121.2008,8624.24016,6819.75,1385.6,4310,8295.34,672,2165,14843.5,1500,1810,200,0,1120.0108,54000,10800,0,0,0,0,0
115538958,78,1,4,35069.55,8767.3875,13817.03,588.88,7740,1165,1871.89,0,0,0,2920,580,0,6386.75,35000,8750,0,0,0,0,0
361906160,78,1,1,12269.8996,12269.8996,2269.8726,0,0,569,5512.214,305,0,385.59,2955,0,0,273.223,13700,13700,0,0,0,0,0
639022964,78,2,4,40565.2579,10141.314475,11638.9967,0,690,2000,3456.9201,3286.811,7794,1300,3120,0,4546.5,2732.0301,72536,18134,0,0,0,0,0
978051995,78,2,2,13615.5294,6807.7647,3336.9145,0,0,970.73,252.455,6105.4299,0,2950,0,0,0,0,43000,21500,0,0,0,0,0
626700189,78,1,3,7761.7193,2587.23976666667,2718.8503,302.234,0,3300,288.811,0,0,350,400,0,0,401.824,37500,12500,0,0,0,0,0
923958167,78,3,2,14144.107,7072.0535,173.2,0,0,1495,449.887,0,5196,600,5400,0,0,830.02,48000,24000,0,0,0,0,0
336537657,78,3,2,22845.54,11422.77,8326.59,714.45,0,1024.5,48,0,11332,0,1400,0,0,0,14000,7000,0,0,0,0,0
640152469,78,1,2,12267.312,6133.656,1265.659,0,0,2221.935,0,5903.2,1144.668,733,654,0,194.85,150,24822.47,12411.235,194.85,0,0,1,0
670982852,78,2,2,26224.255,13112.1275,517.435,3420.7,9100,4500,0,2400,2400,3000,500,0,0,386.12,36917.75,18458.875,0,0,0,0,0
951715983,78,2,1,16129.179,16129.179,854.309,1641.07,0,9680,88.8,0,2165,1100,600,0,0,0,40000,40000,0,0,0,0,0
369224574,78,2,3,17730.3271,5910.10903333333,4749.4471,588.88,0,7532,0,0,0,1380,3480,0,0,0,20000,6666.66666666667,0,0,0,0,0
938267691,78,1,2,16181.2726,8090.6363,1082.5866,0,0,8850,0,0,3464,1650,900,0,0,234.686,17000,8500,0,0,0,0,0
553086838,78,2,2,7151.3516,3575.6758,1690.9516,0,0,1763.5,0,0,64.95,0,16.4,0,3615.55,0,58243.6666666667,29121.8333333333,1104.15,0,0,1,0
462579554,78,2,4,34505.6726,8626.41815,6600.0458,865.567,2700,3472.88,264.8,0,12576,1300,5256.5,0,0,1469.8798,40833.3333333333,10208.3333333333,0,0,0,0,0
382460212,78,1,1,8155,8155,2165,0,0,3300,490,0,0,1200,1000,0,0,0,19000,19000,0,490,1,0,0
833120098,78,2,4,22234.7384,5558.6846,1413.6584,974.25,550,2800,75,20,3459.67,1800,2400,1800,6344,598.16,43089.4266666667,10772.3566666667,0,0,0,0,0
331601210,78,1,1,26447.0355,26447.0355,3903.2785,0,11320,1913,2138.429,880,0,1420,3349,0,0,1523.328,50000,50000,1125.8,0,0,1,0
49285089,78,1,1,9271.2159,9271.2159,1325.9759,0,3600,1030.96,60,565,0,1050,1550,0,0,89.28,14000,14000,0,0,0,0,0
193192248,78,2,2,9799.0085,4899.50425,1897.6225,458.98,0,1330,139.859,0,1082.5,600,2142.8,0,2035.1,112.147,28000,14000,995.9,0,0,1,0
571343253,78,1,2,25179.2685,12589.63425,7904.1985,0,0,1883.7,221.263,0,5546,1750,3380,0,3031,1463.107,29000,14500,3031,0,0,1,0
953259184,78,2,4,14377.1,3594.275,1602.1,0,0,1175,0,0,0,1025,10575,0,0,0,36000,9000,0,0,0,0,0
814845673,78,1,1,8088.7,8088.7,86.6,303.1,1249,4500,0,0,0,1000,550,0,0,400,12000,12000,0,0,0,0,0
487640656,78,2,2,31628.3153,15814.15765,10350.7351,849.546,800,8944,1007.755,0,966,2378.9,119,0,5131.05,1081.3292,77666.6666666667,38833.3333333333,0,0,0,0,0
525521476,78,2,3,28953.22,9651.07333333333,10755.72,584.55,1600,800,757.75,300,2598,2200,1840.4,2560,4156.8,800,35000,11666.6666666667,0,0,0,0,0
883154395,78,2,4,12067.2588,3016.8147,2339.7588,0,800,3170,243.5,0,3464,1100,950,0,0,0,43585.8333333333,10896.4583333333,0,0,0,0,0
697709886,78,2,1,13409.7532,13409.7532,7685.9232,0,367,1177.5,411.35,0,822.7,870,836.9,0,0,1238.38,52000,52000,0,0,0,0,1
247718826,78,2,1,45210.7907,45210.7907,5703.8657,1848.91,3000,5600,976.415,0,19739,1140,6050,0,952.6,200,62695.3333333333,62695.3333333333,0,3000,1,0,0
494544555,78,2,3,33854.1692,11284.7230666667,6658.8472,491.022,200,646,2208.3,0,17173.76,0,800,0,0,5676.24,48121.3333333333,16040.4444444444,0,0,0,0,0
268689188,78,3,4,167114.1765,41778.544125,4273.9265,601.87,41200,2683.78,800,8080,94495,2240,3732,5000,1342.3,2665.3,145000,36250,0,0,0,0,0
258504536,78,2,4,21148.0956,5287.0239,1320.65,588.88,5000,1245.62,0,600,9600,1490,900,0,0,402.9456,30989.4266666667,7747.35666666667,0,0,0,0,0
993466001,78,2,2,28666.1976,14333.0988,3120.7176,0,1800,8110,0,2010,7120,1125,925,1500,2511.4,444.08,48003.6,24001.8,0,0,0,0,0
248715708,78,1,5,15512.8322,3102.56644,1265.8322,0,3500,5105,0,500,0,3462,1350,80,0,250,20800,4160,0,0,0,0,0
404413692,78,2,2,2751.6,1375.8,86.6,0,0,665,0,0,0,800,750,0,0,450,42833.3333333333,21416.6666666667,0,0,0,0,0
259224573,78,1,3,18403.62088,6134.54029333333,8339.58,0,0,1545,554.24,1500,0,1933,2340,0,649.5,1542.30088,27336,9112,0,0,0,0,0
65441788,78,1,3,2785.06,928.353333333333,355.06,0,0,1630,0,0,0,200,600,0,0,0,69001.3333333333,23000.4444444444,0,0,0,0,0
315194243,78,3,2,43140.815,21570.4075,3128.425,0,6200,12478.49,704,0,400,5300,5566.4,0,4113.5,5250,99600,49800,0,0,0,0,0
950345705,78,1,5,25970.35,5194.07,1363.95,0,0,9285,0,0,13240.6,1256,165,400,259.8,0,32133.3333333333,6426.66666666667,0,0,0,0,0
363448680,78,2,5,30831.6341,6166.32682,4483.1521,0,180,11250,0,0,2682.002,5299,2000,0,0,4937.48,59786.31,11957.262,0,0,0,0,0
148978472,78,2,5,7566.49,1513.298,995.9,0,2000,2343,547.59,0,0,700,650,0,0,330,9333.33333333333,1866.66666666667,0,0,0,0,0
326380666,78,1,3,9274.2794,3091.42646666667,3564.3694,0,0,3000,1306.4,0,0,300,900,0,0,203.51,20000,6666.66666666667,0,0,0,0,0
264708843,78,1,1,10611.1533,10611.1533,2693.3033,844.35,0,5000,108,0,0,450,0,0,1515.5,0,7500,7500,995.9,0,0,1,0
737193765,78,1,3,12822.652,4274.21733333333,2855.202,0,0,3100,56,0,2598,649.5,35,0,3528.95,0,72286.6666666667,24095.5555555556,3290.8,0,0,1,0
230770102,78,2,3,10731.1945,3577.06483333333,6176.5285,115.178,329,949.155,2327.808,562.9,0,0,0,0,0,270.625,69401.3766666667,23133.7922222222,0,0,0,0,1
104984405,78,2,3,32787.78,10929.26,16488.64,3065.64,0,687,0,0,866,1400,6120,0,3680.5,480,59250,19750,0,0,0,0,1
881289208,78,2,2,6811.4275,3405.71375,1445.5705,0,0,4615,0,0,0,600,140,0,0,10.857,34000,17000,0,0,0,0,0
193784694,78,2,2,16154.1838,8077.0919,3131.7158,0,0,7000,400,0,4151,866,300,0,0,305.468,5500,2750,0,0,0,0,0
979832432,78,1,3,13794.2,4598.06666666667,2035.1,259.8,0,9090,0,173.2,519.6,1066.5,650,0,0,0,16274.59,5424.86333333333,0,0,0,0,0
404934753,78,2,4,45623.4341,11405.858525,8356.3371,397.927,535,11145.84,1588,3345,14279,2116.5,2120,0,0,1739.83,43500,10875,0,0,0,0,0
972511776,78,3,5,49382.1875,9876.4375,24240.9421,0,1300,1673.07,3661.8534,1320,2300,2600,10950,0,0,1336.322,45000,9000,0,0,0,0,0
254251234,78,1,3,30116.9313,10038.9771,7676.2673,1039.2,3350,1190,136,0,4604.626,1968,8251.35,0,1125.8,775.688,48583.3333333333,16194.4444444444,1125.8,3350,1,1,0
53168362,78,2,2,5981.45,2990.725,281.45,0,0,3600,0,0,0,450,1650,0,0,0,9216.66666666667,4608.33333333333,0,0,0,0,0
297291801,78,2,3,6876.85,2292.28333333333,389.7,0,0,2150,0,0,0,2700,100,0,1537.15,0,31900,10633.3333333333,1537.15,0,0,1,0
888338480,78,1,4,11742.0389,2935.509725,3972.0389,0,1770,1900,0,0,0,1500,2600,0,0,0,19166.6666666667,4791.66666666667,0,0,0,0,0
364157638,78,1,4,3406.71,851.6775,376.71,0,0,1230,0,0,0,800,1000,0,0,0,55000,13750,0,0,0,0,0
141766216,78,2,4,41048.19,10262.0475,3464,0,11200,1392.5,86,1840.25,16784,2474,2005,0,0,1802.44,13826,3456.5,0,0,0,0,0
253513285,78,2,2,8785.9425,4392.97125,3842.1389,2104.38,0,2030,156.8326,0,0,200,94.5,0,0,358.091,19000,9500,0,0,0,0,0
452793113,78,2,3,43452.2755,14484.0918333333,906.4855,930.95,0,1811,0,0,33600,2400,950,0,0,2853.84,15123.3333333333,5041.11111111111,0,0,0,0,0
623631837,78,2,6,24880.64,4146.77333333333,3065.64,0,1810,5575,400,0,12000,630,800,600,0,0,43333.3333333333,7222.22222222222,0,0,0,0,0
323048591,78,2,6,27024.9053,4504.15088333333,5119.4889,179.695,4705,8787.584,1692.1153,760,1360,1200,1950,0,0,1271.0221,27000,4500,0,0,0,0,0
658559367,78,1,4,27114.18,6778.545,7534.2,844.35,4400,4500,1275.04,0,1723.34,700,0,0,5412.5,724.75,23500,5875,5629,0,0,1,0
308673858,78,2,3,26043.528,8681.176,4764.5155,0,0,5023.47,2024.9097,1400,7911.1698,1780,1305.8,400,1299,134.663,28667,9555.66666666667,0,0,0,0,0
103640188,78,1,1,13638.9429,13638.9429,5268.4409,866,0,974.9,0,0,0,864,2953,0,1861.9,850.702,56500,56500,1299,346.4,1,1,0
428642904,78,1,1,3259.1535,3259.1535,441.8765,0,0,1058,809.277,0,0,150,800,0,0,0,9000,9000,0,0,0,0,0
294750117,78,1,7,34969.8751,4995.69644285714,7597.418,0,1180,14601,428.844,1432.07,1578.718,1648,600,0,2273.25,3630.5751,25722.76,3674.68,0,0,0,0,0
101581169,78,1,3,19615.79,6538.59666666667,2719.24,866,0,5000,564.75,0,3940.3,2243,3200,0,1082.5,0,20166.6666666667,6722.22222222222,1082.5,0,0,1,0
134182640,78,2,2,6768.1763,3384.08815,2553.0113,0,0,1780,0,0,0,1300,700,0,0,435.165,35000,17500,0,0,0,0,0
945572869,78,2,1,7577.4199,7577.4199,2299.3599,0,0,1748,138.56,0,649.5,883,1859,0,0,0,60000,60000,0,0,0,0,0
806712079,78,2,3,11657.203,3885.73433333333,2824.026,0,0,3150,1722.53,519.6,1212.4,1200,700,0,0,328.647,23200,7733.33333333333,0,0,0,0,0
100256855,78,1,2,16068.757236,8034.378618,1731.7402,1039.2,0,7551.72,362.421,0,960,2260,1200,0,738.9145,224.761536,56629,28314.5,0,0,0,0,0
130111379,78,1,1,4481.3464,4481.3464,2464.9824,396.195,0,150,170.169,0,0,800,500,0,0,0,11284.5,11284.5,0,0,0,0,1
66624652,78,3,2,91429.6552,45714.8276,15264.5057,2782.025,3200,3866.5,5578.357,5555.9016,26584,4300,6518,0,12434.3311,5346.0348,146733.333333333,73366.6666666667,6992.95,0,0,1,0
654676979,78,1,1,5485.1,5485.1,606.2,0,160,925,129.9,3464,0,200,0,0,0,0,0,0,0,0,0,0,0
592856562,78,1,1,15407.5222,15407.5222,1475.7073,0,6760,3460,209,0,0,0,810,2500,0,192.8149,7018.66666666667,7018.66666666667,0,6360,1,0,0
975819161,78,2,1,11627.3084,11627.3084,1784.9992,0,0,5000,23.744,569.1352,433,480,1730,0,476.3,1130.13,17000,17000,476.3,0,0,1,0
186515743,78,1,1,3844.63,3844.63,311.76,216.5,0,502.37,144,0,0,350,2320,0,0,0,15600,15600,0,0,0,0,0
491982282,78,1,5,12485.9484,2497.18968,1169.3165,0,1710,7704.695,0,0,0,0,915,0,0,986.9369,31599.26,6319.852,0,0,0,0,0
567760466,78,1,5,9718.4902,1943.69804,1342.0402,281.45,1300,2055,0,0,0,890,1850,2000,0,0,20050,4010,0,0,0,0,0
748701021,78,2,3,27223.36,9074.45333333333,10552.21,0,0,12150,671.15,0,866,1400,0,0,0,1584,29266.6666666667,9755.55555555556,0,0,0,0,0
515380080,78,3,2,39223.8958,19611.9479,7035.2108,1048.726,2500,7450,1907.64,8170.277,6795.502,2240,1000,0,0,1076.54,43000,21500,0,1114.0224,1,0,0
871255924,78,2,2,26932.1431,13466.07155,6544.2321,0,0,10600,207.407,0,4763,2500,1500,0,0,817.504,39000,19500,0,0,0,0,0
993396318,78,1,3,35951.7795,11983.9265,10004.2485,0,1369,10145,2061.112,0,6884.7,1350,1208.57,0,0,2929.149,87185.8333333333,29061.9444444444,0,0,0,0,0
852577685,78,2,6,6980.66,1163.44333333333,1697.36,0,0,1775,0,0,2208.3,200,1100,0,0,0,20824.22,3470.70333333333,0,0,0,0,0
1656289,78,1,3,26520.6649,8840.22163333333,5999.3449,2273.25,1470,5700,6214.07,200,0,530,4034,0,0,100,26979.3333333333,8993.11111111111,0,0,0,0,0
861619403,78,2,2,56155.7941,28077.89705,3042.9941,0,17600,4300,144,0,5629,4166,13500,0,3464,4309.8,107166.666666667,53583.3333333333,0,0,0,0,0
401773915,78,2,1,28089.53,28089.53,4078.86,0,0,2028,0,0,19765,360,380,0,1169.1,308.57,37000,37000,1169.1,0,0,1,0
671018337,78,2,5,29782.244,5956.4488,2173.3136,0,4320,3600,273.3,2232,7970.5,1851.2,1628,0,4979.5,754.4304,30656.7833333333,6131.35666666667,0,0,0,0,0
967924645,78,1,4,29674.9225,7418.730625,9178.9505,1082.5,0,13766,196.582,860,476.3,683,1989.7,0,0,1441.89,34000,8500,0,0,0,0,0
775228374,78,2,3,21768.795,7256.265,3730.295,281.45,3030,9550,801.05,416,0,640,2780,300,0,240,18600,6200,0,0,0,0,0
808652950,78,2,1,17561.53,17561.53,4507.53,0,0,10354,0,0,0,1600,1100,0,0,0,49000,49000,2468.1,0,0,1,0
414498531,78,2,2,24834.902,12417.451,6425.1571,1119.738,0,3500,0,8368.2189,0,1400,3400,0,0,621.788,32322.76,16161.38,0,0,0,0,0
407998252,78,1,2,8751.0131,4375.50655,329.8161,0,0,7675,96.197,0,0,150,500,0,0,0,39000,19500,0,0,0,0,0
174464135,78,1,4,27525.947,6881.48675,8053.367,1667.05,5305,4224.5,1920,0,0,1200,5156.03,0,0,0,49673.6666666667,12418.4166666667,0,0,0,0,0
28265477,78,1,2,18984.865,9492.4325,8339.58,0,150,7450,169.736,0,0,1250,650,0,0,975.549,22835.6,11417.8,0,0,0,0,0
551800823,78,2,1,10888.5196,10888.5196,935.28,0,0,7707.35,25.8896,0,0,1225,995,0,0,0,19000,19000,0,0,0,0,0
344360468,78,2,4,33486.45,8371.6125,5490.44,0,1100,7408.5,1899.2,0,11361,1346.6,3906,0,476.3,498.41,56891,14222.75,0,2475.2,1,0,0
725336005,78,3,3,18040.32,6013.44,606.2,0,0,1677.92,0,0,6928,3994,1800,0,1948.5,1085.7,63000,21000,0,0,0,0,0
549924955,78,1,5,8292.121,1658.4242,1021.014,281.45,2600,1484.52,158.5,0,0,1099.85,1500,0,0,146.787,72299,14459.8,0,0,0,0,0
941302223,78,3,4,53754.2894,13438.57235,8595.916,3598.23,1350,2489.91,928,0,28300,2516,2105.8,0,869.12,3001.3134,55166.6666666667,13791.6666666667,0,1200,1,0,0
981219603,78,1,5,10490.497,2098.0994,956.497,995.9,400,1105,0,1800,3031,1472.2,600,0,129.9,0,20000,4000,0,0,0,0,0
776101369,78,1,1,3940.43,3940.43,385.37,355.06,0,2500,0,0,0,700,0,0,0,0,10717.7966666667,10717.7966666667,0,0,0,0,0
214114426,78,1,1,15299.4639,15299.4639,2034.3639,0,2820,6400,1336.95,0,500,1920,0,0,0,288.15,17500,17500,0,0,0,0,0
532656662,78,1,3,18379.2946,6126.43153333334,12576.5716,0,0,1621,143.756,0,1512.036,1585,808,0,0,132.931,59300,19766.6666666667,0,0,0,0,1
66115113,78,2,2,19780.3056,9890.1528,2359.85,281.45,0,6070,0,0,2598,1690,1650,0,4936.2,194.8056,29100,14550,4936.2,0,0,1,0
759076785,78,2,2,14312.3107,7156.15535,7086.4347,2152.876,0,1723,0,740,0,1460,900,0,0,250,54650.8233333333,27325.4116666667,0,0,0,0,0
804100439,78,1,1,21025.724,21025.724,9400.43,1753.65,0,1463,3500,192,3666.644,0,850,0,0,200,8000,8000,0,0,0,0,0
228371702,78,1,1,7995.9298,7995.9298,2940.3298,1385.6,0,1620,0,0,0,1350,700,0,0,0,25000,25000,0,0,0,0,0
50842318,78,2,4,32242.97,8060.7425,9603.94,0,0,11170,677.45,480,4758.1,550,1516.5,0,1428.9,2058.08,30000,7500,0,0,0,0,0
472838604,78,2,2,22005.8122,11002.9061,17247.0828,0,0,1201.61,584.983,500,0,100,800,0,0,1572.1364,32000,16000,0,0,0,0,1
326133371,78,1,3,19570.4262,6523.4754,983.5162,0,1770,11785.91,0,0,3031,1200,800,0,0,0,18992.3,6330.76666666667,0,0,0,0,0
289982667,78,2,5,10803.655,2160.731,3619.014,0,0,467.33,544.281,0,1082.5,952.1,2315.5,0,1299,523.93,45513,9102.6,0,0,0,0,0
503048059,78,2,3,14674.7897,4891.59656666667,3247.8897,0,0,3800,99.59,0,1775.3,2400,2715.5,0,0,636.51,45000,15000,0,0,0,0,0
30549261,78,2,4,12878.375,3219.59375,3883.9234,303.1,109,1980,78.4,0,1385.6,4049.5,1000,0,0,88.8516,33000,8250,0,0,0,0,0
2274451,78,2,4,46009.1,11502.275,7651.11,0,1250,11860,1603.2,1200,9701.4,1240,5107.55,0,1277.35,5118.49,36299,9074.75,0,0,0,0,0
18574207,78,1,2,4844,2422,866,433,930,1665,0,0,0,750,200,0,0,0,0,0,0,0,0,0,0
98436239,78,2,1,19775.13,19775.13,4853.93,0,0,5225,0,0,2598,540,4000,0,1299,1259.2,65000,65000,0,0,0,0,0
1799530,78,2,5,33139.555,6627.911,15083.555,1558.8,3100,8800,1558.8,0,519.6,216.5,526.3,910,866,0,64485.8333333333,12897.1666666667,866,0,0,1,0
730808627,78,2,2,6202.2,3101.1,173.2,0,0,1147,0,0,1732,1150,2000,0,0,0,15400,7700,0,0,0,0,0
695621880,78,1,3,12095.834,4031.94466666667,3701.284,216.5,0,3797,20.8,780,866.85,1066.4,248,0,1299,100,18314.01,6104.67,0,0,0,0,0
262023505,78,1,4,5858.6,1464.65,1342.3,0,0,987,0,100,0,854,800,0,259.8,1515.5,20900,5225,0,0,0,0,0
579662834,78,2,6,13269.5393,2211.58988333333,7700.7751,0,0,622,0,879.4,866,0,2455.2,0,0,746.1642,6786.31,1131.05166666667,0,0,0,0,1
34990121,78,2,3,72983.4831,24327.8277,7929.3991,1183.389,4100,3257.55,1458.58,672,44000,1822.03,4000,2300,856.5,1404.035,84833.3333333333,28277.7777777778,0,0,0,0,0
468913268,78,2,4,38772.4275,9693.106875,24315.4181,1029.8472,0,1495.78,4362.0231,411.0036,1732,1450,950,0,0,3026.3555,96000,24000,0,0,0,0,1
165691499,78,2,1,22869.3826,22869.3826,3774.5476,649.5,7400,408.5,1920,0,640,550,995,0,0,6531.835,13653,13653,0,0,0,0,0
907740627,78,2,4,24018.837,6004.70925,3568.786,756.884,0,11490,252.767,0,1732,1840,2300,0,0,2078.4,73000,18250,0,0,0,0,0
868473783,78,1,3,16017.5689,5339.18963333333,5098.2719,0,2400,2032.56,473.2,349,344.668,1700.2,2800,0,194.85,624.819,18262.24,6087.41333333333,194.85,1267.2,1,1,0
429157408,78,1,3,39775.8634,13258.6211333333,9626.1529,887.65,3569,4900,8602.48,801.5696,1600,1393,2569,0,4784.65,1042.3609,29333,9777.66666666667,887.65,0,0,1,0
965841678,78,2,2,10331.5645,5165.78225,3423.5145,368.05,0,3275,0,0,866,1849,550,0,0,0,35000,17500,0,0,0,0,0
617608231,78,2,2,16832.8527,8416.42635,5062.5927,0,0,2329,1247.04,1600,3420.7,1700,1287.4,0,0,186.12,10500,5250,0,0,0,0,0
897655106,78,1,2,10504.4713,5252.23565,3225.0273,0,0,5058.34,276.254,0,0,300,1450,0,0,194.85,6786.31,3393.155,0,0,0,0,0
930287413,78,2,5,15241.1106,3048.22212,6806.4136,606.2,0,2240,0,0,1948.5,2100,800,0,0,739.997,39000,7800,0,0,0,0,0
100006878,78,2,4,35018.4842,8754.62105,4099.3842,649.5,9168,2250,1039.2,1000,5778.9,1700,4780,0,4113.5,440,55600,13900,0,0,0,0,0
990040314,78,2,3,19631.7348,6543.9116,1686.7948,0,979,10000,190,0,4358.8,2000,0,0,0,417.14,48996.15,16332.05,0,0,0,0,0
643209022,78,1,6,16269.2135,2711.53558333333,4819.0735,0,0,8200,0,0,0,1866,700,0,0,684.14,63500,10583.3333333333,0,0,0,0,0
340290314,78,2,2,28578.37,14289.185,3052.65,0,2000,4930,2000,400,11252.62,1200,2100,0,822.7,820.4,48000,24000,0,0,0,0,0
938160284,78,2,2,6557.7,3278.85,2598,0,0,1650,0,0,689.7,120,1500,0,0,0,17000,8500,0,0,0,0,0
180604440,78,2,2,10844.48,5422.24,866,0,0,4286.3,0,0,0,1663,3450,0,0,579.18,72000,36000,0,0,0,0,0
168554363,78,1,3,24324.7885,8108.26283333333,6135.9131,1212.4,990,1614.84,2931.76,400,1464,4534.8724,2121.307,0,1658.39,1261.306,11600,3866.66666666667,0,0,0,0,0
460882128,78,2,3,22104.79,7368.26333333333,4827.95,0,0,7433.34,0,0,8443.5,800,600,0,0,0,36174.22,12058.0733333333,0,0,0,0,0
81887529,78,2,2,22694.0124,11347.0062,5650.0438,2277.147,2500,5000,500.115,0,2165,3350,180,0,0,1071.7066,46118,23059,0,0,0,0,0
288942861,78,2,2,25722.0182,12861.0091,2028.7782,0,0,9297,0,0,10392,800,1100,0,1732,372.24,40008,20004,1732,0,0,1,0
422134211,78,1,1,26173.8003,26173.8003,2297.9743,194.85,0,10050,250,2000,3640.626,1400,2940.35,1700,0,1700,41500,41500,0,800,1,0,0
704364487,78,2,3,14820.7828,4940.26093333333,7311.638,0,3780,558,0,699.5548,128,1564,640,0,0,139.59,56783.3333333333,18927.7777777778,0,0,0,0,0
672015460,78,2,1,34329.0817,34329.0817,3755.7554,259.8,3350,4500,202.644,17190.087,250,1625,575,1300,0,1320.7953,28000,28000,0,0,0,0,0
916749309,78,2,5,40794.8057,8158.96114,11603.4907,0,3200,3929,1206.8576,3276.26,9655.9,3065,900,0,2225.62,1732.6774,63586.31,12717.262,731.77,0,0,1,0
278399361,78,3,2,15431.938,7715.969,8097.1,974.25,0,1985,0,0,3264,420,400,0,0,291.588,60000,30000,0,0,0,0,1
197641329,78,2,2,23693.022,11846.511,10272.492,0,2240,1813,305.31,2050,1299,2160,700,0,0,2853.22,45680,22840,0,0,0,0,0
19174549,78,1,3,12586.8225,4195.6075,1963.0055,0,0,2220,238.15,0,3983.167,1300,1800,0,1082.5,0,51257.6666666667,17085.8888888889,1082.5,0,0,1,0
194587697,78,1,3,10099.009,3366.33633333333,3551.899,476.3,0,2025,424.34,0,493.62,433,2500,0,0,194.85,26000,8666.66666666667,0,0,0,0,0
404923462,78,2,3,14786.3,4928.76666666666,1299,3810.4,0,2250,0,0,866,2332,2800,0,779.4,649.5,41900,13966.6666666667,0,1732,1,0,0
995892503,78,2,5,59937.0602,11987.41204,13163.2,1039.2,10360,1327,0,0,11064,200,17204,0,3139.25,2440.4102,24000,4800,0,0,0,0,0
267181580,78,2,3,15529.957,5176.65233333333,1719.876,862.969,0,9953,0,0,0,1435,765,0,0,794.112,65000,21666.6666666667,0,0,0,0,0
529468802,78,1,1,4142.218,4142.218,389.7,0,0,960,320,0,444.668,533,1300,0,194.85,0,13000,13000,194.85,0,0,1,0
539472404,78,1,1,13572.654,13572.654,4324.804,324.75,0,7570,0,0,0,350,700,0,0,303.1,12493,12493,0,0,0,0,0
182023063,78,3,6,41397.06,6899.51,5719.93,0,11300,6360,797.6,5770.15,0,5930,3050,0,2035.1,434.28,63000,10500,0,0,0,0,0
338030348,78,1,3,17522.72,5840.90666666667,433,3139.25,0,6465,0,1039.2,3464,2100,800,0,82.27,0,35933.3333333333,11977.7777777778,0,0,0,0,0
652008140,78,3,4,7114.682,1778.6705,1241.411,0,0,1800,0,0,0,1850,800,0,1299,124.271,69200,17300,0,0,0,0,0
996544679,78,2,4,43655.4835,10913.870875,20679.8635,0,0,3605.5,0,0,7142.4,2400,6599.6,2700,0,528.12,114400,28600,0,0,0,0,0
853513581,78,1,1,12790.193,12790.193,6171.549,0,0,1512,0,0,3666.644,440,1000,0,0,0,7802.66666666667,7802.66666666667,0,0,0,0,0
689087883,78,2,4,27921.4526,6980.36315,4714.2875,0,0,3736,441.4751,10,2549,2000,6215,3840,3382.37,1033.32,47154,11788.5,731.77,0,0,1,0
909343840,78,2,4,40351.5421,10087.885525,3560.8621,0,0,29237,0,952.6,2598,1449,2225,0,0,329.08,7620.36,1905.09,0,0,0,0,0
704682506,78,1,2,20431.2761,10215.63805,7775.6841,0,0,5695.5,2245.944,422.608,2598,124,1405,0,0,164.54,56500,28250,0,0,0,0,0
415882352,78,2,6,39953.9563,6658.99271666667,17446.8257,2146.814,0,3515.31,2202.671,0,4763,0,2100,1700,4358.94,1720.3956,89166.6666666667,14861.1111111111,2381.5,0,0,1,0
919417868,78,2,6,9055.15,1509.19166666667,1580.45,606.2,0,920,0,0,3948.5,1000,1000,0,0,0,64470,10745,0,0,0,0,0
554688916,78,1,2,6307.3139,3153.65695,1973.7439,0,0,1625,129.9,0,0,300,1850,0,0,428.67,22000,11000,0,0,0,0,0
517517819,78,1,4,4698.0542,1174.51355,554.8462,0,0,1340,103.26,0,0,800,1148.26,0,0,751.688,17664.75,4416.1875,0,0,0,0,0
991146217,78,2,3,32197.6851,10732.5617,2308.1931,2273.25,3210,9540,0,125,8993.002,2446,2130,400,0,772.24,94433.3333333333,31477.7777777778,0,0,0,0,0
629792259,78,1,4,11895.65,2973.9125,7005.94,1039.2,0,819.51,1169.1,0,0,0,0,0,1082.5,779.4,91833.3333333333,22958.3333333333,1082.5,0,0,1,1
42126930,78,1,1,1828.08,1828.08,1281.68,346.4,0,0,0,0,0,200,0,0,0,0,16760.74,16760.74,0,0,0,0,1
129883993,78,2,2,10086.1571,5043.07855,5628.4371,0,0,1407.72,0,0,0,2250,800,0,0,0,22000,11000,0,0,0,0,1
667699412,78,2,5,25769.5219,5153.90438,5188.3359,2000.46,820,10610,320,0,5074.3,433,1128,0,0,195.426,31716.6666666667,6343.33333333333,0,0,0,0,0
693623717,78,2,4,20837.5022,5209.37555,482.1022,0,8430,2363,1012.4,0,0,3350,3950,600,0,650,22266.6666666667,5566.66666666667,0,0,0,0,0
119320584,78,1,3,9763.101,3254.367,1644.101,0,600,5969,0,300,0,1000,0,0,0,250,38633.3333333333,12877.7777777778,0,0,0,0,0
868725179,78,2,3,9395.6583,3131.8861,439.5383,0,3400,2380,0,0,0,490,1600,500,0,586.12,46994,15664.6666666667,0,0,0,0,0
460830764,78,1,2,16203.8838714286,8101.94193571429,6588.1383,0,0,7326.075,168.437,0,1325.59857142857,300,64.8,0,0,430.835,14000,7000,0,0,0,0,0
925661211,78,2,5,25127.388,5025.4776,5782.282,281.45,4060,1726.8,106.951,1382.91,2725.735,1979.8,4198,0,2433.46,450,70155.77,14031.154,731.77,0,0,1,0
479283552,78,2,3,13012.324,4337.44133333333,5889.233,0,0,2700,314.791,0,2078.4,1300,729.9,0,0,0,46500,15500,0,0,0,0,0
799622905,78,2,4,16201.0505,4050.262625,1644.7505,0,0,2185,0,0,2078.4,2800,7492.9,0,0,0,70000,17500,0,0,0,0,0
584026903,78,2,3,5918.1,1972.7,86.6,0,0,1580,0,0,1948.5,1633,670,0,0,0,67000,22333.3333333333,0,0,0,0,0
339614957,78,1,4,12264.294,3066.0735,1809.074,0,0,3195,0,0,3892.67,1866,1151.55,200,0,150,28133.3333333333,7033.33333333333,0,0,0,0,0
746729329,78,1,3,14134.7114,4711.57046666667,4545.5474,0,1100,4500,436.464,0,2223.34,450,48,0,0,831.36,14000,4666.66666666667,0,0,0,0,0
907741644,78,2,4,32007.69,8001.9225,9400.43,0,0,1760,173.2,150,12000,4080,3200,0,0,1244.06,83707.6666666667,20926.9166666667,0,0,0,0,0
343227010,78,2,2,11763.2125,5881.60625,1916.2415,0,59.9,7720,93.528,0,0,733,950,0,0,290.543,17000,8500,0,0,0,0,0
54596906,78,1,1,21570.2864,21570.2864,3325.7864,0,3500,6200,0,0,5629,1666,600,0,649.5,0,43333.3333333333,43333.3333333333,0,0,0,0,0
902139188,78,2,4,15920.6577,3980.164425,1600.7577000000001,1645.4,0,7500,0,0,0,1980,380,0,2814.5,0,44000,11000,1342.3,0,0,1,0
863401384,78,1,1,4980.737,4980.737,1381.703,0,23,1770,376.034,0,0,860,570,0,0,0,9200,9200,0,0,0,0,0
446909172,78,1,3,10227.2049,3409.0683,5824.4129,0,0,888.88,0,0,0,790,2090,0,0,633.912,23000,7666.66666666667,0,0,0,0,1
887738670,78,2,3,17074.5401,5691.51336666667,10318.2601,0,0,1263.88,10.6,0,0,2260,1230,0,1299,692.8,21746.6666666667,7248.88888888889,0,0,0,0,1
575464305,78,2,4,23505.59,5876.3975,5144.04,1970.15,3970,4500,126.6,0,3009.2,400,2850,0,1385.6,150,38858.9666666667,9714.74166666667,1385.6,0,0,1,0
966560485,78,1,3,16396.704,5465.568,1277.35,1515.5,200,5532,2880,0,3632.004,865,0,0,194.85,300,39216.6666666667,13072.2222222222,194.85,0,0,1,0
305521875,78,1,4,14363.588,3590.897,556.838,0,2000,9129,48,0,324.75,1233,1048,24,0,0,15700,3925,0,0,0,0,0
650181791,78,3,4,54175.774,13543.9435,4284.102,1727.67,13510,4289,3086.143,3942.816,5929,4770,5432,1800,2984.55,2420.493,46000,11500,194.85,2600,1,1,0
909453150,78,1,2,17253.5,8626.75,2208.3,1515.5,3240,6000,0,0,389.7,1900,1500,0,0,500,31479.3333333333,15739.6666666667,0,0,0,0,0
959925713,78,1,2,7257.061,3628.5305,1113.676,0,190,3492.35,0,0,0,840,600,600,0,421.035,54000,27000,0,0,0,0,0
585661136,78,2,3,19202.17,6400.72333333333,5364.87,0,1600,1500,59.2,0,6810,400,1000,0,0,2468.1,35000,11666.6666666667,0,0,0,0,0
901821361,78,2,1,24770.9415,24770.9415,5016.0885,0,1250,9460,125.57,0,5629,399,2435,0,0,456.283,26000,26000,0,206.283,1,0,0
77452790,78,2,2,35049.8709,17524.93545,6769.0457,0,4065,2356.09,542,2400,3812,2197.63,7432,0,3617.15,1858.9552,92716,46358,3009.35,0,0,1,0
68400935,78,2,2,68185.8312,34092.9156,4736.3272,1389.064,240,10240.26,87.9,40000,7108,2350,1100,0,0,934.28,15123.3333333333,7561.66666666667,0,0,0,0,0
224685263,78,2,2,15611.096,7805.548,3198.571,0,0,8521,179.695,600,0,800,1800,0,0,511.83,94800,47400,0,0,0,0,0
870245890,78,3,4,10053.9934,2513.49835,2613.5014,562.9,0,1545.63,0,0,1948.5,0,528.26,0,2468.1,387.102,38470,9617.5,0,0,0,0,0
532125157,78,3,4,55665.6707,13916.417675,14712.041,3238.84,599,1999.5,2384.163,2620,0,9126,19320.9567,0,0,1665.17,52336,13084,0,14880,1,0,0
310066891,78,2,4,32788.54,8197.135,12214.93,1706.02,0,185,1571.79,0,2400,830,3400,8922,0,1558.8,38000,9500,0,0,0,0,0
288369999,78,3,7,17615.1401,2516.44858571429,8538.6301,0,0,2000,627.85,0,1948.5,2233,2267.16,0,0,0,62000,8857.14285714286,0,0,0,0,0
296400786,78,2,6,12107.6,2017.93333333333,3767.1,0,1830,1265,0,0,0,1500,1470,1500,0,775.5,38700,6450,0,0,0,0,0
268264589,78,1,2,18167.35,9083.675,9954.67,606.2,0,3500,601.87,0,0,0,200,0,1796.95,1507.66,31583.3333333333,15791.6666666667,0,0,0,0,1
726561762,78,2,1,8478.2672,8478.2672,1700.9972,342.07,0,3296,0,0,0,700,2439.2,0,0,0,60800,60800,0,0,0,0,0
35240238,78,2,4,27353.6609,6838.415225,2515.4269,346.4,3900,10000,0,0,1904.334,3700,1740,0,3247.5,0,49633.3333333333,12408.3333333333,69.28,0,0,1,0
681947108,78,2,3,38187.863,12729.2876666667,6633.993,0,7700,3451.87,0,0,14960,1200,2550,1692,0,0,20029.06,6676.35333333333,0,0,0,0,0
449638882,78,2,2,99051.8779,49525.93895,13409.7069,541.25,0,8098,1162.321,3298,65120,1236,2100,0,3559.26,527.34,45000,22500,0,0,0,0,0
106524059,78,2,3,35507.2911,11835.7637,4207.3311,1234.05,3450,1988,8100,800,8095,3100,2000,0,433,2099.91,26299,8766.33333333333,0,0,0,0,0
283801377,78,1,2,12018.4155,6009.20775,5217.4335,0,0,1038,1014.952,952.6,0,2080,975,0,0,740.43,33300,16650,0,0,0,0,0
720005928,78,1,1,9313.3259,9313.3259,2631.9039,0,0,1180,536.054,0,3215.002,200,900,0,0,650.366,7000,7000,0,0,0,0,0
454444762,78,2,4,20772.558,5193.1395,3518.558,0,0,11290,0,0,3464,1735,765,0,0,0,36000,9000,0,0,0,0,0
148028164,78,2,4,28068.2122,7017.05305,11004.8682,1986.604,0,11240,0,0,1299,1700,629.9,0,0,207.84,90000,22500,0,0,0,0,0
768288625,78,2,4,13475.6973,3368.924325,5517.3293,0,0,1539.27,1043.53,0,2165,1200,1750,0,0,260.568,14000,3500,0,0,0,0,0
59811758,78,1,2,7163.984,3581.992,540.384,0,680,1700,200,0,3031,926,0,0,0,86.6,16300,8150,0,0,0,0,0
231762349,78,2,3,15095.5946,5031.86486666667,2403.2366,0,0,8980,655.838,0,0,1733,700,0,0,623.52,26000,8666.66666666667,0,0,0,0,0
923519868,78,2,3,28598.58,9532.86,6711.5,0,6210,1876.27,232,500,3727.5,1283,1450,150,3247.5,3210.81,63453.3333333333,21151.1111111111,1082.5,0,0,1,0
445802870,78,1,4,17465.3578,4366.33945,2207.6938,0,0,8780,143.323,1182.09,1300,2484,785,0,0,583.251,33000,8250,0,0,0,0,0
657636937,78,2,4,33039.175,8259.79375,5782.715,2121.7,0,12157.97,1082.5,2182,2598,1800,1600,0,606.2,3108.09,23448.44,5862.11,0,0,0,0,0
105041510,78,2,1,12368.609,12368.609,1486.489,0,1200,1536,5260,0,0,600,2100,0,0,186.12,19222.47,19222.47,0,0,0,0,0
459990370,78,2,9,14351.2651,1594.58501111111,2604.7981,476.3,0,1420,0,0,493.62,783,7041.16,0,0,1532.387,19416.6666666667,2157.40740740741,0,0,0,0,0
575390192,78,1,6,19386.5446,3231.09076666667,8918.1546,0,3700,2429,1460.91,0,320,500,950,0,0,1108.48,25095.42,4182.57,0,0,0,0,0
874790921,78,1,1,3303.79,3303.79,333.41,1454.88,0,0,0,0,1515.5,0,0,0,0,0,26000,26000,0,0,0,0,0
719241107,78,1,1,9052.61,9052.61,1372.61,0,0,4800,0,0,0,100,2780,0,0,0,19000,19000,0,0,0,0,0
960206717,78,2,4,13308.36,3327.09,974.25,0,0,1100,51.96,0,7858.95,2575,575,0,173.2,0,46499.63,11624.9075,0,0,0,0,0
102308075,78,2,2,18084.081,9042.0405,1453.581,0,0,13800,0,0,0,2125,705.5,0,0,0,70000,35000,0,0,0,0,0
708556794,78,2,2,21660.3568,10830.1784,10032.0038,0,0,2480.5,210.8,0,4218.45,2500,1100,0,0,1118.603,27966.6666666667,13983.3333333333,0,0,0,0,0
945080597,78,3,3,41980.7929,13993.5976333333,5768.1229,0,0,1149,0,200,28561,2600,2800,0,82.27,820.4,67800,22600,0,0,0,0,0
731009126,78,2,5,8203.0198,1640.60396,1840.5098,0,0,1171.12,84.002,1711.216,0,3100,0,0,0,296.172,23566.6666666667,4713.33333333333,0,0,0,0,0
593551226,78,2,3,21899.4408,7299.8136,5939.7208,588.88,3415,2795,367.42,1300,0,1704.35,2125.47,2300,433,930.6,24000,8000,0,0,0,0,0
511037165,78,2,3,4757.501,1585.83366666667,691.501,0,0,1550,0,0,866,965,685,0,0,0,13600,4533.33333333333,0,0,0,0,0
937563701,78,2,3,12118.8518,4039.61726666667,3106.0822,0,0,3690.6,538.7386,244.645,866,1232,1686.5,0,649.5,104.786,19500,6500,0,0,0,0,0
239301718,78,2,4,17781.8183,4445.454575,5712.5257,0,0,1634.86,0,4010.5326,3623.9,1050,1750,0,0,0,68500,17125,0,0,0,0,0
773416734,78,1,3,42118.8361,14039.6120333333,10098.426,0,0,14805,914.929,10013.9,0,2860,2575,0,538.4355,313.1456,62733.3333333333,20911.1111111111,0,0,0,0,0
76018556,78,2,1,17597.0027,17597.0027,9475.2957,0,250,3094,269.137,150,848,1249.5,820,0,1082.5,358.57,16000,16000,0,0,0,0,1
345322119,78,2,1,25222.498,25222.498,3304.223,1299,4500,6650,0,0,7426,800,0,0,0,1243.275,55644,55644,0,0,0,0,0
436487640,78,2,2,19369.9401,9684.97005,12901.5381,1124.501,0,1293.3,1924.951,0,0,480,801.3,0,0,844.35,18826,9413,0,0,0,0,1
178816106,78,1,3,10239.0497,3413.01656666667,2503.9957,0,1900,2750,221.67,0,0,500,1090,0,0,1273.384,9200,3066.66666666667,0,0,0,0,0
962045054,78,1,3,5779.25,1926.41666666667,1732,0,0,1481.5,0,0,974.25,325,1266.5,0,0,0,17633.3333333333,5877.77777777778,0,0,0,0,0
807272074,78,2,1,31132.24,31132.24,2901.1,0,450,9600,0,0,8096,600,6380,1800,768,537.14,46000,46000,0,0,0,0,0
937479209,78,2,4,16061.28,4015.32,909.3,0,400,1678.5,1480,360,2381.5,1316,3392.8,0,3464,679.18,74354.58,18588.645,995.9,0,0,1,0
176563050,78,2,2,32794.65,16397.325,1831.59,0,1138,9206,2864,700,12066,980,2530,520,866,93.06,10720,5360,0,0,0,0,0
208426304,78,2,3,9896.74,3298.91333333333,337.74,0,5360,750,0,50,866,793,680,360,0,700,14992.3,4997.43333333333,0,0,0,0,0
793958070,78,1,2,57604.2673,28802.13365,14201.5773,0,0,21920.06,16190.52,2800,0,1537.11,755,0,0,200,42000,21000,0,0,0,0,0
135304625,78,1,1,22456.91,22456.91,4620.11,3117.6,6400,2918,570.8,0,208,2606,1270,0,0,746.4,12000,12000,0,0,0,0,0
151501897,78,1,3,24354.3527,8118.11756666666,8941.5366,0,0,9690.33,1186.42,623.52,861.67,750,901.55,0,0,1399.3261,28000,9333.33333333333,0,0,0,0,0
245342653,78,1,3,10021.41,3340.47,3061.31,0,1630,909,649.5,0,0,1069.5,1100,0,1602.1,0,22500,7500,0,0,0,0,0
775052391,78,1,1,15396.05,15396.05,3165.23,3182.55,2700,4500,0,0,0,300,0,0,151.55,1396.72,23666.6666666667,23666.6666666667,0,0,0,0,0
575572707,78,2,2,23507.735,11753.8675,7946.3727,607.932,0,3955.6,448.155,6502.1283,0,1170,850,0,1039.2,988.347,53300,26650,1039.2,0,0,1,0
841766066,78,1,4,24465.48,6116.37,11210.37,216.5,0,1956,1441.89,1615.09,3031,200,850,0,0,3944.63,5000,1250,0,0,0,0,0
887342583,78,2,4,29326.5784,7331.6446,4219.4984,0,1200,2752.58,0,3446.4,11393.51,2005,889,0,3031,389.59,25000,6250,3031,0,0,1,0
807262296,78,2,4,18896.6046,4724.15115,9091.1814,1059.118,0,2800,826.164,0,1034.004,1500,1000,500,0,1086.1372,4666.66666666667,1166.66666666667,0,0,0,0,0
151537424,78,2,3,13608.2982,4536.0994,892.5862,0,3090,3450,1792,0,560,2000,1250,0,0,573.712,10000,3333.33333333333,0,1120,1,0,0
767154449,78,2,4,20062.3134,5015.57835,5585.6134,0,199,2860,447.289,0,3464,2100,3821.631,0,0,1584.78,60000,15000,0,0,0,0,0
511738039,78,1,4,23935.4446,5983.86115,2445.6706,0,0,10580,433.866,0,6884.7,650,1786.83,0,0,1154.378,22000,5500,0,0,0,0,0
42176871,78,2,3,3976.121,1325.37366666667,119.941,0,0,392.18,0,0,3464,0,0,0,0,0,18850,6283.33333333333,0,0,0,0,0
