id,provincia,propauto,cantmiem,gastot,gastotpc,gc_01,gc_02,gc_03,gc_04,gc_05,gc_06,gc_07,gc_08,gc_09,gc_10,gc_11,gc_12,ingtoth,ingpch,tn_restaurant,tn_internet,cat_gastos_internet,cat_gastos_restaurant,cat_gastos_alimentos
450171539,74,1,2,10489.765,5244.8825,2210.465,0,2500,2839.3,300,0,0,640,2000,0,0,0,16158.28,8079.14,0,0,0,0,0
462455438,74,2,6,37254.358,6209.05966666667,8945.78,0,1600,3714,4489.2,112,4038.58,850,3530,6900,2273.25,801.548,38920,6486.66666666667,0,400,1,0,0
42661976,74,2,1,21017.7992,21017.7992,5457.7052,0,0,303,1568,3200,8448.55,440,1120,0,0,480.544,40250,40250,0,0,0,0,0
630911853,74,1,3,13510.2,4503.4,5395.18,0,1740,770,504,0,1107.64,290,866,0,1428.9,1408.48,9200,3066.66666666667,866,0,0,1,0
513185552,74,1,4,15679.95,3919.9875,5836.84,3334.1,900,1275.8,20,1779.63,56,200,0,0,0,2277.58,24000,6000,0,0,0,0,0
368737029,74,1,1,4429.76,4429.76,1121.47,0,0,928,174,720,0,330,1100,0,0,56.29,2700,2700,0,0,0,0,0
502131174,74,1,1,11790.75,11790.75,1026.21,368.05,980,4200,150.4,0,158.4,490,1874.75,0,2091.39,451.55,13000,13000,1247.04,0,0,1,0
776104507,74,2,2,61426.41,30713.205,3875.35,3373.07,3825,1020,866.85,164.54,40000,3000,2550,0,2251.6,500,70500,35250,1299,0,0,1,0
153143505,74,1,5,14978.53,2995.706,3948.96,0,7000,2275,469.28,0,655.8,0,400,0,0,229.49,28500,5700,0,0,0,0,0
662486872,74,3,3,22456.88,7485.62666666667,7098.169,0,0,1790,1050.025,296.24,3531,2620,1705,2000,562.9,1803.546,57814.3333333333,19271.4444444444,320.42,0,0,1,0
817790684,74,2,4,11483.174,2870.7935,3225.85,0,1580,1020.78,492.58,0,2953.254,851.8,625.5,400,0,333.41,11462,2865.5,0,0,0,0,0
739854035,74,1,7,15350.58,2192.94,6529.64,0,850,3407.46,800,0,1238.38,280,500,1590,0,155.1,25500,3642.85714285714,0,0,0,0,0
771166977,74,2,4,11672.99,2918.2475,2762.54,0,0,1525,0,3191.8,1407.25,840,1600,0,346.4,0,32800,8200,0,0,0,0,0
12939207,74,1,1,24532.3832,24532.3832,3090.2777,0,0,2092.5612,13172.0639,3950,0,995,0,0,0,1232.4804,8416.66666666667,8416.66666666667,0,0,0,0,0
953117648,74,2,4,23333.38,5833.345,6204.89,238.15,7200,1273.76,985.6,0,1861.9,0,530,0,4459.9,579.18,30000,7500,3810.4,0,0,1,0
112432491,74,2,4,45248.252,11312.063,10123.54,0,5370,4277.2,2619.92,0,10069.282,510,9500,0,1428.9,1349.41,20000,5000,0,0,0,0,0
991178571,74,1,5,15089.13,3017.826,6988.62,303.1,1070,3044.79,538.6,0,311.76,598,840,0,1342.3,51.96,11900,2380,0,0,0,0,0
190803703,74,1,1,4870.04,4870.04,1420.24,0,0,1176.78,250,173.2,103.92,303.1,600,0,562.9,279.9,6133.33333333333,6133.33333333333,562.9,0,0,1,0
43900873,74,1,2,21019.69,10509.845,2076.235,0,2300,6010.325,0,1000,0,400,1175,0,8058.13,0,32895,16447.5,0,0,0,0,0
805326475,74,1,3,11424.337,3808.11233333333,3176.055,1428.9,900,3720,326.25,0,218.232,0,1525,0,0,129.9,11700,3900,0,0,0,0,0
13237756,74,1,4,8096.245,2024.06125,2669.445,0,2250,1177,766,259.8,0,24,250,0,0,700,4333.33333333333,1083.33333333333,0,0,0,0,0
355882784,74,2,7,24448.91,3492.70142857143,9153.62,974.25,1915,4946.5,209.6,0,4410,0,880,0,1234.05,725.89,40416.6666666667,5773.80952380952,0,0,0,0,0
149847689,74,1,1,11050.905,11050.905,4609.285,415.68,560,2066.37,78.8,891.5,428.67,632.5,799,0,383.1,186,12416.6666666667,12416.6666666667,303.1,0,0,1,0
633225970,74,1,1,4582.3386,4582.3386,2745.22,0,130,720.53,295.59,0,109.116,0,555,0,0,26.8826,30050,30050,0,0,0,0,1
632081678,74,1,6,30549.09,5091.515,11015.52,0,2430,1663.66,1849,173.2,1459,1466,5184.04,0,4866.92,441.75,53801,8966.83333333333,2598,2263.84,1,1,0
754701667,74,1,3,22048.34,7349.44666666667,9205.58,0,1790,1541,904.97,1991.8,0,1500,3370,0,0,1744.99,22102.84,7367.61333333333,0,0,0,0,0
188001013,74,1,10,71721.347,7172.1347,24778.425,2762.54,11910,4795.5,2966.65,8998.606,0,750,10152.59,0,433,4174.036,54918.3333333333,5491.83333333333,0,0,0,0,0
193676885,74,1,6,5608.33,934.721666666667,2277.58,0,0,400,0,0,2630.75,300,0,0,0,0,11200,1866.66666666667,0,0,0,0,0
322661649,74,1,3,14437.3238,4812.44126666667,6400.8658,0,0,2549.74,657.824,0,0,131.06,3576,0,0,1121.834,22716.6666666667,7572.22222222222,346.4,0,0,1,0
3617409,74,3,2,39984.17,19992.085,476.3,0,10850,1254.95,5350,7740,3610,1460,5109,0,2252.82,1881.1,82283.3333333333,41141.6666666667,519.6,5500,1,1,0
667216374,74,3,4,63480.0916,15870.0229,3770.3042,0,0,19125,2048,0,12065.707,5251.15,11380,0,9430.74,409.1904,153750,38437.5,6074.99,671.15,1,1,0
879154970,74,2,2,38306.1025,19153.05125,6282.83,0,8580,5712,5444.34,1340.42,4749.8525,1000,1820,80,1699,1597.66,22600,11300,1688.7,0,0,1,0
679382853,74,1,1,10061.016,10061.016,3797.41,614.86,1010,670.7,322.56,12.8,0,724.23,686.6,0,1905.2,316.656,18708,18708,0,0,0,0,0
661917486,74,1,2,21628.21,10814.105,8278.96,0,0,2768,419.8,7920.7,0,0,500,550,995.9,194.85,7500,3750,0,0,0,0,0
801609939,74,2,3,30097.786,10032.5953333333,7781.01,0,2935,5970,1149.45,499.54,3632,500,3057.156,2338,1987.47,248.16,25367.3333333333,8455.77777777778,0,0,0,0,0
34508533,74,2,3,24904.7702,8301.59006666666,5061.77,606.2,2800,2064,454.65,770,10497.23,1565,915,0,0,170.9202,21600,7200,0,0,0,0,0
345256736,74,1,4,36931.36,9232.84,8798.56,1584.78,2360,4640,6570.02,547.2,3074.3,2093,2770,0,4113.5,380,42905,10726.25,0,0,0,0,0
243960054,74,2,1,18057.63,18057.63,5057.44,1290.34,2500,2078,686.71,0,2080,900,616,0,2381.5,467.64,15000,15000,866,0,0,1,0
265277404,74,2,4,37465.6536,9366.4134,18678.4942,0,2520,2487.63,1142.373,3655.7324,4256.39,414,2233.5,0,1299,778.534,26700,6675,1299,0,0,1,0
155450257,74,2,4,21883.4691,5470.867275,5531.8781,0,3900,1038.81,965.047,2861.4,3031,500,1300,2000,0,755.334,22200,5550,0,0,0,0,0
46212898,74,2,4,27225.0781,6806.269525,3757.0544,0,2450,5160.8,128,1472.2,5888.758,3560.45,2132,24,1732,919.8157,25158.28,6289.57,1732,0,0,1,0
591505386,74,2,2,16986.46,8493.23,4520.52,0,0,1802.5,0,3000,2598,625,3466.19,0,974.25,0,31500,15750,822.7,0,0,1,0
424618467,74,1,1,7233.59,7233.59,1827.26,0,980,2644.52,145.12,219.25,0,271.93,648.8,0,324.75,171.96,16765.8333333333,16765.8333333333,0,0,0,0,0
345200113,74,1,4,14224.6,3556.15,5364.87,714.45,2320,2400,283.2,0,744.76,0,548,0,1428.9,420.42,7066.66666666667,1766.66666666667,779.4,0,0,1,0
427574971,74,1,3,8857.52,2952.50666666667,3113.27,0,2550,1009.77,575.08,0,0,270,906.4,0,0,433,14718.31,4906.10333333333,0,0,0,0,0
411776031,74,2,3,13127.885,4375.96166666667,4342.99,0,3380,1070.495,973,0,2165,0,650,0,0,546.4,8000,2666.66666666667,0,0,0,0,0
330350855,74,2,7,29661.81,4237.40142857143,13254.13,0,5480,2005.5,944.18,680,5292,800,1150,0,0,56,46600,6657.14285714286,0,0,0,0,0
980313911,74,1,4,11815.07,2953.7675,7140.17,216.5,1580,642.5,160,0,433,450,30,300,562.9,300,8800,2200,259.8,0,0,1,1
649099689,74,1,3,12039.51,4013.17,5815.19,0,1800,1127.06,1026.21,0,0,1470,0,0,0,801.05,27726.6666666667,9242.22222222222,0,0,0,0,0
884105365,74,1,6,24004.449,4000.7415,3920.815,3334.1,3960,2832.48,150,562.9,2184.052,1900,3265.7,0,1840.25,54.152,32400,5400,0,0,0,0,0
475610752,74,2,4,17527.9438,4381.98595,8340.7058,0,1200,1323.7,179.6,112.58,918.288,0,2080,0,1974.48,1398.59,10066.6666666667,2516.66666666667,1974.48,0,0,1,0
893663756,74,1,4,7507.302,1876.8255,1961.49,0,2140,726,520,80,763.812,0,1030,0,0,286,23833.3333333333,5958.33333333333,0,0,0,0,0
730476895,74,2,4,25750.4936,6437.6234,6931.897,0,0,4130.995,1553.8335,844.35,9742.5,680,1721.56,0,0,145.3581,45700,11425,0,0,0,0,0
439990705,74,2,4,27211.036,6802.759,10101.89,4243.4,2580,1974,324,65,1669.766,2300,1350,0,1428.9,1174.08,44366.6666666667,11091.6666666667,1428.9,0,0,1,0
308278355,74,2,5,18572.18,3714.436,1437.56,1147.45,5047,709,19.2,0,3334.1,3046.5,1980,0,1251.37,600,18091.6666666667,3618.33333333333,194.85,0,0,1,0
602988676,74,1,4,23950.55,5987.6375,11379.24,216.5,4700,2665.99,562.9,0,0,450,1010,64,2338.2,563.72,9833.33333333333,2458.33333333333,519.6,0,0,1,0
910909453,74,1,2,16746.4731,8373.23655,4560.9189,935.28,580,3892.5,520.297,2924.6552,239.882,139,944,0,866,1143.94,14608.28,7304.14,0,0,0,0,0
540268453,74,2,5,31239.4668,6247.89336,10106.22,757.75,3230,3035.6,11.2,0,8192.5768,840,2900,0,1883.55,282.57,16491.6666666667,3298.33333333333,671.15,0,0,1,0
36519240,74,1,3,16471.1728,5490.39093333333,7231.1,0,1520,2306,28.8,0,1212.4,520,770,0,1082.5,1800.3728,24600,8200,0,0,0,0,0
135593101,74,2,5,16716.2576,3343.25152,3708.7316,0,3130,1030.36,134,3054.45,946.0184,1720,1490.538,0,736.1,766.0596,13363,2672.6,736.1,0,0,1,0
304287553,74,2,1,13096.076,13096.076,909.3,0,0,856.28,53,0,4842,1146.75,1654,0,3225.85,408.896,23000,23000,0,0,0,0,0
982689840,74,2,4,14552.64,3638.16,7252.75,194.85,400,2298,0,1387.04,100,2062,858,0,0,0,24701.6666666667,6175.41666666667,0,0,0,0,0
80546647,74,1,2,10606.475,5303.2375,2738.725,0,1255,1104.82,607.2,730,857.3,603,1370,0,740.43,600,23833.3333333333,11916.6666666667,740.43,0,0,1,0
360698317,74,1,4,13101.2178,3275.30445,6071.3961,0,0,862,286,0,2694.44,700,1140,0,0,1347.3817,7500,1875,0,0,0,0,0
101818746,74,2,4,16074.357,4018.58925,7144.5,1242.71,1100,1376.5,72,75,2057.347,1231,0,0,1775.3,0,11700,2925,0,0,0,0,0
824838928,74,2,3,16716.7156,5572.23853333333,4518.1818,541.25,145,6250,1714.26,76,662.4,850,765.84,0,0,1193.7838,36400,12133.3333333333,0,0,0,0,0
106588129,74,1,5,23684.4065,4736.8813,7746.5865,3438.02,5511,2576.04,1328,0,1558.8,380,1094,0,0,51.96,25767,5153.4,0,0,0,0,0
757227370,74,1,3,36193.099,12064.3663333333,15326.035,0,0,3570,3382.705,6134.744,866,433,560,0,801.05,5119.565,16183.3333333333,5394.44444444444,0,433,1,0,0
752180376,74,2,3,16914.79,5638.26333333333,4070.2,0,0,4984,972.085,238.15,1980.5,2100,0,0,2078.4,491.455,11041.6666666667,3680.55555555556,2078.4,0,0,1,0
678455781,74,2,1,27791.36,27791.36,1628.08,389.7,600,6097.36,261.49,300,7593.2,2220,2435.5,0,5216.85,1049.18,24533.3333333333,24533.3333333333,4568.15,0,0,1,0
533538600,74,2,2,6356.422,3178.211,1680.04,1428.9,0,1116.13,125.57,0,866,270,485,0,0,384.782,11383.3333333333,5691.66666666667,0,0,0,0,0
868949613,74,1,3,22727.109,7575.703,4744.381,415.68,4260,1725,705.84,503,5856.758,1580.45,860,0,1732,344,15485.31,5161.77,1732,0,0,1,0
369115158,74,2,3,10114.495,3371.49833333333,2872.955,0,885,1811.44,185.72,0,256,827.63,2768,0,0,507.75,15583.3333333333,5194.44444444444,0,0,0,0,0
903161743,74,2,5,19381.938,3876.3876,2977.308,0,1300,5963.71,2159.8,562.9,3146.67,245,1575.5,450,801.05,200,20833.3333333333,4166.66666666667,0,0,0,0,0
700174296,74,1,5,27538.61,5507.722,3797.41,0,7950,1291.25,1282.8,0,3355.75,983,6800,0,2078.4,0,19533.3333333333,3906.66666666667,2078.4,0,0,1,0
845999723,74,1,5,18347.31,3669.462,5702.61,0,3450,5610,0,524.7,0,260,400,2400,0,0,14400,2880,0,0,0,0,0
412735279,74,2,3,26979.522,8993.174,8049.47,1056.52,1170,1572.54,2519.83,375,4804.6,970,2270,0,3940.3,251.262,33931,11310.3333333333,2381.5,0,0,1,0
720010938,74,1,5,37961.216,7592.2432,8828.87,433,15810,1890,750,0,3166.096,2060,700,0,3073.25,1250,15700,3140,1320.65,0,0,1,0
893584030,74,1,2,21586.437,10793.2185,1669.215,337.74,3270,10781,1518,360,1142.556,422.4,540,0,64.95,1480.576,23433.3333333333,11716.6666666667,0,46.416,1,0,0
222702110,74,2,3,18242.48,6080.82666666667,7778.845,0,2660,2933.375,708,0,208,1310,1660,0,736.1,248.16,33936.3333333333,11312.1111111111,0,0,0,0,0
218442620,74,1,3,22287.5729,7429.19096666667,5237.7412,0,2770,2288.3,2158.938,0,874,2410,1350,660,1515.5,3023.0937,33801,11267,1515.5,0,0,1,0
492231054,74,2,1,12788.426,12788.426,4252.06,0,1000,1901.6,591.7,65,800,1350,600,0,822.7,1405.366,7500,7500,0,0,0,0,0
504015538,74,2,2,12213.4024,6106.7012,1744.99,164.54,1600,4705.32,1575.78,0,1267.3044,0,930,0,0,225.468,18777.8333333333,9388.91666666667,0,0,0,0,0
197508307,74,2,4,17407.665,4351.91625,1974.48,0,240,1505.51,912.08,4696,3595.835,1280,760,0,736.1,1707.66,26666.6666666667,6666.66666666667,736.1,0,0,1,0
468778456,74,2,1,16524.45,16524.45,2636.97,0,570,5079.94,1420.96,346.4,5631,190,300,0,0,349.18,13783.3333333333,13783.3333333333,0,0,0,0,0
320242289,74,2,3,19238.677,6412.89233333334,7304.71,337.74,1030,987.96,560.65,587,4493.9,1600,1543,0,259.8,533.917,21643,7214.33333333333,259.8,0,0,1,0
9172939,74,1,3,16006.284,5335.428,6572.94,0,2050,1729.56,404,876.45,1254.834,0,1289.6,400,1428.9,0,13700,4566.66666666667,1428.9,0,0,1,0
71245257,74,3,3,57750.99,19250.33,2251.6,0,2917,1330.75,249.6,15270,27998.7,1100,3834,1500,272,1027.34,54397.3333333333,18132.4444444444,0,527.34,1,0,0
771591132,74,2,2,13137.6324,6568.8162,8441.335,229.49,0,2496.06,218.8,0,200,230,770,0,0,551.9474,23650,11825,0,0,0,0,1
768502157,74,1,1,11148.8229,11148.8229,4524.85,0,0,4822.22,0,0,0,775,999,0,0,27.7529,40433.3333333333,40433.3333333333,0,0,0,0,0
479017109,74,1,6,30058.47,5009.745,10231.79,0,773,3197,1945.53,1253.1,2056.75,275,5001,12,4373.3,940,17000,2833.33333333333,0,0,0,0,0
328462068,74,1,1,7431.3057,7431.3057,3542.3297,0,1700,489.24,57.6,0,675.48,0,800,0,0,166.656,49853,49853,0,0,0,0,0
649373950,74,2,6,11737.43,1956.23833333333,6893.36,1247.04,0,957.5,0,0,1909.53,0,630,0,0,100,10858.28,1809.71333333333,0,0,0,0,1
594678661,74,1,1,3808.475,3808.475,1260.03,0,0,1698.445,0,0,0,250,600,0,0,0,13750,13750,0,0,0,0,0
516561464,74,1,2,17019.8845,8509.94225,4295.36,1095.49,2700,389.5,942.96,519.6,1161.5225,1945,297.6,0,2186.65,1486.202,15000,7500,2030.77,0,0,1,0
518571953,74,1,2,35350.7847,17675.39235,11316.5849,1829.9446,890,7279.6,214.7747,10589.8405,1680.04,0,1400,0,0,150,44500,22250,0,0,0,0,0
243780907,74,1,1,17623.43,17623.43,801.05,0,2630,6000,0,69.28,1042.8,465,510,0,562.9,5542.4,7502.16666666667,7502.16666666667,562.9,0,0,1,0
890286136,74,1,1,3399.63,3399.63,870.33,909.3,650,500,0,320,0,0,0,0,0,150,2500,2500,0,0,0,0,0
471036857,74,1,3,3473.054,1157.68466666667,1558.8,0,0,150,334.5,0,866,0,480,0,0,83.754,8000,2666.66666666667,0,0,0,0,0
509864180,74,1,2,5192.415,2596.2075,2210.465,0,490,765.81,228.4,0,216.5,0,1060,0,0,221.24,10800,5400,0,0,0,0,0
245939431,74,3,5,70886.2133,14177.24266,8610.0751,3464,8530,3962.5,11921.1182,857.25,6899.3,3917.43,9474.5,0,12021.3,1228.74,56200,11240,9959,0,0,1,0
15505936,74,2,5,70465.4295,14093.0859,18298.7965,2035.1,1460,6650,1360,2439,6396,2790,15242,8450,866,4478.533,74333.3333333333,14866.6666666667,1190.75,0,0,1,0
99717697,74,2,4,12169.29,3042.3225,5901.79,0,0,1850,210,0,2165,216.5,1676,0,0,150,12700,3175,0,0,0,0,0
493089775,74,2,3,74603.28,24867.76,2619.65,0,7150,11646,0,19182.9,24820,1154.75,4608.25,0,1775.3,1646.43,34800,11600,0,0,0,0,0
975537742,74,2,3,47791.3713,15930.4571,11549.842,366.1881,9690,3761.8,3008.3372,1932.4,10687.36,680,3477.74,1000,216.5,1421.204,34683,11561,0,0,0,0,0
688188070,74,3,2,34798.9565,17399.47825,3109.1565,411.35,2580,2088.27,706.97,396,19997.45,700,2072,200,1732,805.76,55533.3333333333,27766.6666666667,1732,0,0,1,0
389940051,74,1,5,15358.409,3071.6818,6001.38,0,2260,805,824.34,1199.41,460.279,1480,2028,0,0,300,5426.68,1085.336,0,450,1,0,0
477706407,74,2,4,56944.3366,14236.08415,6014.37,779.4,2900,2878,3571.8,8829,5633.6,1820,7634,7000,7534.2,2349.9666,54747.1666666667,13686.7916666667,4156.8,0,0,1,0
41269079,74,1,2,11796.91,5898.455,1537.15,389.7,2275,1058,1170.85,0,0,589,720,0,3775.76,281.45,28654.1666666667,14327.0833333333,3775.76,0,0,1,0
705015675,74,1,1,13615.3033,13615.3033,3295.1733,562.9,500,4465,389.49,259.8,173.2,300,2249.5,0,1212.4,207.84,7000,7000,822.7,0,0,1,0
630003976,74,1,1,9966.22,9966.22,4325.67,0,2160,622,226.55,0,1732,0,900,0,0,0,8850,8850,0,0,0,0,0
212129071,74,1,2,8485.5639,4242.78195,2525.8189,0,1000,457.12,204.1595,0,21.76,1538,520,0,1887.88,330.8255,21091.6133333333,10545.8066666667,1887.88,0,0,1,0
84452163,74,2,3,13198.981,4399.66033333333,4122.16,0,685,4286.74,288.695,40,400,0,854,0,1991.8,530.586,13200,4400,1991.8,0,0,1,0
59698958,74,1,3,21970.28,7323.42666666667,2463.77,519.6,1950,2639.91,435.2,12447.6,0,500,914.2,0,0,100,17933.3333333333,5977.77777777778,0,0,0,0,0
346174871,74,1,2,12456.925,6228.4625,6856.555,433,950,802.7,1107.07,692.6,0,700,450,0,0,465,16634.6633333333,8317.33166666667,0,0,0,0,1
525010581,74,1,3,25079.5226,8359.84086666667,5560.6726,0,3410,1629.6,1044.72,64.95,9733.84,763,1539.1,0,389.7,943.94,6833.33333333333,2277.77777777778,0,0,0,0,0
283743672,74,2,5,34797.01,6959.402,7456.26,519.6,3550,2900,943.73,800,14149.16,1950,1916.5,0,86.6,525.16,63749.9966666667,12749.9993333333,0,0,0,0,0
894467042,74,3,3,94485.3935,31495.1311666667,5122.1735,0,6400,12692.88,961.3,877,55245,3290,1750,4300,649.5,3197.54,96400,32133.3333333333,0,0,0,0,0
86284665,74,1,5,46027.3526,9205.47052,24547.5927,948.8762,3010,1729.08,2681.4426,2592,1816.6,1194,3196.1,0,212.17,4099.4911,29193.3333333333,5838.66666666667,0,0,0,0,1
599907580,74,2,3,25964.36,8654.78666666667,4962.18,0,0,12317.68,0,0,2469,2100,2100,0,1515.5,500,35233.3333333333,11744.4444444444,0,0,0,0,0
567673694,74,2,1,24360.0564,24360.0564,3518.125,0,3980,1365,984.4,837.3354,5564.5,3200,1230,0,1991.8,1688.896,19073.6666666667,19073.6666666667,0,0,0,0,0
451066070,74,1,2,15612.299192,7806.149596,7949.88,0,379,2875.075,79.84,558.05,1992.666,401.74,1083,0,0,293.048192,17571,8785.5,0,0,0,0,1
526542251,74,2,7,20592.404,2941.772,10863.104,3031,2550,1243.5,527.8,0,1732,495,50,0,0,100,31200,4457.14285714286,0,2150,1,0,1
312365846,74,2,4,12779.137,3194.78425,3035.33,0,830,3722.73,395.1,900,2394.2,200,799,0,0,502.777,23606.6666666667,5901.66666666667,0,0,0,0,0
626230651,74,1,2,11324.804,5662.402,5857.624,0,2108,802.05,392.79,0,614.86,600.48,799,0,0,150,15018.3333333333,7509.16666666667,0,0,0,0,1
123421937,74,1,1,14624.484,14624.484,1991.8,0,65,1512.44,3720.6,0,1761.444,445.2,5000,0,0,128,20730,20730,0,0,0,0,0
337242459,74,2,1,4881.38,4881.38,2385.83,151.55,0,690,0,0,1374,0,280,0,0,0,7670,7670,0,0,0,0,0
230363237,74,2,4,32927.51,8231.8775,13591.87,584.55,2400,5411.63,1091.16,150,1299,1611.26,937,4000,866,985.04,89216.6666666667,22304.1666666667,0,0,0,0,0
106865271,74,1,3,14795.829,4931.943,3112.837,1602.1,2450,1408.25,614.86,0,4989.892,0,375,0,108.25,134.64,33333.3333333333,11111.1111111111,0,0,0,0,0
360115197,74,1,2,9514.3718,4757.1859,2903.0918,0,0,4249.62,120,0,0,0,0,1800,0,441.66,7983.33333333333,3991.66666666667,0,0,0,0,0
208305624,74,2,8,16483.3014,2060.412675,4858.26,649.5,2400,2567.44,204.95,0,75,1121,3057.95,0,866,683.2014,46733.3333333333,5841.66666666667,0,0,0,0,0
613195887,74,2,4,96798.8866999999,24199.721675,9528.5114,2352.6622,250,14176,2082.138,0,28218.9,11647.5,5570.708,6200,14366.8971,2405.57,111966.666666667,27991.6666666667,1082.5,0,0,1,0
753451261,74,2,3,22909.5896,7636.52986666667,5369.7629,0,2610,2176.76,3280.625,216.5,1855.66,815,790,0,2100.05,3695.2317,26505,8835,1515.5,0,0,1,0
14296324,74,1,5,44861.5305,8972.3061,18878.1505,0,9100,1503.45,3351.13,0,5105.6,2684.6,1900,0,433,1905.6,34116.6666666667,6823.33333333333,433,0,0,1,0
442627988,74,3,2,40012.9224,20006.4612,5539.2824,476.3,0,1950,1779.8,13602.1,5407.5,2018,1762,0,5845.5,1632.44,34024.9466666667,17012.4733333333,5022.8,0,0,1,0
439770121,74,1,3,17139.872,5713.29066666667,7178.707,324.75,1200,5670.685,1615.73,0,0,650,500,0,0,0,9500,3166.66666666667,0,0,0,0,0
984603456,74,2,2,3820.395,1910.1975,1342.3,0,295,743.445,78.4,0,541.25,0,700,0,0,120,11549.9466666667,5774.97333333333,0,0,0,0,0
377684721,74,1,2,12645.1719,6322.58595,4993.0096,303.1,0,3203,64.9067,0,2078.4,750,0,0,324.75,928.0056,19500,9750,0,0,0,0,0
132806769,74,2,3,22419.8518,7473.28393333333,8586.6498,0,1620,1494.62,10,492.79,705.58,592.5,2375.6,4500,1060.85,981.262,33840.6666666667,11280.2222222222,0,0,0,0,0
400532381,74,1,4,16704.085,4176.02125,2632.64,0,5030,1108.445,580,500,5953,0,400,0,0,500,4650,1162.5,0,0,0,0,0
432841524,74,1,1,17834.735,17834.735,8512.78,1385.6,800,1600,749.2,433,1011.055,650,1224,0,1169.1,300,19000,19000,0,0,0,0,0
868276467,74,1,1,6614.05,6614.05,3544.105,0,0,519.445,1168,295,0,137.5,790,0,0,160,10167,10167,0,0,0,0,1
661740767,74,2,2,16609.6624,8304.8312,7283.4064,242.48,2472,3341,90,0,1119.84,750,880,0,0,430.936,31060,15530,606.2,0,0,1,0
683778414,74,3,4,36074.8,9018.69999999999,9980.65,1125.8,0,7800,460,296.5,8010.5,2180,3170.15,0,1104.15,1947.05,24400,6100,995.9,0,0,1,0
416794784,74,1,3,13543.359,4514.453,6594.59,389.7,440,2156.18,240,0,1011.055,350,990,0,1169.1,202.734,36250,12083.3333333333,1039.2,0,0,1,0
655196020,74,3,3,37525.2572,12508.4190666667,7798.33,0,5310,3734,1743.1,4970,4195.9,800,8260.62,0,0,713.3072,37450,12483.3333333333,0,0,0,0,0
288733374,74,1,3,25477.6061,8492.53536666667,3281.274,714.45,2200,4741.3,318.4098,1732,1578.84,0,10706.48,0,0,204.8523,12033.3333333333,4011.11111111111,0,0,0,0,0
992915894,74,1,3,15081.21,5027.07,8904.645,1201.575,890,1394.29,483.2,0,0,550,700,0,649.5,308,28198,9399.33333333333,0,0,0,0,1
366894410,74,1,1,5251.57,5251.57,723.11,0,300,1329.5,0,822.7,528.26,433,1115,0,0,0,16151.6666666667,16151.6666666667,0,0,0,0,0
899025362,74,1,1,9356.6002,9356.6002,3213.2497,0,2090,1014.5564,360.4384,256,623.52,0,1295.3,0,342.07,161.4657,18124,18124,342.07,0,0,1,0
76922274,74,1,1,15866.281,15866.281,12175.96,0,260,1625.745,80,0,103.92,375,1079,0,0,166.656,4872.66666666667,4872.66666666667,0,0,0,0,1
512671371,74,2,4,55180.3078,13795.07695,11626.7428,0,2970,7863,1342.52,2161.147,14048.732,1545.5,8692.5,0,3788.75,1141.416,26866.6666666667,6716.66666666667,3788.75,0,0,1,0
192869277,74,1,2,15151.48,7575.74,3152.24,0,2000,5680,1434.64,0,1031.6,620,929.9,0,303.1,0,8500,4250,0,0,0,0,0
345872979,74,1,2,31088.2852,15544.1426,7466.8252,0,1000,8225,688,562.9,5385.1,3684.6,2557.26,0,952.6,566,24833.3333333333,12416.6666666667,952.6,0,0,1,0
416298506,74,2,5,55002.876,11000.5752,12684.0422,194.85,10070,1068.92,3587.7738,3953,5963.572,1020,11260,0,1889.0491,3311.6689,23753.3333333333,4750.66666666667,346.4,1500,1,1,0
321616480,74,1,4,16288.878,4072.2195,3830.2314,0,2770,820,16,585,5474,1656.1,1000,0,0,137.5466,9600,2400,0,0,0,0,0
658752136,74,2,2,11830.086,5915.043,5841.17,0,180,2291,30,902.04,1063.92,730,550,0,0,241.956,26743,13371.5,0,0,0,0,0
776711819,74,2,4,12318.91,3079.7275,4585.47,0,1060,1675,294.44,0,2208.3,24,350,0,909.3,1212.4,13016.6666666667,3254.16666666667,0,0,0,0,0
782528244,74,3,7,41177.21,5882.45857142857,11232.02,995.9,5750,1105.5,1787.86,519.6,9157.95,0,3365.5,600,5217.65,1445.23,27950,3992.85714285714,4914.55,0,0,1,0
426800170,74,2,7,7238.98,1034.14,2762.54,203.51,2350,899,200,0,523.93,0,300,0,0,0,21345,3049.28571428571,0,0,0,0,0
638686753,74,1,4,8604.835,2151.20875,2894.605,0,300,482.77,563.6,333.41,346.4,960,1390,100,346.4,887.65,4373.33333333333,1093.33333333333,0,0,0,0,0
62645600,74,1,4,9595.443,2398.86075,2953.06,2017.78,0,660,0,627.85,710.553,800,920,0,606.2,300,10800,2700,0,0,0,0,0
893542969,74,3,5,17574.12,3514.824,3762.77,1818.6,4250,1080.5,0,0,3031,666.5,1930,0,151.55,883.2,24254.1666666667,4850.83333333333,0,0,0,0,0
722800420,74,2,3,16697.25,5565.75,2749.55,108.25,450,860,1596,0,4416.6,2610,1130,0,1926.85,850,22000,7333.33333333333,0,0,0,0,0
271111451,74,1,6,5561.55,926.925,2437.79,0,1150,1423.76,0,0,0,0,550,0,0,0,9933.33333333333,1655.55555555556,0,0,0,0,0
692828291,74,1,2,8931.133,4465.5665,1989.635,1060.85,1060,907.57,259.8,519.6,0,250,1200,0,866,817.678,12967.8333333333,6483.91666666667,0,0,0,0,0
843675723,74,2,3,16131.5,5377.16666666667,1143.12,1212.4,2600,662.44,2200,51.96,2523.93,2050,2050,0,887.65,750,24900,8300,974.25,0,0,1,0
741831715,74,1,1,9213.1379,9213.1379,2721.9679,238.15,1680,367.48,434,777.45,752.08,492.01,820,0,0,930,5841.33333333333,5841.33333333333,0,0,0,0,0
151707745,74,2,8,23317.16,2914.645,7218.11,433,1950,784,721.44,0,3623.07,1062.4,4010,0,2598,917.14,15400,1925,1428.9,0,0,1,0
636724705,74,2,2,49024.5922,24512.2961,12357.82,1870.56,5850,1348,4370,3494.84,3464,3576,2600,0,9645.45,447.9222,26400,13200,3745.45,0,0,1,0
451882543,74,2,2,18346.61,9173.305,411.35,0,10840,3122.72,1012,0,649.5,200,90,840,381.04,800,10940.84,5470.42,0,0,0,0,0
782326830,74,2,2,28184.96,14092.48,4741.35,0,7220,7140.57,103.92,0,6612,860,1230,0,0,277.12,23000,11500,0,0,0,0,0
464456039,74,1,3,6476.7814,2158.92713333333,4078.86,0,400,622.55,108.25,86.6,950.7814,129.74,0,0,0,100,19444,6481.33333333333,0,0,0,0,1
271712629,74,1,3,7660.15,2553.38333333333,2714.91,1818.6,100,1557.86,0,0,346.4,0,650,0,0,472.38,45300,15100,0,0,0,0,0
294109516,74,3,3,42461.73,14153.91,13760.74,2879.45,2400,2567.34,932.8,0,12596,2015,1500,0,2598,1212.4,38340.6666666667,12780.2222222222,2598,0,0,1,0
267079667,74,2,3,36915.595,12305.1983333333,4286.7,0,5600,3587.265,3332,0,12665.25,1150,4110,0,1450.55,733.83,41884,13961.3333333333,1840.25,0,0,1,0
631603119,74,1,5,19051.4202,3810.28404,5468.5302,389.7,820,1778.8,1002.6,0,6850.06,0,760.14,0,0,1981.59,19000,3800,0,0,0,0,0
168321339,74,1,2,11892.132,5946.066,6611.91,0,980,842.43,908,0,218.232,640,889.59,0,0,801.97,15076,7538,0,0,0,0,1
166210707,74,1,3,32820.5598,10940.186600000001,9076.7625,1202.6575,350,2510,4497.3348,1929.31,7469.25,1223,0,1200,0,3362.245,38270,12756.6666666667,0,0,0,0,0
956784088,74,2,2,17944.3445,8972.17225,4639.4218,0,0,3899.25,379.0745,440,2165,1011.5,2665,0,2208.3,536.7982,18774.1666666667,9387.08333333333,0,0,0,0,0
828838040,74,1,3,15839.894,5279.96466666667,7945.55,0,0,4607,476.3,0,769.6,200,1600,0,0,241.444,14333.9966666667,4777.99888888889,0,0,0,0,1
284266826,74,3,2,45953.4456,22976.7228,4986.9476,0,3140,9148.12,59.4,2500,21825,1102,618,0,1299,1274.978,18587.41,9293.705,1060.85,368,1,1,0
936882227,74,2,5,28164.048,5632.8096,12790.82,1991.8,2300,1920,356,597.54,3626.808,500,2248,0,1299,534.08,49933.3333333333,9986.66666666667,1299,0,0,1,0
811509506,74,2,2,14084.1536,7042.0768,6070.3136,0,3899,1360.54,0,76,1775.3,0,903,0,0,0,33841.6666666667,16920.8333333333,0,0,0,0,0
535682324,74,2,2,21263.118,10631.559,4368.97,649.5,1300,6806.8,242.48,0,0,1741,2000,0,2706.25,1448.118,40155.1666666667,20077.5833333333,0,0,0,0,0
109709274,74,2,2,36407.4232,18203.7116,6326.13,1021.88,800,941.1,7891.25,3711.513,3856,1315,5561.8,1600,2273.25,1109.5002,48666.6666666667,24333.3333333333,0,0,0,0,0
238246287,74,2,4,23370.4,5842.6,8714.125,0,5550,955.175,1348,0,5116.1,567,960,0,0,160,31210,7802.5,0,0,0,0,0
926753208,74,1,3,10904.88,3634.96,6928,0,0,921.58,0,0,0,956.5,606.5,0,1342.3,150,37000,12333.3333333333,0,0,0,0,1
145448850,74,1,4,21237.929,5309.48225,3123.229,917.96,1035,2173.17,116.91,0,991.6,0,4314.5,0,8123.08,442.48,45581.8333333333,11395.4583333333,7296.05,0,0,1,0
215565856,74,1,2,13685.4155,6842.70775,6255.8541,0,300,1061.025,580,1000,2120.8024,0,550,0,1817.734,0,10500,5250,1661.854,0,0,1,0
423080598,74,1,2,10738.11,5369.055,2167.165,0,4100,990,125,424.34,1162.605,289,1330,0,0,150,15168.3333333333,7584.16666666667,0,0,0,0,0
786601244,74,2,3,10104.45,3368.15,2411.81,0,0,2552.46,449,0,3836.38,100,606,0,0,148.8,34000,11333.3333333333,0,0,0,0,0
762610411,74,1,2,15984.9661,7992.48305,4806.3866,346.4,1110,3167.5,1555.9044,0,1271.76,650,1480,0,1039.2,557.8151,8846.66666666667,4423.33333333333,0,0,0,0,0
420678817,74,2,3,39498.3551,13166.1183666667,11997.0444,847.814,0,8958.76,928.46,2948.1347,3077.75,1530,4620.312,0,1125.8,3464.28,54850,18283.3333333333,1125.8,0,0,1,0
107282732,74,2,2,12760.8525,6380.42625,3888.5998,0,1050,920.81,68,688.66,2515,454,400,0,2333.8267,441.956,43544.1666666667,21772.0833333333,995.9,0,0,1,0
134949420,74,1,3,6909.97,2303.32333333333,3303.79,866,0,1554.08,50,400,0,736.1,0,0,0,0,4833.33333333333,1611.11111111111,0,0,0,0,0
76853859,74,2,2,16251.6414,8125.8207,5187.773,779.4,890,1087.585,653.0754,375,0,3380.88,2050,0,1039.2,808.728,52765,26382.5,0,0,0,0,0
622783635,74,1,3,27884.418,9294.806,5797.87,3334.1,1350,2925,3334.56,0,628.716,435,5535,0,4156.8,387.372,16700,5566.66666666667,3961.95,0,0,1,0
429688508,74,2,4,20090.71,5022.6775,2229.95,346.4,400,2150,1842.48,185,3747.2,2366,3820,0,2056.75,946.93,57837.3333333333,14459.3333333333,0,0,0,0,0
18333891,74,1,2,20166.78,10083.39,8274.63,0,1160,1091.4,796.3,1409.04,2265.2,0,3197.6,600,0,1372.61,8450,4225,0,0,0,0,0
436152245,74,1,2,12940.19,6470.095,5641.99,0,600,1310.1,818,1669.1,519.6,675,1360,0,0,346.4,16218.31,8109.155,0,0,0,0,0
775816860,74,2,6,43285.8491,7214.30818333333,11725.207,0,8550,3980.81,0,4044.6801,2774.664,650,6435.9,500,1580.45,3044.138,37933.3333333333,6322.22222222222,887.65,0,0,1,0
630057095,74,1,1,9946.52,9946.52,4685.06,0,750,1887.53,0,740.43,433,253.5,1047,0,0,150,7500,7500,0,0,0,0,0
883200378,74,1,6,10197.6,1699.6,2472.43,0,900,1885,0,0,898,0,1107.3,0,203.51,2731.36,15500,2583.33333333333,0,0,0,0,0
233355066,74,2,2,15730.997,7865.4985,6797.667,467.64,1128,1969.05,1806.28,325,1048.2,459.53,799,0,0,930.63,30916.6666666667,15458.3333333333,0,0,0,0,0
610014888,74,2,4,28574,7143.5,2927.08,1229.72,8610,1220,1693.2,600,8330,1300,900,32,1732,0,18316.6666666667,4579.16666666667,0,0,0,0,0
936529764,74,2,2,13706.671,6853.3355,4856.961,0,0,4099.91,0,0,1077.6,1602,1760,0,0,310.2,40657.3333333333,20328.6666666667,0,0,0,0,0
146802127,74,1,2,8463.0362,4231.5181,3444.8181,0,0,1115,175.0881,0,935.28,649.5,0,0,2078.4,64.95,17250,8625,0,0,0,0,0
704891816,74,2,7,31311.85,4473.12142857143,9170.94,831.36,7030,1591.32,1713.16,1527.04,1732.3,395,2725.3,2140,1818.6,636.83,30677.1666666667,4382.45238095238,779.4,0,0,1,0
491001442,74,2,5,19351.01,3870.202,4394.95,138.56,100,2350.5,2376,530,2726,1732,4303,0,400,300,26200,5240,0,0,0,0,0
307110330,74,1,1,8487.9433,8487.9433,1407.2933,0,2000,1020,0,0,0,700,1860,0,1320.65,180,19717,19717,0,0,0,0,0
146865767,74,2,3,11595.745,3865.24833333333,3931.64,173.2,500,1945.455,231.55,0,0,185.64,1500,0,2823.16,305.1,24616.6666666667,8205.55555555556,801.05,0,0,1,0
441120047,74,2,1,19921.6016,19921.6016,2711.1429,209.5287,0,1788,237.98,0,13295,483,1132,0,0,64.95,20150,20150,0,0,0,0,0
761833310,74,2,5,20881.19,4176.238,6594.59,0,800,2657,0,4390.3,0,400,800,0,4503.2,736.1,23066.6666666667,4613.33333333333,1428.9,0,0,1,0
510808445,74,1,4,26030.4959,6507.623975,12580.4686,303.1,0,2414,1.9052,1030,2565.092,1800,1797.54,0,1082.5,2455.8901,49033.3333333333,12258.3333333333,1082.5,779.4,1,1,0
912200536,74,2,6,15814.38,2635.73,6367.265,1234.05,1900,1327.155,568.64,720,1381.27,1000,150,0,866,300,34416.6666666667,5736.11111111111,0,0,0,0,0
108075379,74,2,3,13524.31,4508.10333333333,2290.57,238.15,6900,860.99,0,424.66,400,1166,300,0,943.94,0,18000,6000,692.8,0,0,1,0
609423470,74,2,2,22855.521,11427.7605,3982.301,147.22,3520,1350,500,0,4676.4,1175,1670,0,5184.6,650,41428,20714,3204.2,0,0,1,0
296974302,74,2,5,10044.673,2008.9346,4464.663,0,2000,1849.805,0,0,0,500,1121.635,0,0,108.57,17649,3529.8,0,0,0,0,0
880475835,74,2,2,19740.285,9870.14250000001,8952.275,190.52,676,1333.92,668.59,960,3752,800,1435,0,692.8,279.18,40463,20231.5,692.8,0,0,1,0
648114072,74,2,7,11293.42,1613.34571428571,4988.16,0,0,993.57,766.41,571.56,2992.56,0,0,0,129.9,851.26,30852,4407.42857142857,0,0,0,0,0
26395628,74,1,2,8418.8416,4209.4208,3356.9191,0,0,1041.12,317.7354,1000,108.25,70,987,200,0,1337.8171,16900,8450,0,0,0,0,0
824825617,74,2,2,15409.5526,7704.7763,2139.02,0,0,1158.36,322,296,3514.228,197.425,2839.84,0,4633.1,309.5796,34616.6666666667,17308.3333333333,0,0,0,0,0
216413705,74,1,10,25060.14,2506.014,6694.18,1567.46,5600,1720,0,35,4286.7,0,700,0,4156.8,300,7000,700,4589.8,0,0,1,0
394632049,74,1,1,23913.84,23913.84,3009.35,2056.75,1600,4547.86,2684.25,5944.6,411.35,721.33,928.95,500,779.4,730,19898,19898,0,0,0,0,0
190757831,74,2,4,29079.8971,7269.974275,4423.961,0,10050,3019,1078.0401,0,1100,550,3010,3750,0,2098.896,21000,5250,0,0,0,0,0
658161621,74,1,5,14045.19,2809.038,5079.09,866,500,1360,0,0,3407.5,260,1500,0,952.6,120,56866.6666666667,11373.3333333333,519.6,0,0,1,0
891598806,74,2,2,20223.1618,10111.5809,6146.9113,402.6467,1680,1291.84,520.3,300,2671.61,1636.54,1930,300,2416.14,927.1738,51733.3333333333,25866.6666666667,1212.4,0,0,1,0
758019183,74,1,1,12165.17,12165.17,168.87,0,7800,1596.89,0,0,549.91,600,800,0,0,649.5,8000,8000,0,0,0,0,0
960111516,74,1,2,4980.07,2490.035,1541.48,0,800,1222.74,194.85,0,0,470,751,0,0,0,18026,9013,0,0,0,0,0
474328895,74,1,10,28812.115,2881.2115,19268.5,0,980,1744.58,368.05,0,1327.8,350,1988.995,0,433,2351.19,32758.28,3275.828,0,0,0,0,1
425028825,74,1,1,6439.016,6439.016,1896.54,0,0,1066.6,0,0,2080,578,700,0,0,117.876,6192,6192,0,0,0,0,0
829715070,74,2,4,22089.93,5522.4825,5633.33,0,6010,1309,1310,0,1466,2054,3088,0,519.6,700,14833.3333333333,3708.33333333333,606.2,0,0,1,0
186024581,74,2,6,12442.697,2073.78283333333,4119.995,0,490,2151.32,180,433,1179.492,415,0,0,649.5,2824.39,10866.6666666667,1811.11111111111,0,0,0,0,0
402401249,74,2,7,28623.16,4089.02285714286,5854.16,0,0,5850,396,8165.1,3031,1200,0,0,2684.6,1442.3,24000,3428.57142857143,0,0,0,0,0
6691757,74,1,4,10313.25,2578.3125,4416.6,0,550,1052.12,30,0,935.28,1150,1118.4,0,1060.85,0,31453,7863.25,0,0,0,0,0
595472538,74,1,2,10153.5031,5076.75155,4209.0631,0,0,5106.8,0,0,220,0,150,0,0,467.64,15830.3333333333,7915.16666666667,0,0,0,0,0
618265372,74,2,2,10072.206,5036.103,1169.1,164.54,3049,682.83,233.4,550,1558.8,870,997.84,0,363.72,432.976,34126,17063,0,0,0,0,0
950069985,74,1,6,13635.37,2272.56166666667,6607.58,0,1780,1336.52,753.61,0,0,958.07,1520,500,0,179.59,15241.6666666667,2540.27777777778,0,0,0,0,0
367321573,74,1,2,12935.96,6467.98,6417.06,160.21,1751,2097.61,216.52,698.56,0,767,678,0,0,150,14518,7259,0,0,0,0,0
819446699,74,1,2,23616.825,11808.4125,11825.23,0,0,1015.785,1883.2,4830,1543.6,866,800,0,0,853.01,16666.6666666667,8333.33333333333,0,0,0,0,1
850091633,74,3,3,50583.56,16861.1866666667,8967.43,1337.97,2500,9729,4502.52,1125.8,3279,2400,11870,0,3160.9,1710.94,83305,27768.3333333333,3160.9,800,1,1,0
773421087,74,1,1,8390.688,8390.688,1463.54,1277.35,1050,902,168,0,760.348,1160,895,0,584.55,129.9,11000,11000,0,0,0,0,0
619226495,74,2,2,11048.3416,5524.1708,7454.1816,0,0,1610,0,0,0,470,400,0,866,248.16,15400,7700,0,0,0,0,1
30828913,74,1,3,21713.4995,7237.83316666667,4119.7785,199.18,2850,10460.26,0,0,708.821,442,0,200,2294.9,438.56,28459.4166666667,9486.47222222222,1428.9,0,0,1,0
735491,74,2,5,58581.762,11716.3524,20398.63,0,2440,2245,1352.44,15046.75,4824.898,874.66,1318,0,1385.6,8695.784,12350,2470,0,874.66,1,0,0
268426184,74,1,1,22875.27,22875.27,1926.85,1991.8,600,4120,440,693,3472.66,1983,1400,0,3541.94,2706.02,16666.6666666667,16666.6666666667,2307.89,0,0,1,0
391836249,74,2,6,23284.0715,3880.67858333333,8209.68,0,150,3383.5925,294.44,0,7644.182,787.79,999,0,866,949.387,32591,5431.83333333333,866,0,0,1,0
626019598,74,2,3,16560.2182,5520.07273333333,5353.3522,0,3100,2113.97,5.196,2987.7,0,280,2720,0,0,0,25411.85,8470.61666666667,0,0,0,0,0
125864413,74,1,2,15195.515,7597.7575,4366.805,0,4600,580.26,1059.7,1441.25,1082.5,633,1400,0,0,32,1666.66666666667,833.333333333333,0,0,0,0,0
17170893,74,2,4,13031.4,3257.85,129.9,0,0,3410,128,0,5264,1650,1800,0,649.5,0,41552,10388,649.5,0,0,1,0
233989603,74,2,5,39666.625,7933.325,8012.665,857.34,5100,8918,1456.5,1766.64,3031,3478,1774,300,3680.5,1291.98,64154.1666666667,12830.8333333333,3897,0,0,1,0
671243870,74,1,3,12641.7024,4213.9008,4344.6787,246.81,400,1445,72,216.5,2472.43,600,1900,0,0,944.2837,18416.6666666667,6138.88888888889,0,0,0,0,0
777870538,74,2,1,25487.23,25487.23,2017.78,0,0,8198.45,606.2,0,10985.6,410,1006.3,1700,562.9,0,10816.6666666667,10816.6666666667,476.3,0,0,1,0
805418992,74,1,1,3288.27,3288.27,1381.27,0,0,1157,0,0,0,200,550,0,0,0,8083.33333333333,8083.33333333333,0,0,0,0,0
691043891,74,1,1,12188.7,12188.7,1052.19,606.2,330,6922.66,207,0,144,357,1060,0,925.25,584.4,17500,17500,0,0,0,0,0
983321903,74,1,2,29770.082,14885.041,5087.75,1125.8,3100,6986,756.25,303.1,1538.882,883,5760,1800,324.75,2104.55,19233.3333333333,9616.66666666667,0,0,0,0,0
783680637,74,2,4,42339.0162,10584.75405,4748.4512,0,5975,6514.26,218,6656,11177.375,4250,2020.75,0,0,779.18,16000,4000,0,0,0,0,0
525436422,74,2,3,53084.884824,17694.961608,7933.3394,969.487,4360,4034.07,1076.077,236.6,22514.5,1020,6688.9,450,2208.3,1593.611424,54506,18168.6666666667,2533.05,0,0,1,0
821694092,74,1,3,21045.2231,7015.07436666667,4438.5531,1190.75,2580,1686.56,2178.06,0,4330,800,1100,0,2416.14,325.16,47166.6666666667,15722.2222222222,649.5,0,0,1,0
423260571,74,2,2,38896.53,19448.265,3139.25,0,21150,6276.42,752,1773.84,1532.82,970,1050,0,1472.2,780,19466.6666666667,9733.33333333333,1277.35,0,0,1,0
240667651,74,1,1,2436.09,2436.09,510.94,0,0,417.9,281.45,0,0,0,0,0,995.9,229.9,6000,6000,995.9,0,0,1,0
832182289,74,2,1,31718.0447,31718.0447,10207.1956,121.24,420,1364.63,5424.0441,0,12000,374.3,250,0,0,1556.635,34459,34459,0,0,0,0,0
268535505,74,1,4,18196.905,4549.22625,6830.575,0,3710,1675.04,1342.64,562.9,0,528,1624,0,86.6,1837.15,5509.66666666667,1377.41666666667,86.6,0,0,1,0
270868508,74,1,5,28326.4763,5665.29526,17085.8769,1190.75,1050,1719.475,1302.9284,627.735,2165,500,1000,0,467.64,1217.071,43325,8665,0,0,0,0,1
382282140,74,1,3,19625.842,6541.94733333333,5758.034,0,3165,4764.99,270.88,0,1332.4,947.6,2758,0,0,628.938,11480.17,3826.72333333333,0,800,1,0,0
315652488,74,1,5,7712.29,1542.458,2359.85,0,150,1570.23,608.56,0,1221.06,270,600,0,0,932.59,13700,2740,303.1,0,0,1,0
163675515,74,1,1,9836.1825,9836.1825,2160.8432,0,1380,3045,449.7701,0,1212.4,303.1,740,0,0,545.0692,6440,6440,0,0,0,0,0
955099686,74,2,4,14170.8442,3542.71105,5272.8142,0,0,5100,0,0,1129.6,0,800,900,844.35,124.08,20050,5012.5,0,0,0,0,0
646211238,74,3,4,32799.98,8199.995,2165,1558.8,5030,2122.87,5510,0,6170.25,1033,6530,0,2121.7,558.36,61416.6666666667,15354.1666666667,1082.5,0,0,1,0
864996647,74,2,4,9329.206,2332.3015,1835.92,0,2400,866,30,0,1031.406,750,0,0,1342.3,1073.58,24000,6000,1342.3,0,0,1,0
896667677,74,2,8,20897.517,2612.189625,9006.39999999999,164.54,3150,2160,900,0,778.101,1948.46,2592,0,173.2,24.816,33138.3333333333,4142.29166666667,0,0,0,0,0
288176026,74,2,1,12717.025,12717.025,4722.731,207.84,0,454.71,2624,0,2848,410,780,0,0,669.744,15043.3333333333,15043.3333333333,519.6,0,0,1,0
219007131,74,1,1,15246.37,15246.37,1667.05,0,2000,3894.12,0,3200,0,1000,280,0,1255.7,1949.5,9750,9750,606.2,0,0,1,0
859114539,74,2,4,23189.3526,5797.33815,9876.73,411.35,1960,1013,387,5893.1126,150,1750,1150,200,0,398.16,31500,7875,0,0,0,0,0
963178860,74,1,3,19311.095,6437.03166666667,6356.44,1234.05,6500,540,260,35,1301.165,400,850,0,1645.4,189.04,12166.6666666667,4055.55555555556,433,0,0,1,0
55966608,74,1,1,5162.64,5162.64,1446.22,792.39,0,852.25,160.21,0,866,150,770,0,0,125.57,7200,7200,0,0,0,0,0
423425586,74,1,2,11250.06,5625.03,5174.35,0,550,1643.59,160,1169.1,433,330,0,0,1732,58.02,21200,10600,0,0,0,0,0
487052692,74,1,6,22652.6238,3775.4373,5875.3337,1329.31,2170,1628,2842.2401,600,3981.2,800,1210,0,1727.67,488.87,17276.6666666667,2879.44444444444,736.1,0,0,1,0
189773706,74,1,3,17074.42,5691.47333333333,7389.145,0,2270,3324.805,2000,0,0,495,1295.47,0,0,300,51650,17216.6666666667,0,0,0,0,0
471499846,74,1,3,11614.91,3871.63666666667,2160.67,0,5050,931.92,0,0,1013.22,450,780,0,1169.1,60,12585.31,4195.10333333333,0,0,0,0,0
395681032,74,1,1,10168.3135,10168.3135,2487.152,0,250,416.1,2525.9265,0,699.295,41.53,1453,0,909.3,1386.01,13359.5,13359.5,216.5,0,0,1,0
792990537,74,1,3,75851.019,25283.673,14107.14,0,6350,1764.04,3232.93,1548.27,8964.73,4203,7542.6,1050,21459.48,5628.829,32550,10850,17021.23,0,0,1,0
752159595,74,2,5,21665.87,4333.174,9729.51,0,810,1714.73,304,0,4793.31,800,2486.76,0,779.4,248.16,22989.28,4597.856,779.4,0,0,1,0
187455822,74,2,1,8171.29,8171.29,1978.81,857.34,1300,2935.34,0,0,0,840,0,0,259.8,0,20250,20250,0,0,0,0,0
289873778,74,1,4,60004.844,15001.211,8175.04,1212.4,1100,6954.84,7274.96,2880,7579.35,3658.16,13429.87,2000,2953.06,2787.164,85887.3333333333,21471.8333333333,1970.15,0,0,1,0
310796139,74,2,5,25121.904,5024.3808,6040.35,0,1000,5364.59,144,500,3510.764,2100,337.74,5400,476.3,248.16,34266.6666666667,6853.33333333333,476.3,0,0,1,0
342992047,74,2,3,10965.3,3655.1,3425.03,0,1100,2164.73,960,0,192,1360,700,0,346.4,717.14,18748,6249.33333333333,0,0,0,0,0
296058175,74,1,4,12156.953,3039.23825,4221.75,0,0,1622,497.95,1882.5,1074.273,796.4,1300,0,186.19,575.89,13700,3425,0,0,0,0,0
306429291,74,2,17,28776.701,1692.74711764706,8367.725,1212.4,0,2022.62,336.2,0,9331.15,773,700,0,5369.2,664.406,94290.6666666667,5546.50980392157,1948.5,0,0,1,0
617519018,74,2,5,27507.6866,5501.53732,7170.5666,0,0,9200.13,209,1691.25,4964,668.5,668.5,0,2468.1,467.64,29633.3333333333,5926.66666666667,2468.1,0,0,1,0
888276929,74,1,1,11349.2113,11349.2113,2265.1962,0,6100,559,518.1724,0,0,399,950,0,0,557.8427,20000,20000,0,0,0,0,0
792330383,74,2,5,24040.284,4808.0568,5693.95,779.4,0,2927,0,65,8690.31,2866,348.624,0,2598,72,33000,6600,0,866,1,0,0
439606961,74,1,4,14130.69,3532.6725,4039.89,0,6250,1540.8,480,0,0,520,640,0,0,660,20783.3333333333,5195.83333333333,0,440,1,0,0
893504405,74,2,2,43838.8538,21919.4269,4217.42,0,3250,1327.47,2886.4,30,25086.16,550,2520,0,2771.2,1200.2038,58500,29250,2771.2,0,0,1,0
560467637,74,1,1,12865.66,12865.66,2420.47,337.74,1330,3663,1224.5,0,1327.45,95,1818,0,519.6,129.9,13883.3333333333,13883.3333333333,0,0,0,0,0
93528052,74,3,5,68272.58,13654.516,6564.28,779.4,2000,1585,173.2,3300,38210.8,3350,2809.9,7850,0,1650,57400,11480,0,0,0,0,0
742741179,74,1,5,17800.51,3560.102,1937.675,0,4400,735,0,2922,3483.485,543,1219,0,939.61,1620.74,23666.6666666667,4733.33333333333,0,850,1,0,0
975813165,74,2,4,19066.92,4766.73,7603.48,259.8,6180,403,312.58,0,0,2200,1956.1,0,0,151.96,22000,5500,0,0,0,0,0
194036562,74,1,1,15563.16,15563.16,1822.93,0,1890,3794.24,1968.72,836,1091.16,1400,1070,0,0,1690.11,14000,14000,0,0,0,0,0
