id,provincia,propauto,cantmiem,gastot,gastotpc,gc_01,gc_02,gc_03,gc_04,gc_05,gc_06,gc_07,gc_08,gc_09,gc_10,gc_11,gc_12,ingtoth,ingpch,tn_restaurant,tn_internet,cat_gastos_internet,cat_gastos_restaurant,cat_gastos_alimentos
249924501,2,1,2,31247.3305,15623.66525,7164.6778,0,9400,0,800,4896.659,2839.795,2773,1950,0,597.54,825.6587,35022.6666666667,17511.3333333333,0,0,0,0,0
651636686,2,1,7,48646.07,6949.43857142857,24533.78,952.6,2000,10450,705.79,0,0,1300,500,0,6928,1275.9,65666.6666666667,9380.95238095238,0,0,0,0,1
872707030,2,1,2,31736.716,15868.358,7015.466,0,0,13350,1500,800,1082.5,2555,945,0,3788.75,700,54750,27375,3788.75,0,0,1,0
829605666,2,1,1,39190.875,39190.875,6805.894,974.25,5100,9007.43,136.6115,0,6246.155,795,3495,0,5462.9987,1167.5358,43766.6666666667,43766.6666666667,2468.1,0,0,1,0
996805164,2,1,1,23292.27,23292.27,1814.27,0,0,3000,2800,9600,0,1710,4020,0,0,348,13000,13000,0,0,0,0,0
225868907,2,2,2,31979.495,15989.7475,2901.1,0,2950,3706,1223.2,0,6858.605,1415,3785,0,7386.98,1753.61,77916.6666666667,38958.3333333333,6841.4,0,0,1,0
879161791,2,1,1,11308.87,11308.87,3935.97,259.8,1870,1698.8,1251.15,0,64.95,243,60,0,1732,193.2,19116.6666666667,19116.6666666667,1732,0,0,1,0
288642496,2,2,5,9324.9712,1864.99424,5934.8712,0,1010,470,313.61,0,229.49,830,365,0,0,172,47475,9495,0,0,0,0,1
690521711,2,1,1,22414.82,22414.82,5187.34,0,1700,4881,1749.22,5144.04,251.14,674,0,0,779.4,2048.68,16556.5,16556.5,0,0,0,0,0
896910990,2,1,1,20288.8498,20288.8498,7060.1083,630.448,2000,1850,731.6401,0,991.57,1550,500,0,3615.55,1359.5334,29500,29500,736.1,0,0,1,0
639097098,2,1,6,33728.2463,5621.37438333333,12260.1352,0,2400,12602.4,2240.5585,0,870.33,300,0,0,0,3054.8226,40597.6666666667,6766.27777777778,0,0,0,0,0
920302976,2,1,3,24312.84,8104.28000000001,14817.26,562.9,4070,138.5,1665.68,700,1619.42,0,426.81,0,0,312.27,9094.66666666667,3031.55555555556,0,0,0,0,1
394601907,2,2,2,46405.99,23202.995,1502.51,0,900,1677,4224.03,7016,11605,700,3350,4140,9369.25,1922.2,40033.3333333333,20016.6666666667,4546.5,1280,1,1,0
884199089,2,2,2,72036.4322,36018.2161,5926.6875,0,0,8109.855,14546.2177,28531,2324.275,3357,6180,0,0,3061.397,84633.3333333333,42316.6666666667,0,0,0,0,0
371199454,2,1,1,9469.9102,9469.9102,1569.8415,0,220,6554.705,773.1337,0,108.25,176.66,67.32,0,0,0,6150.66666666667,6150.66666666667,0,0,0,0,0
885008900,2,1,1,20197.33,20197.33,3091.62,0,0,9500,466.6,0,4324.75,1350,0,0,1082.5,381.86,2791.66666666667,2791.66666666667,1082.5,0,0,1,0
607521725,2,1,4,33826.267,8456.56675,5485.677,1580.45,1970,5766.51,0,0,1000.23,3788.1,4621,2330.65,6083.65,1200,36577.5,9144.375,6083.65,0,0,1,0
831988843,2,2,3,37382.771,12460.9236666667,7832.537,0,150,12945.66,90.93,750.4,1990.754,2480,4130,1300,3703.58,2008.91,31180,10393.3333333333,0,0,0,0,0
793088663,2,1,2,2799.66,1399.83,1307.66,0,0,1320,72,0,0,0,100,0,0,0,13906,6953,0,0,0,0,0
82297111,2,1,4,8851.3633,2212.840825,7612.2699,0,0,400,0,640,56.29,0,0,0,0,142.8034,11225,2806.25,0,0,0,0,1
863753157,2,2,2,46232.7824,23116.3912,13907.96,0,3080,9261,1032.75,0,7728.13,1500,2100,0,2598,5024.9424,38400,19200,0,0,0,0,0
994144290,2,1,4,27536.0828,6884.0207,3196.2328,0,2750,13800,0,5629,368.05,1100,0,0,0,692.8,18500,4625,0,0,0,0,0
211525390,2,1,1,19386.6457,19386.6457,6841.3567,0,0,1350,2057.399,0,952.6,3090,3368.2,0,1519.83,207.26,24575,24575,1519.83,0,0,1,0
442004053,2,2,5,32909.8397,6581.9679400000005,2195.6997,562.9,0,6616,233.82,2612.285,5484.895,1340,3649.3,0,8902.48,1312.46,73350,14670,6798.1,0,0,1,0
805789104,2,1,1,24020.2544,24020.2544,6566.7914,329.08,440,7715.62,842.5256,628,1764.475,1049.5,3085,0,623.1,976.1624,19521.8333333333,19521.8333333333,303.1,0,0,1,0
617981406,2,2,2,19297.3512,9648.6756,4888.57,272.79,600,1473.925,330,624,8157.8162,890,416.91,0,866,777.34,22162.1666666667,11081.0833333333,866,0,0,1,0
196237915,2,1,1,18686.310700000002,18686.310700000002,977.9305,0,730,9200,2833.2525,0,160,1500,0,0,3074.3,210.8277,21166.6666666667,21166.6666666667,3074.3,0,0,1,0
86778816,2,1,1,43353.8613,43353.8613,4881.5121,0,9100,7711.5,116.8667,12240.5,1123.0825,4122,1900,0,2078.4,80,26300,26300,1212.4,0,0,1,0
629270423,2,2,1,14048.31,14048.31,1402.92,1299,0,2701.16,28.8,2297.95,2981.69,1380,1108.25,0,346.4,502.14,8166.66666666667,8166.66666666667,0,0,0,0,0
24797076,2,2,3,25252.353,8417.451,3816.9816,0,800,9070,128,1630,3120.73,1350.6,1304.4,0,2264.59,1767.0514,31061,10353.6666666667,2632.64,128,1,1,0
16067621,2,2,3,36643.9491,12214.6497,11229.0323,957.4496,528,4992.91,691.501,4700,5557.988,1117.97,2750,0,1212.4,2906.6982,23401.6666666667,7800.55555555556,1212.4,0,0,1,0
570129319,2,2,3,84161.0445,28053.6815,16325.5722,0,2700,11954,1433.8543,16178.7126,6639.3,2380,10068,7400,3204.2,5877.4054,47233.3333333333,15744.4444444444,2424.8,0,0,1,0
772427199,2,1,3,21982.88,7327.62666666667,5858.49,0,0,9788.5,480.63,0,0,1570,3910,0,0,375.26,26366.6666666667,8788.88888888889,0,0,0,0,0
487516236,2,1,1,19412.577,19412.577,1129.697,0,450,12080,0,0,242.48,1100,1249.5,0,3160.9,0,23990,23990,606.2,0,0,1,0
89628684,2,1,1,13479.5287,13479.5287,3615.0737,0,0,3135.645,208,5000,30.31,603.9,494.1,0,216.5,176,17448,17448,216.5,0,0,1,0
574031781,2,2,2,57902.9862,28951.4931,16285.563,497.95,300,17031,1105.28,1222.08,6303.3,2527.1,4050.9,0,5805.9,2773.9132,85668.6666666667,42834.3333333333,2381.5,0,0,1,0
569823792,2,2,5,65321.8314,13064.36628,18936.6921,0,4620,3440,1057.819,6892.21,11436.5925,3200,200,3608,7655.44,4275.0778,72158.2466666667,14431.6493333333,3918.65,0,0,1,0
763749797,2,2,6,44091.61,7348.60166666667,8426.18,2935.74,7200,2351,1501.04,960,10158,2424,1200,0,5499.1,1436.55,16583.6666666667,2763.94444444444,2251.6,0,0,1,0
780349760,2,2,2,49530.83,24765.415,2524.39,2286.24,700,9950,2128,0,24129.5,1400,2562,0,1759.2,2091.5,45422,22711,1039.2,0,0,1,0
620611688,2,2,1,16726.791,16726.791,4637.43,0,0,1995.895,1394.85,1290.34,2487.71,1679.74,1278.99,1150,0,811.836,13342.5,13342.5,0,0,0,0,0
932991504,2,1,2,8861.786,4430.893,3537.61,0,1235,864,300,0,1330.176,875,720,0,0,0,15052.6666666667,7526.33333333333,0,0,0,0,0
326257308,2,1,2,54416.71,27208.355,7811.32,1125.8,14500,11780,0,0,1052.19,7270,0,6000,3377.4,1500,89666.6666666667,44833.3333333333,3377.4,0,0,1,0
641660800,2,1,1,24329.435,24329.435,5797.87,0,8000,5757.145,851.55,0,1108.48,667.44,350,0,1796.95,0,16722,16722,1796.95,0,0,1,0
682706122,2,2,4,108064.61284,27016.15321,30782.7061,5410.9845,7750,1994.905,5413.5734,12247.3246,21777.646,5029.8998,5545.845,0,8440.39,3671.33844,105778.083333333,26444.5208333333,3541.94,0,0,1,0
170402597,2,2,1,69012.93,69012.93,18489.1,0,3970,4750,20423.55,0,5406,3450,7410,0,0,5114.28,9000,9000,649.5,0,0,1,0
566785089,2,2,2,21402.13962,10701.06981,6479.9749,0,0,4809.8,845.87,757.75,2661.25,1349,773,0,389.7,3335.79472,39566.6666666667,19783.3333333333,0,0,0,0,0
887468094,2,1,2,6360.112,3180.056,2104.38,454.65,700,2044,710.73,0,62.352,174,110,0,0,0,4341,2170.5,0,0,0,0,0
778727115,2,1,3,8984.0342,2994.67806666667,1187.4592,0,0,2824.5,589.4,3331.0257,166.6,433,0,0,0,452.0493,3833.33333333333,1277.77777777778,0,0,0,0,0
251961376,2,1,2,14887.7179,7443.85895,4940.53,0,0,4730,468,1990.1979,229.49,500,1380,0,649.5,0,26083.3333333333,13041.6666666667,649.5,0,0,1,0
632328220,2,1,3,23424.8894,7808.29646666666,5699.4058000000005,0,1755,1205,1015.71,9393.8917,266.295,551,1385,0,1290.34,863.2469,6924.16666666667,2308.05555555556,1290.34,0,0,1,0
128754964,2,1,1,26365.555,26365.555,2485.42,0,6940,5867.18,1104.6,0,1686.805,2658.42,3815.27,0,1047.86,760,26021.4166666667,26021.4166666667,1047.86,0,0,1,0
993995029,2,1,2,34693.88,17346.94,6365.1,0,800,6763,2695.28,6600,4633.1,338,590,0,5109.4,800,69900.9,34950.45,0,0,0,0,0
505975372,2,1,2,25161.5834,12580.7917,8428.778,0,0,7712.055,336.4843,1559.5794,2518.17,1440.15,1000,1400,649.5,116.8667,13200,6600,995.9,25.6,1,1,0
705644659,2,2,5,92105.4822,18421.09644,11797.2582,1099.82,3000,14425,717.042,7173.2,48074.162,1950,1749,1620,0,500,43063,8612.6,0,0,0,0,0
884248120,2,2,4,48575.595,12143.89875,9690.54,346.4,2300,2363,418.38,1453.74,5266.805,3090,19591.15,1064,1723.34,1268.24,67466.6666666667,16866.6666666667,1723.34,0,0,1,0
58162824,2,1,1,10539.79,10539.79,1342.3,0,260,5000,400,1475,82.27,0,1400,0,580.22,0,10500,10500,303.1,0,0,1,0
658590838,2,2,3,32480.6771,10826.8923666667,6271.4421,376.71,2887,5184.385,3269.9,0,2664.75,1862.4,6304,0,2961.09,699,62350,20783.3333333333,2338.2,728.4,1,1,0
655548617,2,2,2,25173.724,12586.862,3934.3246,0,0,6978,573.5085,11000,202.644,1094,800,0,0,591.2469,24766.6666666667,12383.3333333333,0,0,0,0,0
55560566,2,1,2,14964.8327,7482.41635,215.1577,0,1200,8085,880,0,1366.115,2300,0,0,0,918.56,21416.6666666667,10708.3333333333,0,0,0,0,0
255279390,2,2,2,39294.1313,19647.06565,9228.0094,0,0,7340,1762.6834,7850.32,4176.285,1618,1649.8,0,3238.84,2430.1935,34946.6666666667,17473.3333333333,3238.84,0,0,1,0
960997815,2,2,2,24271.64,12135.82,4871.25,519.6,0,4108,388.54,4559.8,835.69,1840,3710,0,0,3438.76,36833.3333333333,18416.6666666667,0,0,0,0,0
378663372,2,1,3,19551.8744,6517.29146666667,4102.1554,0,1550,2250,916.28,1295.667,1050.025,4011.6,2768,0,0,1608.147,27801.3333333333,9267.11111111111,0,0,0,0,0
349310461,2,1,2,21751.7348,10875.8674,6721.4157,2904.997,0,2391.035,463.1801,4061.532,409.185,2714.62,1294.62,0,519.6,271.55,22000,11000,0,0,0,0,0
314515449,2,1,1,14757.92,14757.92,3771.43,0,0,7724.54,671.15,0,0,531,1800,0,0,259.8,20252.6666666667,20252.6666666667,0,0,0,0,0
847876351,2,2,1,27218.862,27218.862,4362.042,441.66,600,5995,418.85,1600,5106.136,750,4960,0,2641.3,343.874,20066.6666666667,20066.6666666667,0,160,1,0,0
17059742,2,1,1,18028.087,18028.087,3132.755,0,980,8600,0,1567.46,105.652,450,880,0,433,1879.22,16322,16322,433,0,0,1,0
636447950,2,2,5,53572.7167,10714.54334,14231.9739,303.1,0,13566,1167.84,3500,1661.305,2003,7440.217,7020,1907.25,772.0308,45070.6666666667,9014.13333333334,1039.2,0,0,1,0
226606895,2,1,1,12675.84,12675.84,1775.3,207.84,390,5945,88,3500,0,300,80,0,389.7,0,14233.3333333333,14233.3333333333,0,0,0,0,0
544352090,2,1,4,14276.0625,3569.015625,1381.27,818.37,0,2572.1,285.78,4000,1455.9625,2650,930,0,0,182.58,37623.6666666667,9405.91666666667,173.2,720,1,1,0
961429173,2,1,2,13654.1491,6827.07455,3900.3341,0,0,2612.73,2242,0,1244.875,687.5,1985.4,0,801.05,180.26,7500,3750,801.05,0,0,1,0
276926179,2,1,2,39231.3232,19615.6616,5836.84,0,2040,12505,2152,160.21,736,2743.5,7533,0,3675.75,1849.0232,27700,13850,2922.75,0,0,1,0
951681486,2,1,4,6535.31,1633.8275,2273.25,0,0,470,272,0,441.66,660,960,0,1212.4,246,40149,10037.25,0,0,0,0,0
23799324,2,1,5,42700.895,8540.179,8382.88,0,3800,24066,497.95,0,1864.065,3290,800,0,0,0,41250,8250,0,0,0,0,0
518089374,2,2,4,60064.7411,15016.185275,14464.8846,324.75,2100,9274.925,4857.15,12652.188,4391.735,1938,6370,0,346.4,3344.7085,98204,24551,0,0,0,0,0
751163831,2,1,1,24250.4708,24250.4708,3853.7,0,2300,1557.56,6724.42,2639.0008,56,1295.9,1817.1,0,3771.43,235.36,23934.5,23934.5,3771.43,0,0,1,0
54852860,2,1,5,21874.81,4374.962,7096.87,173.2,990,5837.47,603.55,0,3011.41,1860,500,40,1407.25,355.06,26833.3333333333,5366.66666666667,606.2,160,1,1,0
988020444,2,2,3,46974.6383,15658.2127666667,9987.1883,0,1500,6250,5976,6023.52,5346,2332.5,2677,0,6603.25,279.18,67266.6666666667,22422.2222222222,5347.55,0,0,1,0
116099495,2,3,6,63113.2174,10518.8695666667,9271.7424,0,0,2879.5,1027.73,8040,30387.173,2765.5,3314.5,3092,0,2335.072,101909.833333333,16984.9722222222,0,0,0,0,0
530569013,2,2,7,28292.475,4041.78214285714,5949.42,6689.85,1500,1945,660,0,3355.395,4105,1675,0,0,2412.81,38250,5464.28571428571,0,0,0,0,0
442039576,2,1,4,13109.78,3277.445,2013.45,0,800,2400,96,200,870.33,2070,4260,0,0,400,76500,19125,0,0,0,0,0
869848368,2,2,2,29840.7329,14920.36645,6049.9193,2170.8022,3159,2917.5,2187.8034,0,2479.9,1680,2660,0,5221.98,1313.828,59552.5,29776.25,2035.1,0,0,1,0
388267194,2,1,3,66827.180300000007,22275.7267666667,23649.8971,0,3000,7300,2331.5318,10000,1735.2475,2044,1630,3240,6699.1,5197.4039,70861.6666666667,23620.5555555556,3853.7,0,0,1,0
697277891,2,1,2,25790.1046,12895.0523,4057.5564,0,480,9925,2373.6635,1600,1742.825,2350,750,0,1879.22,631.8397,59466.6666666667,29733.3333333333,1385.6,0,0,1,0
330313987,2,1,2,53851.4835,26925.74175,5940.9765,0,11546,14800,2186.558,1231,623.52,2320,3400,0,11171.4,632.029,74446.8333333333,37223.4166666667,5646.32,0,0,1,0
289489373,2,2,3,98888.2695,32962.7565,6461.0095,0,13350,21650,9383.205,0,9119.4,3000,3400,23500,6873.875,2150.78,106916.666666667,35638.8888888889,1970.15,0,0,1,0
271323017,2,1,2,14738.34,7369.17,5711.27,1039.2,2300,880,25,67.2,1034.87,1350,1025,0,866,439.8,10450,5225,0,0,0,0,0
402866715,2,2,2,82262.3473,41131.17365,7457.9487,0,5000,18000,4349.3,30350,1764.475,3200,9870,500,1528.49,242.1336,102583.333333333,51291.6666666667,0,800,1,0,0
579533325,2,2,2,56022.8479,28011.42395,3355.1005,389.7,3650,5750,2560,6056.2467,16325.29,4150,3060,0,9469.42,1257.0907,40700,20350,4373.3,0,0,1,0
862665546,2,1,1,26258.1922,26258.1922,5371.9712,0,400,2430,489.29,9216.2332,36.805,737,2663,0,1887.88,3026.0128,20921.6666666667,20921.6666666667,1887.88,0,0,1,0
821737779,2,1,1,5607.37,5607.37,1121.47,0,0,522,316.81,3347.09,0,0,0,0,0,300,4300,4300,0,0,0,0,0
231509494,2,1,3,37547.4344,12515.8114666667,10598.6709,484.96,1800,972.91,1018.25,8004.0818,883.32,1912.1895,4251.5905,0,5763.23,1858.2317,34519.1666666667,11506.3888888889,3329.77,0,0,1,0
792920338,2,1,3,26792.89,8930.96333333333,12375.14,368.05,4250,3600,906,0,259.8,1440,1965,0,0,1628.9,29807.83,9935.94333333333,0,0,0,0,0
626116743,2,1,4,11188.585,2797.14625,5685.29,0,1120,1150,0,0,93.095,525.2,0,0,2165,450,24500,6125,0,0,0,0,1
532790162,2,1,3,48325.8425,16108.6141666667,6386.75,510.94,1873,3886.5,2365.2,6421.48,3714.4425,1706,12759,0,7581.83,1120.7,37740,12580,7733.38,0,0,1,0
168015757,2,1,3,12137.48,4045.82666666667,8201.02,0,360,200,671.15,0,77.94,410,1792.62,0,0,424.75,9013.33333333333,3004.44444444444,0,0,0,0,1
830917372,2,2,3,61633.3264,20544.4421333333,8254.279,566.7537,5100,5010,13398.5137,0,8885.29,750,13668.8,4860,173.2,966.49,42500,14166.6666666667,0,0,0,0,0
712759404,2,2,3,59636.355,19878.785,16796.07,5135.38,0,1352.305,1180,5292,15947.16,3044,1824.3,1800,4892.9,2372.24,52250,17416.6666666667,5477.45,0,0,1,0
250765966,2,1,1,42137.551,42137.551,2985.3185,1324.98,0,10355,2112,1485.19,12501.7925,2520,3010,0,3247.5,2595.77,59875,59875,3247.5,464,1,1,0
103273382,2,1,1,32670.8551,32670.8551,3251.7001,0,1900,7190.865,0,13128,0,800,5000,30,922.29,448,15959.1666666667,15959.1666666667,922.29,0,0,1,0
667693528,2,1,1,9646.9645,9646.9645,1861.5103,0,0,5301,410.4367,735.0175,0,379,960,0,0,0,8208.33333333333,8208.33333333333,0,0,0,0,0
728016971,2,1,1,5546.27,5546.27,3922.98,0,0,250,646.6,0,441.66,90,0,0,0,195.03,4510,4510,0,0,0,0,1
353566559,2,2,1,19991.12,19991.12,2394.49,1844.58,0,750,0,0,8222.15,610,1000,1132,3247.5,790.4,29697,29697,0,0,0,0,0
903846889,2,2,3,26057.376,8685.792,1693.896,0,5200,3505.5,205,3632,6376.81,1114,2833,0,0,1497.17,67425.5,22475.1666666667,0,0,0,0,0
538339168,2,1,1,52075.421,52075.421,1416.5595,0,5735,7494.5475,30000,0,526.095,1352.95,1421.485,0,3442.35,686.434,92013.5,92013.5,3182.55,0,0,1,0
239561485,2,1,2,57223.961,28611.9805,11727.5885,476.3,800,10938,1392.58,610,3849.4125,5613,12405,2900,5856.81,655.27,50147.6666666667,25073.8333333333,4269.38,9620,1,1,0
458537612,2,1,2,20510.015,10255.0075,5044.45,0,80,3275,835.69,0,1901.145,2000,2100,0,5113.73,160,22750,11375,2662.95,0,0,1,0
176200168,2,2,2,26904.26,13452.13,4594.13,541.25,1000,2380.5,168,6698.59,6699.35,1989,1220,0,1147.45,465.99,35833.3333333333,17916.6666666667,0,0,0,0,0
484871783,2,1,2,11494.6443,5747.32215,5074.76,0,0,3405,614.86,916.7043,0,600,0,0,0,883.32,13233.3333333333,6616.66666666667,0,0,0,0,0
665502987,2,1,1,23505.5782,23505.5782,6285.1682,368.05,4300,4352,0,0,281.45,1200,540,0,5486.11,692.8,19000,19000,4291.03,0,0,1,0
361671618,2,1,5,25668.5502,5133.71004,10785.9001,0,0,3830,481.9834,164.54,2634.45,1350,1080,3054,1039.2,1248.4767,30758.3333333333,6151.66666666667,822.7,0,0,1,0
679035577,2,1,1,19204.66,19204.66,640.84,0,3000,3378.3,800,1560,8530.1,542.42,753,0,0,0,29400,29400,0,0,0,0,0
982159245,2,2,2,31281.2796,15640.6398,9401.5991,916.4012,1600,6100,1498.9594,656.9476,3802.7792,1410,1040,0,2855.635,1998.9581,46900,23450,1667.05,0,0,1,0
303925801,2,1,2,43949.256,21974.628,9296.51,1125.8,0,4510,476.3,13628.54,7330.95,2259,1759.8,1390,0,2172.356,76500,38250,0,0,0,0,0
941142336,2,2,2,20953.395,10476.6975,4775.99,1039.2,0,1500,233.82,5165,4046.875,960,840,0,389.7,2002.81,22666.6666666667,11333.3333333333,0,0,0,0,0
443535937,2,1,2,45514.7054,22757.3527,8776.044,0,1400,11603.8648,3994.41,3623.8474,883.6664,2149.22,5310,0,5455.8,2317.8528,65000,32500,2771.2,0,0,1,0
80711742,2,3,3,54858.0735,18286.0245,14046.3468,2165,5400,1950,2916.8703,4855.88,4507.972,4860,2879.1,0,7785.34,3491.5644,88050,29350,3550.6,560,1,1,0
392013691,2,2,1,51350.8878,51350.8878,7731.9078,779.4,2400,5152.5,6420,2700,11261,1630,7650,0,3947.7,1678.38,82000,82000,2987.7,0,0,1,0
811591976,2,1,1,9793.6988,9793.6988,962.992,0,0,2338.265,0,1833.5818,0,1310,1788,0,909.3,651.56,16775,16775,909.3,0,0,1,0
740761787,2,1,1,23992.175,23992.175,4988.16,0,0,9455.595,1623.75,0,1337.97,1490,810,0,4286.7,0,33333.3333333333,33333.3333333333,5542.4,0,0,1,0
292889711,2,2,4,42900.2747,10725.068675,13246.8123,2035.1,0,1727.675,935.7574,1939.32,3415.25,4495,7885,0,5131.05,2089.31,100821.666666667,25205.4166666667,1840.25,560,1,1,0
3221604,2,2,1,31654.83,31654.83,779.4,433,2300,9792,787.95,2672,4385.8,2151.5,2861.5,0,4031.23,1460.45,22326.6666666667,22326.6666666667,4031.23,0,0,1,0
14402374,2,2,5,24903.5336,4980.70672,4306.7912,0,3700,1892.405,260.21,0,2800.644,4340.54,4958.7,0,1621.585,1022.6584,15291.3333333333,3058.26666666667,980.745,0,0,1,0
783609406,2,1,1,18728.5184,18728.5184,3325.44,562.9,0,3756.955,1047.7734,0,0,3050,3040,0,2403.15,1542.3,20000,20000,2403.15,0,0,1,0
984781356,2,1,2,48798.562,24399.281,14884.375,866,2575,15386,166.55,0,1356.392,1977.5,1200.5,0,7196.46,3189.785,34132.6666666667,17066.3333333333,2576.35,0,0,1,0
567646947,2,1,7,9207.845,1315.40642857143,6068.495,0,1080,780,411.35,0,0,300,0,0,0,568,8966.66666666667,1280.95238095238,0,0,0,0,1
822641492,2,2,2,13050.95,6525.475,4620.11,1342.3,0,1606.5,641.2,332,2695.96,1470,120,0,0,222.88,16915.02,8457.51,0,0,0,0,0
282545914,2,2,2,17872.34,8936.17,6876.04,0,0,4890,476.3,0,2990,1560,1080,0,0,0,17700,8850,0,0,0,0,0
249100308,2,1,3,15328.4817,5109.4939,6230.87,1441.89,0,1254.04,251.14,290.11,1234.0067,2204,192.475,0,2121.7,108.25,16625,5541.66666666667,1428.9,0,0,1,0
154765010,2,1,1,4581.726,4581.726,753.42,458.98,0,2800,0,0,52.826,300,0,0,173.2,43.3,4915.02,4915.02,173.2,0,0,1,0
106677863,2,1,5,14578.79,2915.758,6062,0,300,6076,30,520,272.79,950,368,0,0,0,19583.3333333333,3916.66666666667,0,0,0,0,0
9813442,2,1,7,22371.3625,3195.90892857143,11145.42,389.7,810,4670,0,250,1503.5925,1416,259.8,0,1926.85,0,26833.3333333333,3833.33333333333,1277.35,0,0,1,0
400629689,2,1,4,23135.715,5783.92875,7729.05,476.3,2110,655,1590,960,1322.815,1350,2260,0,2987.7,1694.85,24738.6666666667,6184.66666666667,822.7,0,0,1,0
465483126,2,2,2,26415.51058,13207.75529,9386.7472,0,1150,2788.105,460,2181.965,2823.16,3228.3945,1131.8855,600,1905.2,760.05338,56500,28250,216.5,0,0,1,0
188480581,2,2,2,9689.21,4844.605,1827.26,173.2,0,1273.4,51.2,0,1924.95,979,3150,0,0,310.2,28821.5,14410.75,0,0,0,0,0
202681613,2,1,2,12245.564,6122.782,3953.29,346.4,1050,4250,0,410,466.774,400,200,0,476.3,692.8,28716.6666666667,14358.3333333333,476.3,0,0,1,0
656949822,2,1,1,14256.1119,14256.1119,1528.1869,0,0,6061.81,1286,259.8,513.105,484.36,3420,0,194.85,508,31016.6666666667,31016.6666666667,194.85,0,0,1,0
465380828,2,2,3,94470.1338,31490.0446,6358.0854,9599.61,2600,7150,8380,22614.1,16215.97,3030,1950,0,8951.7,7620.6684,84583.6666666667,28194.5555555556,2771.2,700,1,1,0
632184881,2,1,1,27569.017,27569.017,9297.9822,0,2200,2659,7346.2084,1558.9076,552,538,1168,0,995.9,1253.0188,16000,16000,0,0,0,0,0
313359164,2,1,2,58802.1987,29401.09935,6410.3485,6079.32,1830,9169.315,6782.3904,19324.7377,898.042,1791.735,1851.735,0,519.6,4144.9751,77011.6666666667,38505.8333333333,0,0,0,0,0
664566568,2,1,4,21001.86,5250.465,4070.2,246.81,860,1750,374.85,600,0,1400,7776,3684,0,240,41010,10252.5,0,0,0,0,0
102837474,2,1,2,31457.396,15728.698,6335.7859,519.5567,0,9702.8,190.4767,9447,415.68,1593,2292,0,0,961.0967,44619.04,22309.52,0,0,0,0,0
683573100,2,2,3,36685.7625,12228.5875,8149.06,3000.69,1080,3725,1039.57,5000,4759.0875,2000,1414.14,0,5899.625,618.59,68171.6666666667,22723.8888888889,2424.8,0,0,1,0
205640848,2,1,2,24439.326,12219.663,5593.061,433,1000,1054.55,887.65,0,2795.015,550,4630,0,7101.2,394.85,38533.3333333333,19266.6666666667,6884.7,0,0,1,0
83476616,2,3,4,95272.73,23818.1825,11099.8251,3152.24,6700,5167.905,17592.4,1038.9402,14989.1225,11892.94,8760.9,0,9083.474,5794.9832,107434.166666667,26858.5416666667,952.6,8205.4,1,1,0
642229297,2,2,4,79908.79,19977.1975,17640.42,519.6,3850,1595,7385,7689.5,4171.9,3260,11048,8800,12466.07,1483.3,48553.3333333333,12138.3333333333,11569.76,0,0,1,0
769653196,2,2,3,27864.1003,9288.03343333334,7468.817,355.06,200,9498.85,0,2325.2533,3664.24,1200,550,1500,822.7,279.18,32000,10666.6666666667,822.7,0,0,1,0
377605802,2,1,1,21705.8059,21705.8059,3293.5712,0,300,10229,125.5267,5095,317.708,1100,845,0,0,400,19391.6666666667,19391.6666666667,0,0,0,0,0
660253599,2,1,5,19807.0875,3961.4175,11893.0811,0,0,1500,0,800,647.335,800,0,0,3031,1135.6714,78122.1666666667,15624.4333333333,0,0,0,0,1
332550179,2,2,3,40377.17,13459.0566666667,4256.39,0,3400,9734,2652.54,800,960,3440,3322,0,0,11812.24,41490,13830,0,0,0,0,0
317657184,2,2,6,29637.0569,4939.50948333333,10953.8608,0,2980,1083.6,686.65,362.3087,4610.54,1218,1974.15,1208,3788.75,771.1974,28100.0033333333,4683.33388888889,1039.2,0,0,1,0
229156518,2,1,3,58484.345,19494.7816666667,15095.3759,2623.98,850,11160.8,10907.112,0,4489.8,1700,2900,0,8399.87,357.4071,248733.333333333,82911.1111111111,3723.8,0,0,1,0
12800027,2,2,5,7005.28,1401.056,2316.55,541.25,0,816.8,1212.4,0,1368.28,550,0,0,0,200,10083.3333333333,2016.66666666667,0,0,0,0,0
692999057,2,1,2,20401.372,10200.686,5132.782,385.37,0,766,4845.78,927.44,5355.22,965,1210,0,0,813.78,11968.3333333333,5984.16666666667,0,0,0,0,0
710311860,2,1,1,23371.9014,23371.9014,1561.3114,1632.41,4300,7076.5,233.82,3600,1384.76,2247,600,0,736.1,0,49533.3333333333,49533.3333333333,0,0,0,0,0
115985986,2,1,9,18052.0274,2005.78082222222,9043.5947,0,2350,1050,200,0,1959.325,1549,1620,0,77.94,202.1677,36533.3333333333,4059.25925925926,77.94,0,0,1,1
391946753,2,1,2,21802.714,10901.357,3104.61,0,0,11395,2679.18,0,930.95,1720,550,0,848.68,574.294,36367.6666666667,18183.8333333333,848.68,0,0,1,0
770330331,2,1,1,12775.0155,12775.0155,391.865,1363.95,0,6185.22,36.1555,3450,558.175,335,454.65,0,0,0,23280,23280,0,0,0,0,0
799444146,2,2,2,16239.5641,8119.78205,3669.1987,0,360,1992.5,1395.1535,637.2894,2989.4975,1200,900,0,2106.545,989.38,23772.8333333333,11886.4166666667,1905.2,152,1,1,0
378269488,2,1,2,29542.095,14771.0475,3596.065,0,4100,1782,176.95,0,1060.85,5020,2750,0,9273,1783.23,10000,5000,519.6,0,0,1,0
354190382,2,2,2,14376.1411,7188.07055,6939.7343,424.34,0,2425,207.7967,0,515.51,1105,895,0,1052.19,811.5701,16583.3333333333,8291.66666666667,346.4,0,0,1,0
312622931,2,1,2,23126.079942,11563.039971,4282.37,324.75,400,10665.865,200,2454.87,1755.72,420.52,1608.6,0,965.59,47.794942,25127.6666666667,12563.8333333333,389.7,0,0,1,0
428486639,2,1,4,54720.578,13680.1445,11921.6591,0,2200,11613,6088.4839,4075.5643,4330,1892.5,3957.5,1472,2338.2,4831.6707,47333.3333333333,11833.3333333333,1039.2,0,0,1,0
725582453,2,1,1,34278.185,34278.185,13899.3,0,7260,8743.67,1856,352,803.215,1164,0,0,0,200,22256.6666666667,22256.6666666667,0,0,0,0,0
164034189,2,1,1,13261.24,13261.24,2091.39,0,2557,6100,0,0,259.8,640,1085,0,160,368.05,25009.1666666667,25009.1666666667,0,0,0,0,0
752589119,2,1,1,36445.9901,36445.9901,9553.3656,0,1060,3936.305,760.5734,7217.6461,312.5,1510,7725.6,0,4330,40,5914.75,5914.75,4330,0,0,1,0
531098060,2,3,5,86051.44,17210.288,10041.27,0,200,816.5,12100,0,25035.92,2100,3646.4,20160,2991.35,8960,144900,28980,0,0,0,0,0
914291563,2,3,2,65736.97,32868.485,3871.02,0,0,1342.5,6662,3300,28497.7,2700,3749.85,0,13949.6,1664.3,103625,51812.5,4113.5,0,0,1,0
837243385,2,1,3,27280.0505,9093.35016666667,5171.6221,0,3000,6966,121.1967,600,4877.245,1170,2630,0,1394.85,1349.1367,39452.8333333333,13150.9444444444,0,0,0,0,0
696448986,2,3,2,39514.55,19757.275,9703.53,779.4,1550,1489,4711.9,1659,5018.26,1740.8,2559,7100,1299,1904.66,67240,33620,0,0,0,0,0
646680579,2,3,4,46027.6002,11506.90005,7897.7901,0,2300,798,871.0676,6342.17,15250.1025,3000,1516.5,1296,4836.61,1919.36,53312.5,13328.125,3732.46,0,0,1,0
244566566,2,1,1,23951.9025,23951.9025,909.3,0,1860,12355,900,0,1425.6525,1250,802,0,692.8,3757.15,32272.3333333333,32272.3333333333,692.8,0,0,1,0
363029731,2,1,2,38848.6935,19424.34675,3530.6387,0,2820,2274.54,498.4,6982.5391,2159.7607,3728,8021.28,1200,4568.15,3065.385,52581.6666666667,26290.8333333333,4135.15,0,0,1,0
562795781,2,3,3,70271.49,23423.83,13228.15,1368.28,1700,5448.5,14232.18,400,6881.1,2880,10016,2600,9198.1,2319.18,117766.666666667,39255.5555555556,3160.9,1600,1,1,0
931714605,2,1,3,49440.8433,16480.2811,11849.0883,2381.5,1500,5415.5,1408.89,2080,1669.215,6810,4639.6,1036.8,8660,1990.25,35000,11666.6666666667,3031,0,0,1,0
878356493,2,2,6,63352.7555,10558.7925833333,20769.1048,2316.55,4200,3365.235,1525.7867,0,6942.125,5423.5,7061.5,2000,7772.35,1976.604,122286,20381,1818.6,2100,1,1,0
473043541,2,1,1,18377.86,18377.86,2805.84,238.15,270,7500,1033,0,663.76,750,3745.5,0,995.9,375.71,18166.6666666667,18166.6666666667,259.8,0,0,1,0
7709560,2,1,2,38420.6255,19210.31275,3277.1605,0,0,21700,690.635,3300,1175.23,1915,1645,1200,3117.6,400,73333.3333333333,36666.6666666667,2208.3,0,0,1,0
42372173,2,1,1,42095.209,42095.209,4234.74,0,0,3169.5,29280,4210.969,0,500,700,0,0,0,40000,40000,0,0,0,0,0
836135169,2,1,5,7597.95,1519.59,5239.3,0,562,608,60,0,0,640,488.65,0,0,0,24825,4965,0,0,0,0,1
683762654,2,2,2,24533.1755,12266.58775,7359.5711,510.94,250,5705,0,368.05,4674.5244,1455.73,964.26,0,2179.8,1065.3,45391.6666666667,22695.8333333333,853.876,0,0,1,0
667040459,2,2,3,86007.653,28669.2176666667,7564.51,0,4100,18314.5,2049.9,3000,18410.55,2650,7882,6264,13475.393,2296.8,58245.3333333333,19415.1111111111,10132.2,0,0,1,0
470977438,2,2,2,50540.61,25270.305,3563.7199,0,0,12631.455,480,15838.9537,8932.8714,3530.01,1747.5,0,2627.05,1189.05,59838,29919,1667.05,0,0,1,0
342958637,2,1,3,12948.03,4316.01,2649.96,0,0,2080,568.64,0,2338.2,1960,1724,0,0,1627.23,23333.3333333333,7777.77777777778,0,0,0,0,0
838078360,2,1,1,14962.0935,14962.0935,3091.4035,0,0,3650,1985.16,1000,606.2,2010,450,0,1732,437.33,27083.3333333333,27083.3333333333,1818.6,0,0,1,0
829800522,2,2,5,30133.7825,6026.7565,7352.34,0,3960,4240,0,0,1463.1725,2560,2410,3000,3143.58,2004.69,30666.6666666667,6133.33333333333,0,0,0,0,0
268357508,2,2,2,76453.8225,38226.91125,15498.1525,0,0,18225,10905.16,10570,4437.5,3597.26,1400,1600,6711.5,3509.25,94209.3333333333,47104.6666666667,6711.5,0,0,1,0
858641418,2,2,4,138676.02,34669.005,8928.46,0,8870,14050,15862.15,8700,30508.95,2635,16291,19500,6113.96,7216.5,127666.666666667,31916.6666666667,5196,866,1,1,0
738156236,2,1,1,21834.81,21834.81,4087.52,0,0,10152,60,0,741.54,1400,872,0,3868.75,653,17083.3333333333,17083.3333333333,3658.85,0,0,1,0
488463292,2,1,1,15528.652,15528.652,9721.716,0,0,0,3000,1406.936,0,0,200,1200,0,0,16166.6666666667,16166.6666666667,0,0,0,0,1
913940484,2,1,1,17582.1041,17582.1041,3722.3711,0,0,10750,0,0,745.193,1115,585,0,0,664.54,21250,21250,0,0,0,0,0
690397538,2,1,1,24584.41,24584.41,10387.67,2078.4,0,2875,324.75,370,3063.5,1490,3320,0,0,675.09,18000,18000,0,0,0,0,0
846435651,2,1,3,17631.13,5877.04333333334,4442.58,606.2,650,1807.52,373.1,1045.58,281.45,1555,4748,0,2121.7,0,18833.3333333333,6277.77777777778,2424.8,0,0,1,0
484370896,2,1,2,38789.6336,19394.8168,4026.9,0,1100,11562.5,1281.8,314,3738.522,2560,1490,1000,9517.34,2198.5716,38481.6666666667,19240.8333333333,9538.99,1024,1,1,0
798898731,2,1,1,21236.7578,21236.7578,5021.3278,0,540,4374.17,0,8797.43,229.49,404.56,0,0,627.85,1241.93,18000,18000,194.85,0,0,1,0
607030276,2,1,2,32324.8875,16162.44375,1952.83,0,5890,2462,4693.2,1588.25,4575.0175,2100,5595.99,1100,1385.6,982,43333.3333333333,21666.6666666667,1385.6,0,0,1,0
456361115,2,1,1,28278.93,28278.93,4667.74,0,850,1455.61,0,3175,3187.04,743.59,2402,423,6170.25,5204.7,30933.3333333333,30933.3333333333,5823.85,0,0,1,0
467925750,2,1,4,65340.617,16335.15425,14598.162,0,5200,17496.23,7158.2135,0,3975.897,1771.5,2206.1,0,6330.46,6604.0545,49000,12250,3515.96,376.5,1,1,0
399313056,2,1,3,32472.39,10824.13,8776.91,0,6400,8594,0,240,1618.58,700,650,0,4459.9,1033,33156,11052,476.3,0,0,1,0
45486561,2,2,4,49549.4931,12387.373275,13121.199,1212.4,2700,4562.97,528.1734,10832,5079.09,3170,2919.3,0,3810.4,1613.9607,91073.1666666667,22768.2916666667,3940.3,0,0,1,0
163196408,2,2,4,41836.5933,10459.148325,8199.9375,0,3200,9650,484.7868,414.5975,3716.32,2828.3,2644.43,3672,5045.9655,1980.256,42983.3333333333,10745.8333333333,909.3,0,0,1,0
559251676,2,1,2,101401.56,50700.78,12080.7,5975.4,2120,22817,2949.6,4246.2,8681.16,1550,11688.2,15760,11691,1842.3,82900,41450,4676.4,1732,1,1,0
312667352,2,1,1,25849.216,25849.216,8870.005,0,2700,3600,2233.82,1000,1249.205,1700,700,1300,2459.44,36.746,47166.6666666667,47166.6666666667,1299,0,0,1,0
493583370,2,1,1,23355.4574,23355.4574,4842.1957,1104.15,6000,4293.285,2334.1467,584.55,112.58,2460,840,0,584.55,200,20000,20000,454.65,0,0,1,0
710609041,2,2,3,25288.4423,8429.48076666667,15188.9039,0,700,1850,1909.4434,0,1184.255,680,400,0,2030.77,1345.07,25759.6666666667,8586.55555555556,0,0,0,0,1
937979307,2,1,2,28127.5182,14063.7591,5103.0782,0,700,15120,432,0,1390.04,1650,1110,0,1212.4,1410,47533.3333333333,23766.6666666667,1212.4,0,0,1,0
151438815,2,1,1,10782.0595,10782.0595,7320.9475,0,25,760,1654.232,0,450.32,181.86,0,0,0,389.7,5471.66666666667,5471.66666666667,0,0,0,0,1
938679977,2,1,3,35079.8102,11693.2700666667,4851.9382,0,0,14300,3266.5,2216.6569,707.955,1300,1799,0,4659.08,1978.6801,0,0,4853.93,0,0,1,0
235534447,2,2,2,59205.6711,29602.83555,9846.42,0,0,2540.11,2502.4,2244,20378.1771,3636,3986.572,0,8857.8,5214.192,123689.833333333,61844.9166666667,9123.31,0,0,1,0
667183264,2,1,1,21778.6935,21778.6935,1152.9924,0,2550,1885,190.4767,0,4796.2544,685,1300,0,7763.69,1455.28,51666.6666666667,51666.6666666667,736.1,965.59,1,1,0
584194310,2,1,1,32475.2274,32475.2274,6504.0497,0,2400,11865.5,381.67,0,1084.72,890,1900,1380,4980.93,1088.3577,28213.3333333333,28213.3333333333,1606.43,2814.5,1,1,0
314321461,2,2,5,84889.5617,16977.91234,17867.7017,0,2300,15624.27,8031.65,0,300,5790.2,10233.8,9634,10383.34,4724.6,150209.166666667,30041.8333333333,4719.7,0,0,1,0
578337576,2,1,2,14677.61,7338.805,4767.33,740.43,930,641.5,749.15,2143.35,1060.85,1659,1553,0,281.45,151.55,21566.6666666667,10783.3333333333,281.45,0,0,1,0
752078920,2,2,2,16846.275,8423.1375,5992.72,0,0,1569.155,1459.9,1299,2943,982.315,1193.395,0,476.3,930.49,32752.1666666667,16376.0833333333,476.3,0,0,1,0
545445413,2,1,5,2942.12,588.424,2442.12,0,0,500,0,0,0,0,0,0,0,0,15450,3090,0,0,0,0,1
826231263,2,1,2,34651.518,17325.759,6597.188,0,0,10047.5,2400,0,827.03,3645,7105,3580,259.8,190,33025,16512.5,259.8,0,0,1,0
471431824,2,2,1,6938.528,6938.528,857.34,0,290,1943.455,0,1039.2,240,1196.11,949,0,0,423.423,6280,6280,0,0,0,0,0
588342777,2,2,2,24679.904,12339.952,4973.871,1688.7,500,10256,177.53,0,2996.705,2500,980,0,0,607.098,51500,25750,0,0,0,0,0
712326878,2,1,4,66055.2404,16513.8101,15092.7346,0,4957,16200.61,5709.8719,3872.0592,923.1625,1744,1250,7640,0,8665.8022,54166.6666666667,13541.6666666667,0,0,0,0,0
788531921,2,2,4,74504.8393,18626.209825,11034.7019,0,7200,1440,2456.0604,192,9870.72,1781,10465.547,20800,6213.55,3051.26,94437.3333333333,23609.3333333333,1970.15,0,0,1,0
184493482,2,1,3,74876.8826,24958.9608666667,4298.4776,0,12800,12238,328.13,1600,1127.965,2059,24999,9040,5031.46,1354.85,64666.6666666667,21555.5555555556,1952.83,0,0,1,0
86728094,2,1,5,14790.993,2958.1986,3001.556,0,3460,5218.395,192.4,0,118.642,150,1650,1000,0,0,27090,5418,129.9,0,0,1,0
114026849,2,1,1,18963.97,18963.97,1385.6,0,380,3138.8,1095,3619.08,1308.84,882.99,2219.84,0,233.82,4700,25000,25000,0,0,0,0,0
443263312,2,1,3,38181.2994,12727.0998,9054.3764,0,700,2270,584.55,10000,324.75,1000,5100,7960,0,1187.623,9000,3000,0,0,0,0,0
730975105,2,1,3,19517.86,6505.95333333333,2636.97,411.35,1290,7472.5,519.6,1366,69.28,1282,2500.01,0,801.05,1169.1,43750,14583.3333333333,801.05,0,0,1,0
488174200,2,1,1,39944.252,39944.252,2570.5045,0,0,11170,4650.335,0,2653.0125,2018,2270,8156,5956.4,500,34000,34000,3334.1,2300,1,1,0
920299082,2,2,1,40306.604,40306.604,5299.92,0,0,6385,0,3800,2560,1300,6797.5,0,5704,8460.184,61416.6666666667,61416.6666666667,3464,0,0,1,0
298602213,2,1,1,14247.7127,14247.7127,1666.8335,0,0,5050,5454.3167,481.7125,0,600,800,0,0,194.85,25500,25500,0,0,0,0,0
677134057,2,2,1,38027.215,38027.215,4115.665,0,5450,15250,400,0,2720,1350,6300,0,1125.8,1315.75,57500,57500,1125.8,3000,1,1,0
704893962,2,1,1,15339.1867,15339.1867,2663.816,0,0,5069.48,0,1881.32,902.805,991.532,3625.468,0,0,204.7657,23405.1666666667,23405.1666666667,0,0,0,0,0
699204007,2,2,3,125264.625694,41754.8752313333,15674.6,904.97,0,19956.69,7875.9,3333,9653.6025,3879.36,46938.82,4900,5256.62,6891.063194,170066.666666667,56688.8888888889,2173.66,640,1,1,0
498955203,2,2,2,51025.57,25512.785,129.9,3593.9,6720,7603.66,1584,10500,13792,2000,2350,0,1883.55,868.56,61250,30625,0,0,0,0,0
936312122,2,2,2,13840.7765,6920.38825,2201.805,337.74,0,8575.03,192,449.2375,72.744,235.08,1200,0,0,577.14,23636.5,11818.25,0,0,0,0,0
978175038,2,1,1,2955.3634,2955.3634,1002.0486,0,0,683.03,253.5648,0,796.72,180,40,0,0,0,7701.33333333333,7701.33333333333,0,0,0,0,0
925400258,2,1,3,61560.7798,20520.2599333333,9027.8768,1199.41,2800,15754.05,11586.455,11855.8,1531.088,2905.5,1671.06,0,900.64,2328.9,65900,21966.6666666667,324.75,0,0,1,0
247853311,2,1,6,49019.2838,8169.88063333333,17621.1948,1311.99,1600,10990,1735.739,0,2043.76,3350,3344.9,2808,3853.7,360,48666.6666666667,8111.11111111111,1407.25,0,0,1,0
88873715,2,2,2,51191.7986,25595.8993,3513.5352,2979.04,9570,10032.54,2820.8177,4112.6912,3941.3995,1979,2258.24,0,7536.9,2447.635,51825.3333333333,25912.6666666667,4628.77,480,1,1,0
500387219,2,2,1,21252.79,21252.79,3048.32,0,1530,2516.75,0,5932.1,2165,1232.29,1285,0,2554.7,988.63,25000,25000,0,0,0,0,0
825677011,2,2,4,63371.4249,15842.856225,8813.715,0,5000,12957,2718.41,5164.9539,3043.99,1993,13541.24,4018,2771.2,3349.916,50533.3333333333,12633.3333333333,2771.2,0,0,1,0
437222073,2,2,2,31582.4241,15791.21205,6088.7594,0,1150,962.36,1064.0109,12272.79,83.136,3310.19,5440,0,0,1211.1778,16433.3333333333,8216.66666666667,0,0,0,0,0
168982454,2,2,1,27914.375,27914.375,2498.41,3031,0,3000.08,2942,3800,185,661.235,8600,850,2186.65,160,30000,30000,1710.35,0,0,1,0
211638377,2,1,5,6100.53,1220.106,3788.75,428.67,0,520,0,0,723.11,600,40,0,0,0,4000,800,0,0,0,0,1
566210207,2,1,2,78405.495,39202.7475,5776.22,2511.4,4108,14455.365,5356,224,7642.25,3332.4,16402.5,1600,16280.8,716.56,72093.6666666667,36046.8333333333,12773.5,1039.2,1,1,0
594746081,2,1,1,19092.791,19092.791,2035.1,0,100,13447,208,400,228.191,1100,492,0,1082.5,0,31276.8333333333,31276.8333333333,1082.5,0,0,1,0
113437117,2,2,2,28367.8696,14183.9348,5728.59,0,1600,1387,0,3650.19,6305.56,1606,1910,0,5421.16,759.3696,21166.6666666667,10583.3333333333,5421.16,0,0,1,0
237701993,2,1,2,7210.5734,3605.2867,4349.8314,0,0,1319.79,192,0,240,431.74,0,0,625.252,51.96,58042.5,29021.25,329.08,0,0,1,1
560886850,2,3,5,87158.0363000001,17431.60726,14726.8496,0,0,5585,7120,2860,12471.3,4200,12030,7210.4,7729.05,13225.4367,107000,21400,3204.2,0,0,1,0
270057031,2,1,5,6375.79,1275.158,3671.84,0,250,320,176,0,497.95,0,0,1460,0,0,15716.3366666667,3143.26733333333,0,0,0,0,1
17292440,2,1,1,24465.6855,24465.6855,5507.76,2701.92,2200,8980,616.4,216.5,2452.2955,1400,144,0,181.86,64.95,18900,18900,0,0,0,0,0
823130222,2,2,2,122507.2926,61253.6463,3939.9103,329.08,1765,11712.645,89.631,400,82772.5719,1250,966.24,0,5581.37,13700.8444,74400,37200,5581.37,0,0,1,0
891665948,2,2,2,53198.4384,26599.2192,6940.0374,0,480,5167.825,1285.0875,18864.4885,15965,2118.1,1511.9,0,866,0,52432.5,26216.25,866,0,0,1,0
368940777,2,2,3,67825.67,22608.5566666667,3671.84,0,5300,5382.3,2932,10635.1,2390.16,6090,21373.05,1000,6365.1,2686.12,37112.1666666667,12370.7222222222,4200.1,80,1,1,0
994227919,2,1,3,42617.9173,14205.9724333333,11153.2573,805.38,400,3549.79,583.68,4000,645.17,1634.5,4649,6972,8045.14,180,33933.3333333333,11311.1111111111,7274.4,0,0,1,0
499761520,2,1,3,23136.158,7712.05266666667,6335.656,0,1300,3398.5,40,0,1707.752,3124,3390.4,480,2186.65,1173.2,34436,11478.6666666667,1688.7,0,0,1,0
91786143,2,2,2,40969.103,20484.5515,5139.71,1169.1,7725,8525.975,1036.8,192,2621.9,503,1480.95,0,4005.25,8569.418,61387.5,30693.75,2740.89,192,1,1,0
539423333,2,2,4,14179.815,3544.95375,5068.265,0,1700,1072,288,450,2956.35,880,300,0,389.7,1075.5,43133.3333333333,10783.3333333333,0,0,0,0,0
289185068,2,2,4,46195.1805,11548.795125,2242.2905,554.24,10100,1466,3712,5031.97,8313.6,1680,2492,8330.04,2013.45,259.59,61366.6666666667,15341.6666666667,1147.45,0,0,1,0
231539339,2,1,1,17039.202,17039.202,2018.646,0,0,3497,0,2056.1871,558.15,1217,2088,0,3853.7,1750.5189,29183.3333333333,29183.3333333333,2576.35,0,0,1,0
877748091,2,3,2,62484.4404,31242.2202,10006.8032,264.13,1400,15269.74,5880.1348,3769.9,11003.41,1825,8307.6,0,1696.1,3061.6224,105233.333333333,52616.6666666667,0,0,0,0,0
94468471,2,1,4,23666.145,5916.53625,1909.53,0,720,14971.125,1769.68,1632.41,0,2146.4,0,0,0,517,10538.3333333333,2634.58333333333,0,0,0,0,0
252321467,2,1,3,31509.536,10503.1786666667,4607.12,1342.3,800,3858,1392,3000,1144.15,2222,7493.15,3660,1277.35,713.466,47843.3333333333,15947.7777777778,1710.35,0,0,1,0
604781575,2,1,1,15582.8466,15582.8466,1379.1916,703.625,0,2975,2207.84,4500,69.28,600,909.3,0,1424.57,814.04,19500,19500,1641.07,0,0,1,0
814433502,2,1,2,22768.1944,11384.0972,1663.4994,0,2915,6934.07,374.2,1480,1080.335,1383.79,681.5,0,5455.8,800,70246,35123,0,0,0,0,0
115189128,2,1,6,40008.2769,6668.04615,9985.9326,0,1800,3372.69,128,6200,1597.77,4070,8718.35,0,2489.75,1645.7843,31666.6666666667,5277.77777777778,2489.75,0,0,1,0
790011979,2,2,4,35206.6719,8801.667975,9666.4219,866,0,3870,20,0,16853.27,1447.5,1352.5,0,216.5,914.48,46091.6666666667,11522.9166666667,216.5,0,0,1,0
380697459,2,2,3,67394.582,22464.8606666667,5572.3203,0,5440,18230.5,3319.4317,7140.12,6061.69,1436.35,4493.65,7180,7524,996.52,57764.1666666667,19254.7222222222,1277.35,0,0,1,0
393324746,2,2,4,33504.1944,8376.0486,12379.47,0,700,12708,0,2000,125.0504,2065,2107.8,0,0,1418.874,39533.3333333333,9883.33333333333,0,0,0,0,0
344248900,2,1,2,32152.2222,16076.1111,5108.0144,0,2200,11246.27,720,886.6,3056.98,1260,1559,0,4910.22,1205.1378,53826.8333333333,26913.4166666667,2485.42,0,0,1,0
452326173,2,2,2,25192.138,12596.069,1959.758,303.1,0,6530,2400,10000,599.28,1600,0,0,0,1800,31283.3333333333,15641.6666666667,0,0,0,0,0
407949767,2,1,1,11607.93,11607.93,3325.44,0,1030,2898.29,269.33,360.6,446.08,1357.14,1120,0,736.1,64.95,10650,10650,736.1,0,0,1,0
439486861,2,1,4,17176.2197,4294.054925,1927.2397,0,550,9000,1041,0,829.99,1500,891.98,0,1286.01,150,42350,10587.5,649.5,0,0,1,0
746484388,2,1,2,50568.1,25284.05,3814.73,389.7,3860,14140,32,5320,1293.3,600,1706.5,0,18680.1,731.77,33000,16500,7014.6,0,0,1,0
268734832,2,1,4,37194.2392,9298.5598,4527.3181,1818.6,0,17747,287.6,128,1043.53,3845,1434,0,5239.3,1123.8911,44333.3333333333,11083.3333333333,5022.8,0,0,1,0
298967743,2,2,2,47171.7887,23585.89435,7365.763,296.605,380,7505.545,5066.6,3983.6,6287.27,1913.67,6218.6,0,6499.33,1654.8057,90516.6666666667,45258.3333333333,4213.09,2500,1,1,0
668774430,2,2,4,16150.0184,4037.5046,5967.0864,2719.24,600,1071.89,1010.162,480.63,1060.85,961.24,1758.75,0,0,520.17,32857.5,8214.375,0,0,0,0,0
158828613,2,2,2,50756.988,25378.494,14063.407,0,2000,11270,1806.825,0,13382.125,1525,675,0,2175.09,3859.541,45945.3333333333,22972.6666666667,0,0,0,0,0
692727714,2,3,2,152777.718,76388.859,17664.235,0,4800,1926,9705.71,15550,57565.445,3512.5,4146.5,0,25026.88,12880.448,317600,158800,10309.73,0,0,1,0
211569425,2,1,4,37073.35,9268.3375,4949.19,411.35,3800,8650,2560,1500,2946.86,2750,2772,0,5825.7,908.25,38000,9500,3680.5,0,0,1,0
668398027,2,1,2,36190.27,18095.135,4407.94,0,2600,11820,512,6580,3438.93,1405,1465,0,2605.4,1356,65200,32600,1645.4,0,0,1,0
996025075,2,1,1,13833.2394,13833.2394,1262.9744,0,0,443.14,0,700,1810.635,2570.31,5548,0,1498.18,0,20073.3333333333,20073.3333333333,1454.88,0,0,1,0
855649218,2,3,3,68035.351,22678.4503333333,16151.766,0,0,20380,876,1390.704,12058.58,4490,2234,3292,3515.96,3646.341,90960.95,30320.3166666667,0,368,1,0,0
978843498,2,1,2,14221.405,7110.7025,5382.19,0,0,0,1247.61,2316.55,84.435,173.2,1606.11,0,1948.5,1462.81,18033.3333333333,9016.66666666667,0,0,0,0,0
27436307,2,2,2,65745.8358,32872.9179,2152.7028,0,2000,7519.57,208,17534,20823.92,1940.605,2396.125,0,9087.5,2083.413,67672,33836,7057.9,208,1,1,0
816460250,2,1,1,51874.67,51874.67,2576.35,649.5,2750,12935,3044,3000,1493.85,1125,3384,0,930.95,19986.02,66000,66000,0,0,0,0,0
31548948,2,1,2,36430.9855,18215.49275,9457.8458,0,2700,3719.38,1859.367,4000,779.4,3363,1394,0,7421.62,1736.3727,39377.8333333333,19688.9166666667,7421.62,0,0,1,0
850192774,2,1,4,25971.876,6492.969,5493.038,3204.2,0,2176.5,1954.11,2208.3,1723.773,2556.7,2050.3,0,4373.3,231.655,49000,12250,736.1,0,0,1,0
770482365,2,1,1,14951.8517,14951.8517,2953.06,0,120,2421.6,75.96,6598.92,149.3417,880,48,0,904.97,800,10233.3333333333,10233.3333333333,649.5,0,0,1,0
823970824,2,2,1,34801.405,34801.405,3355.75,2359.85,400,3015.765,51,4465.9,7842.08,2067.06,6350,0,2771.2,2122.8,2033.33333333333,2033.33333333333,1428.9,0,0,1,0
451083961,2,2,2,24471.6515,12235.82575,5081.0385,0,100,3510.99,597.54,13020.5,320,750,480,0,0,611.583,14116.6666666667,7058.33333333333,0,0,0,0,0
537398698,2,1,2,53498.0716,26749.0358,11336.0266,0,1700,6685.895,1290.11,26200,4425.26,325.78,75,150,0,1310,70315.3333333333,35157.6666666667,0,0,0,0,0
427629070,2,2,6,33159.835,5526.63916666667,13457.64,0,5650,1726,370,0,5598.69,1360,580,1128,3204.2,85.305,15466.6666666667,2577.77777777778,1905.2,0,0,1,0
132352242,2,1,1,14952.2672,14952.2672,6618.2751,2771.2,0,2315.39,1329.2297,600,0,0,1265,0,0,53.1724,16383.3333333333,16383.3333333333,0,0,0,0,0
187862149,2,1,5,17375.47,3475.094,7399.97,0,2940,600,198.6,250,1143.12,470,1210,0,1645.4,1518.38,15000,3000,0,0,0,0,0
954293370,2,2,3,13272.09,4424.03,2221.29,0,350,230,150,866,3620,215,780,0,3269.15,1570.65,12833.3333333333,4277.77777777778,173.2,0,0,1,0
897261785,2,1,2,55659.085,27829.5425,4750.01,0,3160,3198,5791.55,966,8813.975,6400,11890,0,5429.95,5259.6,38666.6666666667,19333.3333333333,2229.95,0,0,1,0
415716635,2,1,3,36424.9725,12141.6575,14237.04,0,2000,10750,1274.85,0,1542.5625,1500,960,0,3247.5,913.02,47000,15666.6666666667,3247.5,0,0,1,0
456922363,2,2,2,43170.83,21585.415,3364.41,649.5,0,10450,2076.3,3500,7388.88,2100,9350,0,3009.35,1282.39,41300,20650,3658.85,0,0,1,0
961519009,2,1,1,7616.54,7616.54,311.76,112.58,0,1902,112,0,1723.34,225,0,0,2779.86,450,12418,12418,0,0,0,0,0
628406278,2,2,3,33232.8706,11077.6235333333,9447.2806,1385.6,3350,1720,558.57,0,5779.4,1090,1310,4000,2771.2,1820.82,26000,8666.66666666667,3593.9,0,0,1,0
419531066,2,1,1,21082.77,21082.77,1043.53,0,0,14456,0,2719.24,0,1664,1200,0,0,0,7966.66666666667,7966.66666666667,0,0,0,0,0
544837873,2,2,4,48615.15044,12153.78761,12318.85,194.85,2900,3235.11,353.9,0,2234.6185,4717.36,3492.78,5640,12011.34,1516.34194,104184,26046,8066.79,1000,1,1,0
