id,provincia,propauto,cantmiem,gastot,gastotpc,gc_01,gc_02,gc_03,gc_04,gc_05,gc_06,gc_07,gc_08,gc_09,gc_10,gc_11,gc_12,ingtoth,ingpch,tn_restaurant,tn_internet,cat_gastos_internet,cat_gastos_restaurant,cat_gc_01
952791593,34,1,3,12890.5503,4296.8501,6170.7263,519.6,1050,1220,315.224,0,2032,433,1050,0,0,100,14408.3333333333,4802.77777777778,0,0,0,0,0
918346932,34,2,6,19227.442,3204.57366666667,5797.87,389.7,2070,2460,958.12,30,4806.3,1070,1020,0,0,625.452,38000,6333.33333333333,0,0,0,0,0
471571379,34,1,2,10894.0517,5447.02585,4539.572,216.5,650,1335,314.8,541.6397,662.49,933,600,0,0,1101.05,8000,4000,0,0,0,0,0
839918721,34,1,2,5876.4448,2938.2224,3345.1848,0,0,987,0,0,584.55,216.5,150,0,433,160.21,28050,14025,0,0,0,0,1
114308695,34,2,2,15441.041,7720.5205,6043.381,0,0,1984.3,340.04,0,3742.5,1551.5,931.6,0,86.6,761.12,18755.05,9377.525,0,0,0,0,0
560929502,34,1,2,5812.8982,2906.4491,2931.3667,0,450,725,649.7598,38.537,0,200,400,0,346.4,71.8347,8600,4300,0,0,0,0,1
492508603,34,1,3,16989.195,5663.065,5518.585,0,1550,1760,1029.33,1290.34,1260.03,200,800,0,3442.35,138.56,21212.5,7070.83333333333,3615.55,0,0,1,0
51241053,34,2,4,17321.54,4330.385,1740.66,0,700,5908,0,200,666.4,1819.6,3100,0,3100.28,86.6,29283.3333333333,7320.83333333333,2424.8,0,0,1,0
400807328,34,2,2,52507.7869,26253.89345,16971.435,0,5795,3386.15,13360.8,1707.1079,4893.72,700,2271.6,0,1602.1,1819.874,21000,10500,0,0,0,0,0
257890297,34,1,4,9364.256,2341.064,3351.42,389.7,900,1246,64.95,0,680.22,903.1,718,0,779.4,331.466,31958.3333333333,7989.58333333333,0,0,0,0,0
721008389,34,2,3,35233.794,11744.598,5091.214,0,0,5430,8262.08,3550.6,6189,3050,500,0,2684.6,476.3,67666.6666666667,22555.5555555556,1299,0,0,1,0
434045857,34,1,1,15589.55,15589.55,6473.35,0,0,2370,2448,0,1482.5,280,2262.5,0,0,273.2,17713,17713,0,0,0,0,0
350143317,34,3,5,22675.523,4535.1046,5092.513,866,1330,3231.2,607.02,1649.73,5070.2,649.5,750,0,3113.27,316.09,68200,13640,2351.19,0,0,1,0
841475562,34,1,6,19660.69,3276.78166666667,2784.19,0,2590,4020,3206,878,866,2082.5,2760,224,0,250,17000,2833.33333333333,0,0,0,0,0
548977337,34,1,6,9131.85,1521.975,4602.79,0,0,1730,0,0,756.06,1187,520,300,0,36,34240,5706.66666666667,0,0,0,0,1
382648463,34,1,2,7344.68,3672.34,2017.78,0,700,728,833.8,0,216.5,616.5,490,0,1602.1,140,24900,12450,1169.1,0,0,1,0
89018874,34,1,5,11723.5272,2344.70544,5394.4872,194.85,600,1320,397.74,194.85,476.3,800,1250,0,0,1095.3,28333.3333333333,5666.66666666667,0,0,0,0,0
157407041,34,1,3,12666.5743,4222.19143333333,2550.7164,0,1150,5585,531.5205,50.0115,228,700,700,0,497.95,673.3759,12400,4133.33333333333,0,0,0,0,0
87826427,34,2,3,11617.486,3872.49533333333,4182.78,259.8,1300,2695,77.94,0,1264.36,900,600,0,0,337.606,53000,17666.6666666667,0,0,0,0,0
910847894,34,2,2,10842.17,5421.085,5191.67,714.45,450,1490,403.51,0,866,600,480,0,0,646.54,35000,17500,0,0,0,0,0
201140467,34,1,4,10614.33,2653.5825,4468.56,0,1200,1075,362.77,0,1732,883,613,0,0,280,11000,2750,0,0,0,0,0
904004362,34,2,3,15225.294,5075.098,1278.649,389.7,1100,750,1080.18,0,8739,0,500,0,0,1387.765,7200,2400,0,0,0,0,0
83979261,34,2,2,20638.424,10319.212,7524.674,0,1280,3030,2117.75,30,2165,1015,445,0,2208.3,822.7,48690,24345,2208.3,0,0,1,0
672421119,34,3,4,19441.63,4860.4075,4022.57,0,0,2277.99,0,229,8295.35,638,375,0,3117.6,486.12,56472,14118,0,0,0,0,0
61883588,34,1,4,7156.033,1789.00825,1212.833,0,1050,2500,0,1200,0,520,500,0,0,173.2,15783.3333333333,3945.83333333333,0,0,0,0,0
425953674,34,1,3,7149.5,2383.16666666667,2966.05,0,180,925.6,711.62,0,324.75,866,500,0,562.9,112.58,11425.5,3808.5,0,0,0,0,0
474339088,34,1,1,6953.08,6953.08,2494.08,0,1950,630,633,0,0,416.5,0,0,649.5,180,14000,14000,649.5,0,0,1,0
728073785,34,2,7,50317.1448,7188.16354285714,8149.06,0,190,7976,2454.34,30,26598,900,1476.3,0,1212.4,1331.0448,39666.6666666667,5666.66666666667,0,370.3788,1,0,0
400104424,34,1,2,11813.39,5906.695,4758.67,0,2050,2522,0,0,433,366.5,670,0,857.34,155.88,21300,10650,0,0,0,0,0
520355017,34,1,2,11116.39,5558.195,3680.5,268.46,2010,1130,725.72,809.71,1459,583,400,0,0,50,11400,5700,0,0,0,0,0
203841647,34,1,3,6811.18,2270.39333333333,4485.88,0,0,250,0,0,866,433,300,0,476.3,0,11000,3666.66666666667,0,0,0,0,1
384711155,34,1,3,5288.1,1762.7,2277.58,129.9,0,664.6,0,0,416.4,866,440,0,173.2,320.42,4800,1600,0,0,0,0,0
758515554,34,2,3,15575.89,5191.96333333333,4057.21,303.1,2700,1787.8,160,0,2972.76,933,1896.72,0,0,765.3,12166.6666666667,4055.55555555556,0,0,0,0,0
522573758,34,1,2,6256.487,3128.2435,1883.117,0,380,1052.2,482.362,0,415.68,663,600,0,0,780.128,16416.6666666667,8208.33333333333,0,0,0,0,0
161749984,34,1,5,13302.135,2660.427,5455.8,0,2450,1495,818.05,0,1299,975,375,0,0,434.285,20000,4000,0,0,0,0,0
162944124,34,1,2,7180.84,3590.42,4516.19,238.15,0,495,0,0,866,715.5,350,0,0,0,12000,6000,0,0,0,0,1
558343434,34,2,3,9446.699,3148.89966666667,5455.367,346.4,0,607.16,476.91,100,649.5,848.21,598,0,0,365.152,14613.43,4871.14333333333,0,0,0,0,1
704979108,34,1,4,6987.45,1746.8625,3407.71,0,120,940,210.26,0,740.8,649.5,715.26,0,0,203.92,2400,600,0,0,0,0,0
360880288,34,1,5,16032.735,3206.547,9231.56,173.2,1085,1400,560.11,0,337,1868.2,600,0,0,777.665,12847.653333333301,2569.53066666667,0,0,0,0,1
395270777,34,1,1,8411.941,8411.941,4047.251,194.85,0,1160,886.41,0,536.92,350,600,0,303.1,333.41,9766.66666666667,9766.66666666667,0,0,0,0,0
976543410,34,1,2,9788.31583000001,4894.157915,2532.31823,0,300,4830,155.7144,200,0,700,600,0,0,470.2832,16750,8375,0,0,0,0,0
869444598,34,1,3,9592.38586206896,3197.46195402299,4750.01,0,0,2250,0,0,892.875862068965,933,450,0,216.5,100,14000,4666.66666666667,0,0,0,0,0
791727008,34,2,5,35669.39,7133.878,12522.36,0,2700,3040,460,30,10216,1920,1400,0,1346.63,2034.4,67900,13580,0,0,0,0,0
349934186,34,1,4,11222.97,2805.7425,4472.89,762.08,1750,928,574.85,30,692.8,733,618,0,411.35,250,22900,5725,0,0,0,0,0
926760050,34,1,1,5089.82,5089.82,2546.04,0,170,1316,314.54,32,0,0,590,0,0,121.24,8666.66666666667,8666.66666666667,0,0,0,0,1
43060835,34,1,2,15523.61,7761.805,6417.06,1645.4,2700,864.6,43.3,2789.33,0,590,370,0,0,103.92,25000,12500,0,0,0,0,0
122935281,34,1,3,8300.7886,2766.92953333333,4085.0086,0,0,1430,0,0,285.78,1300,1200,0,0,0,24500,8166.66666666667,0,0,0,0,0
504183165,34,3,3,16862.152,5620.71733333333,4373.3,0,2400,2894.4,484.44,60,3656,1466,650,0,0,878.012,46000,15333.3333333333,0,0,0,0,0
633334813,34,1,2,14568.86,7284.43,6707.17,389.7,1350,2028,441.66,30,433,200,600,0,1818.6,570.73,38000,19000,1818.6,0,0,1,0
254837611,34,1,1,3034.397,3034.397,1519.397,0,0,732,0,0,0,433,350,0,0,0,4800,4800,0,0,0,0,1
554832863,34,1,8,21177.33,2647.16625,8880.83,259.8,3150,1859.6,921.6,0,200,1249.5,4400,56,0,200,12800,1600,0,0,0,0,0
647455504,34,3,2,12989.53,6494.765,5265.28,207.84,0,4800,142.89,0,880,670,400,0,497.95,125.57,36930.1666666667,18465.0833333333,497.95,0,0,1,0
402028727,34,1,4,17383.655,4345.91375,6230.87,0,2250,1510,446.54,0,4292,1298,950,0,0,406.245,27000,6750,0,0,0,0,0
236350415,34,1,3,8850.439,2950.14633333333,4664.709,1039.2,0,1336,147.22,0,0,550,650,0,0,463.31,15866.6666666667,5288.88888888889,0,0,0,0,1
76488583,34,2,6,43062.37,7177.06166666666,9508.68,6027.36,2290,1101,1199.26,11255.7,2901.1,200,703,0,7101.2,775.07,41100,6850,12903.4,0,0,1,0
115137655,34,1,6,6695.23,1115.87166666667,2979.04,368.05,0,715,238.15,0,0,1299,801.55,0,0,294.44,11800,1966.66666666667,0,0,0,0,0
426950464,34,1,3,20587.461,6862.487,10611.531,0,0,1488,100,600,220.83,1625,2175,0,3767.1,0,9358.33333333333,3119.44444444444,0,0,0,0,1
315720177,34,2,4,16819.85,4204.9625,476.3,0,0,5300,2258,0,4450,2300,600,1128,0,307.55,34515.66,8628.915,0,0,0,0,0
842645422,34,1,1,8691.72,8691.72,3438.02,389.7,800,1046,723.74,0,0,250,650,0,1255.7,138.56,6000,6000,1255.7,0,0,1,0
872847856,34,2,1,7511.94,7511.94,2511.4,692.8,345,683,144,0,1732,833,0,0,0,570.74,6600,6600,0,0,0,0,0
315477386,34,2,3,19175.5092,6391.8364,9571.2052,0,619,2930,200,0,2165,1893,1536,0,0,261.304,25250,8416.66666666667,0,0,0,0,0
292120275,34,1,2,8108.23,4054.115,6079.32,0,0,0,0,736.1,463.31,0,0,180,649.5,0,8400,4200,649.5,0,0,1,1
979078449,34,1,5,12721.0791,2544.21582,2781.5487,0,1050,1135,181.86,0,591.1,3750,1050,0,952.6,1228.9704,53604.1666666667,10720.8333333333,0,0,0,0,0
770473409,34,2,6,15561.9426689655,2593.65711149425,4248.3362,0,650,3040,365.7984,0,3013.23206896552,2814.5,1082,0,0,348.076,14990.8333333333,2498.47222222222,0,0,0,0,0
832389027,34,1,3,11627.034,3875.678,3537.61,584.55,600,2636,700,575.47,743.9,1216,619,0,0,414.504,36250,12083.3333333333,0,0,0,0,0
838615199,34,2,2,19174.8584,9587.4292,5672.3,0,1920,2468,0,0,5340,1300,250,0,2165,59.5584,42000,21000,2165,0,0,1,0
794988486,34,2,4,30367.31,7591.8275,4511.86,0,4090,5413,6699.22,211.96,3247.5,910,655,0,4459.9,168.87,71050,17762.5,4459.9,0,0,1,0
753756732,34,1,2,14947.86,7473.93,6456.03,1104.15,300,1017.78,4301.2,0,616.5,100,519.2,0,433,100,20166.6666666667,10083.3333333333,433,0,0,1,0
458945862,34,2,2,10144.7245,5072.36225,4071.7155,303.1,150,2070,682.48,0,649.5,200,720,0,736.1,561.829,17875,8937.5,0,0,0,0,0
5842001,34,2,3,29842.091,9947.36366666667,1961.49,1107.181,0,613,136,840,21416.96,1800,833,0,1082.5,51.96,31500,10500,736.1,0,0,1,0
597041546,34,1,4,11182.37,2795.5925,4282.37,173.2,1400,1300,252,0,1991.8,833,500,0,0,450,24400,6100,0,0,0,0,0
259265857,34,2,2,27744.32,13872.16,12470.4,433,0,1610,324.75,1645.4,2165,2188,4856.52,0,1602.1,449.15,89616.6666666667,44808.3333333333,2165,1299,1,1,0
290365691,34,2,6,7335.777,1222.6295,991.137,0,1000,1138,824,750,866,400,500,0,649.5,217.14,51833.3333333333,8638.88888888889,649.5,0,0,1,0
184835443,34,1,8,14470.52,1808.815,4273.71,259.8,0,1352.8,458.98,1026.21,4581.14,250,380,0,1732,155.88,14033.3333333333,1754.16666666667,0,0,0,0,0
212650940,34,1,3,14178.8,4726.26666666667,5421.16,0,2550,2170,677.12,0,994,833,570,0,0,963.52,40000,13333.3333333333,0,0,0,0,0
156202867,34,3,5,43918.3837,8783.67674,7344.4594,0,0,2888,4528.67,0,12990,2750,2600,8400,0,2417.2543,76833.3333333333,15366.6666666667,0,0,0,0,0
987582041,34,2,4,17366.355,4341.58875,4451.24,653.83,1380,1730,653.97,0,4763,500,650,0,2078.4,505.915,25832.5,6458.125,2078.4,0,0,1,0
363858154,34,2,4,11826.758,2956.6895,3840.71,155.88,1300,1900,77.94,152,1732,1603,690,0,0,375.228,39145.64,9786.41,0,0,0,0,0
16477490,34,1,1,16398.705,16398.705,4962.18,1043.53,1180,4790,706.53,0,1948.5,327.2,690,0,0,750.765,12566.6666666667,12566.6666666667,0,0,0,0,0
159241917,34,1,1,14452.1881,14452.1881,8219.3359,0,0,3601,819.977,662.49,190.52,200,605,0,0,153.8652,4616.66666666667,4616.66666666667,0,0,0,0,1
351155745,34,2,2,31259.3803,15629.69015,8581.6703,0,9350,4480,1450.55,0,259.8,706.5,901.45,0,5529.41,0,33668.5533333333,16834.2766666667,2424.8,0,0,1,0
928908343,34,1,4,7180.237,1795.05925,3632.87,0,0,1535,0,194.85,216.5,1000,320,0,0,281.017,10061.5,2515.375,0,0,0,0,1
582212030,34,1,5,15640.87,3128.174,4702.38,259.8,1900,1822.8,378.72,2173.66,433,652.2,690,0,2121.7,506.61,39225,7845,0,0,0,0,0
411972757,34,2,5,30254.052,6050.8104,7170.48,1143.12,5590,3060,1350.61,60,6495,2570,500,0,1667.05,647.792,58600,11720,0,0,0,0,0
601564267,34,2,7,9916.07,1416.58142857143,3546.27,0,260,2794,482.09,0,1299,341.5,600,0,0,593.21,9361.66666666667,1337.38095238095,0,0,0,0,0
224695269,34,1,2,13993.44,6996.72,3762.77,389.7,1150,4546,997.7,411.35,216.5,250,650,0,1212.4,407.02,14000,7000,1212.4,0,0,1,0
879451592,34,1,1,7357.3206,7357.3206,1514.7206,0,2650,1382.6,0,0,0,1000,740,0,0,70,13250,13250,0,0,0,0,0
618732958,34,2,3,30598.2675,10199.4225,12101.2675,0,0,6705.4,1600,2000,3592,850,2340,0,1082.5,327.1,31000,10333.3333333333,1082.5,0,0,1,0
391397889,34,2,5,19346.14,3869.228,5001.15,0,3100,2380,346.4,0,2165,2119.5,1280,0,2208.3,745.79,53000,10600,2208.3,0,0,1,0
658754371,34,2,4,8348.906,2087.2265,1546.4162,151.55,0,2045,514.7671,0,0,1863,1102.416,0,1043.53,82.2267,16416.6666666667,4104.16666666667,1043.53,0,0,1,0
640071510,34,1,2,21521.96,10760.98,5096.41,0,3400,5480,987.86,30,1538.05,990,450,0,1905.2,1644.44,22740,11370,1905.2,0,0,1,0
314934398,34,2,4,12306.58,3076.645,3853.7,433,450,842,281.45,0,1876,3332,680,0,0,558.43,17900,4475,0,0,0,0,0
343948844,34,2,3,12618.8258,4206.27526666667,3482.4891,0,1000,2353,162.2267,1324.75,433,1499.5,1316,0,108.25,939.61,25000,8333.33333333333,0,649.5,1,0,0
264500442,34,1,3,7322.467,2440.82233333333,2720.7988,179.8682,150,1600,0,0,692.8,0,680,0,1299,0,29166.6666666667,9722.22222222222,519.6,0,0,1,0
815629494,34,1,5,7968.3057,1593.66114,2882.914,0,0,1553,259.8,0,1104.15,1932.5,0,0,0,235.9417,11000,2200,0,0,0,0,0
630697659,34,1,2,11554.98,5777.49,904.97,0,2800,1630,0,3551.96,0,2300,216.5,0,0,151.55,63961.6666666667,31980.8333333333,0,0,0,0,0
859153182,34,1,2,11418.903,5709.4515,2264.59,1039.2,0,436.12,0,0,4509.695,0,1143.12,0,1905.2,120.978,8333.33333333333,4166.66666666667,0,0,0,0,0
381162188,34,2,2,15694.836,7847.418,5048.78,303.1,1830,580.39,1685.6,259.8,1991,736.5,469.8,0,1407.25,1382.616,37828.6666666667,18914.3333333333,368.05,0,0,1,0
117265430,34,2,4,27982.81,6995.70249999999,11929.15,0,0,1960,1412.3,1789.01,3395.9,1150,1740,2000,1169.1,1437.35,26500,6625,1169.1,0,0,1,0
154413143,34,1,3,7437.1497,2479.0499,3516.3497,0,100,1180,212.58,0,0,700,715,0,0,1013.22,17500,5833.33333333333,0,0,0,0,0
525674229,34,1,3,7084.4422,2361.48073333333,2396.3952,1450.55,0,1095,0,0,0,866,320,0,692.8,263.697,9150,3050,541.25,0,0,1,0
73974710,34,1,1,7463.21,7463.21,2914.09,0,1000,460,629.68,1160.44,0,0,0,0,866,433,6900,6900,1212.4,0,0,1,0
7885319,34,2,5,31516.045,6303.209,14005.385,1645.4,2500,2860,665.68,0,3269.15,2366,0,0,3758.44,445.99,68058,13611.6,3368.74,0,0,1,0
875118423,34,1,9,11728.47,1303.16333333333,4494.54,1039.2,1410,1316,0,792.39,857.34,366.5,803,0,649.5,0,16766.6666666667,1862.96296296296,0,0,0,0,0
271284688,34,2,1,18259.48,18259.48,8677.32,714.45,2000,1720,901.78,30,1732,450,490,0,1342.3,201.63,17000,17000,1342.3,0,0,1,0
28550887,34,2,3,26795.7371,8931.91236666667,5844.7639,0,5819,1110.2228,1694.89,2409.8174,4624.44,1458.95,556,850,1086.83,1340.823,17915,5971.66666666667,952.6,0,0,1,0
377336614,34,1,7,11361.109,1623.01557142857,4720.999,259.8,0,4101,168.87,0,216.5,303.1,950,0,0,640.84,23550,3364.28571428571,0,0,0,0,0
336394665,34,1,1,7974.24,7974.24,3533.28,0,180,1016,683.69,0,73.61,1366,600,0,0,521.66,5000,5000,0,0,0,0,0
497602982,34,1,2,8609.71,4304.855,1632.41,0,310,1315,65,0,476.3,800,980,0,3031,0,19435.22,9717.61,0,0,0,0,0
817334907,34,2,4,13604.57,3401.1425,5516.42,0,1150,1870,370,0,2107,1416.5,510,0,346.4,318.25,11833.3333333333,2958.33333333333,0,0,0,0,0
161194368,34,1,4,18818.87,4704.7175,5477.45,0,500,2619.42,56,1478,727.44,2105.76,680,1200,2424.8,1550,19000,4750,1299,0,0,1,0
448423070,34,1,11,12192.5805,1108.41640909091,3162.0258,259.8,650,437,339.841,0,1640.14,5196,400,0,0,107.7737,18600,1690.90909090909,0,0,0,0,0
998397619,34,2,5,34581.625,6916.325,7713.895,0,400,2363.38,11805.04,0,4836.61,1270,4700,200,822.7,470,30000,6000,1363.95,0,0,1,0
381712950,34,1,3,20033.9728,6677.99093333334,6647.5459,1299,310,6976,696.9135,909.3,736.1,1317.8,855.62,0,0,285.6934,35333.3333333333,11777.7777777778,0,0,0,0,0
436004588,34,1,1,9128.917,9128.917,3138.817,259.8,920,916,228.25,0,519.6,1320,705.9,0,303.1,817.45,7583.33333333333,7583.33333333333,0,0,0,0,0
660997079,34,2,2,18383.65,9191.825,5347.55,207.84,2315,2454,1049.55,874.66,2598,966,904,0,1082.5,584.55,32670,16335,0,0,0,0,0
227134066,34,1,1,2577.493,2577.493,783.297,0,0,490,474.568,0,0,649.5,0,0,0,180.128,4800,4800,0,0,0,0,0
338911896,34,1,3,7861.31637931034,2620.43879310345,3747.615,0,0,744,0,0,1861.60137931034,1103,0,50,0,355.1,5000,1666.66666666667,0,0,0,0,0
795432393,34,1,3,6264.998,2088.33266666667,2717.508,0,0,2597.17,0,0,433,0,517.32,0,0,0,19229.1666666667,6409.72222222222,0,0,0,0,0
839936924,34,1,2,30778.91,15389.455,9274.86,389.7,6550,4550,6056.55,0,0,2532,300,0,1125.8,0,6226.86,3113.43,1125.8,0,0,1,0
636213398,34,1,1,8400.3867,8400.3867,6174.5367,507.909,420,515,172.334,0,0,533.1,0,0,0,77.507,7000,7000,0,0,0,0,1
570727487,34,1,1,14739.5871,14739.5871,6260.2707,0,1500,3806,213.5874,1122.8406,0,350,605,0,476.3,405.5884,7416.66666666667,7416.66666666667,0,0,0,0,0
870717440,34,2,2,7735.0052,3867.5026,3173.6302,0,700,1730,435.82,0,56,523.1,928.1,0,0,188.355,13250,6625,0,0,0,0,0
187335294,34,2,4,7866.4492,1966.6123,3058.0192,151.55,400,650,342.15,48,0,1916.3,560,0,476.3,264.13,21416.6666666667,5354.16666666667,476.3,0,0,1,0
75170024,34,1,15,29062.5045,1937.5003,19414.6375,488.857,300,2555,1278.649,0,1398.59,1740.1,0,0,1039.2,847.471,42800,2853.33333333333,0,0,0,0,1
944692150,34,1,4,12545.01,3136.2525,5338.89,458.98,1200,755,1212.4,500,1428.9,590,420,0,0,640.84,17416.6666666667,4354.16666666667,0,0,0,0,0
334086069,34,2,5,11605.8,2321.16,4646.09,0,2430,1443,0,250,1231.2,646.4,680,0,0,279.11,16914,3382.8,0,0,0,0,0
630739915,34,1,8,15519.62,1939.9525,4975.17,0,3425,1140,3776.4,0,0,1229.5,720,12,0,241.55,9500,1187.5,0,0,0,0,0
70076424,34,1,2,4398.175,2199.0875,1677.875,259.8,0,878,0,1082.5,0,150,350,0,0,0,9600,4800,0,0,0,0,0
671400507,34,1,5,11285.068,2257.0136,4435.652,0,450,2130,100,0,866,1250,884.312,0,0,1169.104,19750,3950,0,0,0,0,0
768142495,34,1,4,10158.7764,2539.6941,4475.4447,97.3817,0,790,558.57,0,883.32,1633,500,0,281.45,939.61,15333.3333333333,3833.33333333333,0,0,0,0,0
453709526,34,2,3,14028.107,4676.03566666667,4048.55,0,1630,1982.4,472.62,30,1732,833,480,0,2424.8,394.737,21800,7266.66666666667,0,0,0,0,0
257777453,34,1,5,21223.164,4244.6328,8278.094,909.3,1880,3660,1161.67,80,649.5,3263,856,0,0,485.6,38500,7700,0,0,0,0,0
275119386,34,1,3,11631.0995,3877.03316666667,4811.7125,0,2630,435,302.995,0,190.52,0,80,0,757.75,2423.122,10226.13,3408.71,562.9,0,0,1,0
354700469,34,1,2,3387.3005,1693.65025,2056.1005,0,0,575,0,0,0,0,150,0,606.2,0,17333.3333333333,8666.66666666667,0,0,0,0,1
180629952,34,3,3,17513.914,5837.97133333333,6828.3667,0,2600,1516,563.515,389.267,2442.12,600,600,0,259.8,1714.8453,21833.3333333333,7277.77777777778,0,0,0,0,0
636623986,34,2,1,10173.4529,10173.4529,3070.5329,303.1,1880,1595,285.49,0,856,1040,540,0,0,603.33,16416.6666666667,16416.6666666667,0,0,0,0,0
938668062,34,1,3,15611.61,5203.87,3974.94,0,1800,2335,1482.25,0,389.7,1800,2247.22,400,995.9,186.6,19000,6333.33333333333,0,0,0,0,0
911327258,34,1,2,7069.95,3534.975,3095.95,0,70,2308,0,0,649.5,416.5,350,0,0,180,6000,3000,0,0,0,0,0
962799766,34,1,9,15108.3355172414,1678.70394636015,4412.27,623.52,2180,2320,299.88,0,1964.62551724138,1999,480,0,0,829.04,27416.6666666667,3046.2962962963,0,0,0,0,0
868296203,34,1,1,5737.07,5737.07,2909.76,0,500,1100,195.26,0,64,216.5,600,0,0,151.55,7583.33333333333,7583.33333333333,0,0,0,0,1
440426726,34,1,2,17160.05,8580.025,5546.73,0,2500,1982,1368.63,0,2199.64,983,480,0,1645.4,454.65,11000,5500,1645.4,0,0,1,0
530527899,34,2,2,19311.181,9655.5905,5590.03,1125.8,2000,1260,1102.65,70,6278.5,600,900,0,0,384.201,28500,14250,0,0,0,0,0
356952017,34,1,3,23750.2649,7916.75496666666,6052.1709,627.85,5540,4404.08,1004.824,1287.35,601,746.4,1554,100,411.35,1421.24,48000,16000,0,0,0,0,0
328111035,34,1,1,5287.86,5287.86,2433.46,0,0,1072.4,0,0,866,216.5,0,0,649.5,50,6000,6000,0,0,0,0,0
189257835,34,1,6,13415.14,2235.85666666667,6395.41,606.2,0,3030,2276.95,0,433,316.5,173.2,28,0,155.88,11000,1833.33333333333,0,0,0,0,0
977029652,34,1,2,11057.68,5528.84,3940.3,779.4,850,1120,56.29,497.64,433,633,648,0,2069.74,30.31,36000,18000,2242.94,0,0,1,0
681196667,34,1,2,5219.1987,2609.59935,3257.026,303.9227,0,1300,108.25,0,0,250,0,0,0,0,8500,4250,0,0,0,0,1
308169365,34,1,2,7014.2528,3507.1264,4006.0294,0,175,685,285.6934,68.8,506.61,380,738.25,0,0,168.87,12000,6000,0,0,0,0,1
575859741,34,2,3,14576.027,4858.67566666667,3376.967,0,760,4880,174.26,0,1303.5,993,1480,16,1342.3,250,10000,3333.33333333333,1017.55,0,0,1,0
158513507,34,1,5,10138.3334,2027.66668,2468.1,151.55,930,1046,851.26,0,1648.8,2066,714.312,0,0,262.3114,22750,4550,0,0,0,0,0
956714882,34,2,2,7820.5154,3910.2577,4234.2204,0,0,1648,245.26,0,256,216.5,400,0,0,820.535,17333.3333333333,8666.66666666667,0,0,0,0,1
477295953,34,3,2,23237.0138,11618.5069,5420.5538,606.2,0,1898.8,736.1,0,8321,1100,2300,0,0,2854.36,42000,21000,0,0,0,0,0
990522548,34,1,6,6477.432,1079.572,3256.16,86.6,0,690,0,0,1511.17,433,314.312,0,0,186.19,9000,1500,0,0,0,0,1
816153445,34,1,1,4683.14,4683.14,1983.14,0,920,850,0,0,0,250,680,0,0,0,13166.6666666667,13166.6666666667,0,0,0,0,0
87756942,34,1,4,12557.02,3139.255,3897,0,860,1510,938.77,0,822.7,700,680,0,2771.2,377.35,13250,3312.5,1342.3,0,0,1,0
239384662,34,1,4,3664.5042,916.12605,1279.9047,0,0,640,128.3845,0,649.5,0,423.3,0,543.415,0,8983.33333333333,2245.83333333333,0,0,0,0,0
377603765,34,2,8,20451.921,2556.490125,6880.37,389.7,2150,3420,764.65,30,4763,600,1070,0,0,384.201,31000,3875,0,0,0,0,0
477495493,34,1,1,5560.27,5560.27,255.47,0,0,4124.8,0,0,0,580,600,0,0,0,31500,31500,0,0,0,0,0
431580999,34,1,7,16143.4337142857,2306.20481632653,6113.96,121.24,1350,744,465.39,0,2435.68571428572,3655,480,0,0,778.158,20700,2957.14285714286,0,0,0,0,0
187866948,34,1,1,8798.1,8798.1,1783.96,303.1,0,767,177.53,2756.56,0,400,380,0,2143.35,86.6,7300,7300,0,0,0,0,0
367334842,34,1,4,25683.371,6420.84275,6625.5495,0,280,836.89,825.5825,1866,5213.22,540,375,0,2143.35,6977.779,38073.3333333333,9518.33333333333,519.6,21.274,1,1,0
802579512,34,1,5,4927.275,985.455,3704.315,0,0,305,0,0,433,0,0,0,0,484.96,11725,2345,0,0,0,0,1
165490242,34,1,6,10452.2207,1742.03678333333,4847.5216,0,0,1014.4,412.6804,0,1659.11,1303.1,700,0,216.5,298.9087,17000,2833.33333333333,0,0,0,0,0
47258567,34,1,5,14812.29,2962.458,10478.6,0,0,900,108.25,0,1515.5,216.5,0,0,0,1593.44,6000,1200,0,0,0,0,1
741645687,34,2,2,13212.72,6606.36,6347.78,0,1200,1223,290.11,0,1732,250,650,0,692.8,827.03,20095.64,10047.82,0,0,0,0,0
117862984,34,1,6,24829.25,4138.20833333333,9365.79,0,2680,2766.14,2259,1500,3464,1134.5,560,0,866,233.82,26700,4450,0,0,0,0,0
455379579,34,1,7,19391.02,2770.14571428571,8807.22,0,0,2160,3039,0,433,2466,730,130,1125.8,500,37100,5300,1125.8,0,0,1,0
373939495,34,1,2,7021.14,3510.57,3593.9,0,0,1200,0,0,554.24,833,600,0,0,240,9700,4850,0,0,0,0,1
136196324,34,2,2,10530.7341,5265.36705,1172.6939,0,0,2330,86.3402,3500,1802.5,0,600,0,1039.2,0,7583.33333333333,3791.66666666667,0,0,0,0,0
124599568,34,1,1,2794.85,2794.85,1255.7,281.45,0,435,0,0,0,649.5,0,0,0,173.2,7000,7000,0,0,0,0,0
388227952,34,1,7,12035.0335,1719.2905,5792.4575,368.05,50,1491.2,333.41,0,1125.8,1948.5,752.416,0,0,173.2,19325,2760.71428571429,0,0,0,0,0
28724163,34,1,1,7160.9367,7160.9367,3401.6047,0,0,1254,482.795,671.15,498,270,350,0,0,233.387,8666.66666666667,8666.66666666667,0,0,0,0,0
572275990,34,2,5,4626.569,925.3138,2516.163,0,0,409,158.478,70,0,230,370,0,692.8,180.128,28666.6666666667,5733.33333333333,0,0,0,0,1
758047421,34,1,4,3632.04,908.01,805.38,0,1050,1526.66,0,0,0,0,200,0,0,50,9833.33333333333,2458.33333333333,0,0,0,0,0
21416884,34,1,1,6277.12,6277.12,3520.29,194.85,0,770,575.89,0,0,300,600,0,0,316.09,7583.33333333333,7583.33333333333,0,0,0,0,1
314451476,34,1,4,5747.01,1436.7525,2818.83,762.08,650,380,0,100,519.6,0,300,0,0,216.5,10450,2612.5,0,0,0,0,0
465884877,34,1,3,3083.445,1027.815,1361.785,0,0,1521.66,0,0,0,0,200,0,0,0,8533.33333333333,2844.44444444444,0,0,0,0,0
106323751,34,1,4,8598.21,2149.5525,4754.34,0,0,850,263.51,0,692.8,1082.5,729.9,0,0,225.16,7866.66666666667,1966.66666666667,0,0,0,0,1
570613376,34,1,1,4969.575,4969.575,2543.875,1039.2,300,210,200,0,0,376.5,0,0,0,300,7000,7000,0,0,0,0,1
936900408,34,1,7,6968.885,995.555,3860.195,194.85,560,1521.66,0,0,0,519.6,312.58,0,0,0,16800,2400,0,0,0,0,1
987319019,34,1,1,9647.925,9647.925,2959.555,0,0,5240,355.06,0,234.56,414,0,0,0,444.75,9417.75,9417.75,0,0,0,0,0
622878816,34,1,3,7354.26,2451.42,2862.13,151.55,1150,550,228,0,412.85,866,350,0,584.55,199.18,16500,5500,454.65,0,0,1,0
992137738,34,2,3,18827.98796,6275.99598666667,5254.07396,281.45,2000,278,2954.03,0,4000.92,1590,950,350,0,1169.514,32833.3333333333,10944.4444444444,0,0,0,0,0
693086909,34,1,3,3177.9506,1059.31686666667,2429.13,0,0,230,0,0,518.8206,0,0,0,0,0,17569.82,5856.60666666667,0,0,0,0,1
626389454,34,1,2,8006.143,4003.0715,1030.973,519.6,0,1962,0,20,515.27,2616,0,0,1342.3,0,37500,18750,303.1,0,0,1,0
919597950,34,2,3,11044.7121,3681.5707,6072.392,0,0,3232,199.9,0,556.1019,516.5,300,0,0,167.8182,9900,3300,0,0,0,0,1
412934411,34,2,6,26088.99,4348.165,8586.39,1732,2200,2460,0,400,4330,1616,1513,1000,2251.6,0,14695.64,2449.27333333333,4459.9,0,0,1,0
385325010,34,1,4,9450.2948,2362.5737,4753.8204,294.44,0,1860,145.8777,0,277.12,1150,600,0,0,369.0367,35916.6666666667,8979.16666666667,0,0,0,0,1
470081254,34,1,5,18516.04,3703.208,7127.18,0,3100,3492.23,2524,0,489.63,733,500,100,0,450,23021.3333333333,4604.26666666667,0,0,0,0,0
906518396,34,2,3,13955.309,4651.76966666667,3654.52,0,540,4750,472.79,480,649.5,1950,923.26,0,0,535.239,38083.3333333333,12694.4444444444,0,0,0,0,0
589970354,34,2,2,22029.81,11014.905,7832.97,0,900,2400,186.19,700,4570,2066,770,0,866,1738.65,46400,23200,866,0,0,1,0
44908004,34,2,4,12998.53,3249.6325,2797.18,194.85,4000,1030,116.91,0,278,1892.8,900,0,649.5,1139.29,46166.6666666667,11541.6666666667,649.5,0,0,1,0
303717280,34,2,4,36498.5,9124.625,3420.7,649.5,0,7276,192,0,13995,4000,2700,1100,0,3165.3,35000,8750,0,0,0,0,0
240605053,34,1,6,12576.785,2096.13083333333,4546.5,0,2650,1605,210,0,1948.5,300,1262.5,0,0,54.285,22166.6666666667,3694.44444444444,0,0,0,0,0
917347051,34,1,2,6825.6012,3412.8006,2849.0967,0,970,635,307.6898,0,368.05,500,600,0,519.6,76.1647,9500,4750,0,0,0,0,0
956871101,34,1,2,7688.7053,3844.35265,1681.2957,0,300,1198.8688,1913.2208,0,147.22,200,640,616,736.1,256,6891,3445.5,0,0,0,0,0
764748417,34,2,4,36804.6678,9201.16695,13133.5828,0,800,2609.63,5447.94,0,5845.5,1909.68,3530,750,692.8,2085.535,29000,7250,0,0,0,0,0
124011729,34,1,2,11021.2264,5510.6132,4864.2354,303.1,910,1012,297.337,0,1073.84,200,650,0,1212.4,498.314,6525,3262.5,0,0,0,0,0
634372939,34,1,2,14582.61,7291.305,4676.4,0,2300,3740,829.87,30,433,833,450,0,714.45,575.89,28000,14000,714.45,0,0,1,0
910539273,34,2,1,5970.8455,5970.8455,1819.899,0,0,1520,125.7865,0,280,1150,850,0,0,225.16,8000,8000,0,0,0,0,0
773888896,34,1,3,11697.1084,3899.03613333333,4289.6444,324.75,600,1720,168.437,0,2227.47,680,1501.05,0,0,185.757,22083.3333333333,7361.11111111111,0,0,0,0,0
690907602,34,2,7,10372.419,1481.77414285714,3558.827,0,605,690,555.972,72,0,716.5,0,0,2294.9,1879.22,17561.9,2508.84285714286,952.6,0,0,1,0
13517716,34,2,5,10427.9785,2085.5957,3122.1032,0,270,2032,151.6799,75,1299,760,833,0,1732,153.1954,13166.6666666667,2633.33333333333,346.4,0,0,1,0
894935161,34,1,5,12770.9279,2554.18558,4250.4579,194.85,1950,1340,965.59,0,649.5,1353.8,650,0,0,1416.73,27416.6666666667,5483.33333333333,0,0,0,0,0
227554223,34,1,1,4462.19,4462.19,272.79,0,2085,100,800,0,433,646.4,0,0,0,125,9000,9000,0,0,0,0,0
463079525,34,2,5,22400.317,4480.0634,5997.05,0,6300,2270,2076.7,30,3383,433,0,0,1299,611.567,54066.6666666667,10813.3333333333,1299,0,0,1,0
875280200,34,1,4,7065.9561,1766.489025,3417.1061,584.55,550,500,48,0,0,216.5,1040,0,259.8,450,7350,1837.5,0,0,0,0,0
834044473,34,1,2,8717.989,4358.9945,3803.039,0,620,1419.3,742.7,0,485.7,609,930,0,0,108.25,11300,5650,0,0,0,0,0
58520923,34,1,7,8180.66426,1168.66632285714,5239.82393,0,150,685,837.932,0,0,620,350,0,0,297.90833,17648,2521.14285714286,0,0,0,0,1
213201677,34,1,7,10264.177,1466.311,5166.989,259.8,520,620,1428.9,297.94,342.06,600,450,0,0,578.488,29650,4235.71428571429,0,0,0,0,1
2579212,34,1,5,8757.984,1751.5968,3806.07,303.1,0,1500,326.81,0,46.4,1336.1,805,0,0,634.504,13616.6666666667,2723.33333333333,0,0,0,0,0
47744870,34,1,2,10788.98,5394.49,2927.08,0,4000,670,0,1632.1,129.9,856.3,0,0,389.7,183.9,13400,6700,389.7,0,0,1,0
526973195,34,1,7,23831.6108,3404.51582857143,20579.4508,0,0,1497.95,1486.9725,0,0,164.4,0,0,0,102.8375,15371.4333333333,2195.91904761905,0,0,0,0,1
235220375,34,2,2,10995.98,5497.99,5087.75,0,0,2409.67,1056.26,160,1082.5,193,724.4,0,0,282.4,30695.6666666667,15347.8333333333,0,0,0,0,0
676829644,34,1,2,15138.1765,7569.08825,3321.976,0,0,795,0,8962.4005,1428.9,0,500,0,129.9,0,14833.3333333333,7416.66666666667,519.6,0,0,1,0
351904170,34,1,4,34170.8078,8542.70195,15927.5153,0,2750,2170,1718.39,30,3247.5,2234.8,1118.56,0,2273.25,2700.7925,35000,8750,2273.25,0,0,1,0
491209799,34,1,4,9359.008,2339.752,3692.191,259.367,700,1350,580,0,1654.06,803.1,108.25,0,0,212.04,12223.9933333333,3055.99833333333,0,0,0,0,0
207446192,34,1,8,7621.77,952.72125,3758.44,259.8,500,248,208,0,4.8,1732,750.52,0,0,160.21,20408.3333333333,2551.04166666667,0,0,0,0,0
767553773,34,1,4,14929.4735,3732.368375,7889.9095,0,1420,1465,911.36,0,251.14,350,680,0,736.1,1225.964,18583.3333333333,4645.83333333333,0,0,0,0,1
28769216,34,1,7,17809.7708,2544.25297142857,4225.4738,0,380,2760,1376.94,0,2424.8,3698,2247.86,0,0,696.697,30720,4388.57142857143,0,0,0,0,0
144089378,34,1,3,10440.36,3480.12,5390.85,277.12,950,1410,378.85,0,0,849,770,0,0,414.54,39750,13250,0,0,0,0,1
619639967,34,2,4,19130.67,4782.6675,3723.8,173.2,1350,3105,642.89,400,3117.6,2400,3301.5,0,0,916.68,34500,8625,0,0,0,0,0
477966573,34,1,1,11534,11534,519.6,0,1400,5680,0,0,1515.5,250,600,0,1428.9,140,20000,20000,1428.9,0,0,1,0
393238036,34,2,5,36414.5752,7282.91504,4552.995,0,2500,8266,0,4202,7988.3842,1675,1858,132,4134.2,1105.996,26000,5200,2598,0,0,1,0
353987892,34,2,4,13680.31,3420.0775,4213.09,151.55,1200,1925,242.53,0,2636.97,2369.1,790.52,0,0,151.55,24916.6666666667,6229.16666666667,0,0,0,0,0
446692719,34,1,4,10169.7214,2542.43035,6381.7705,389.7,0,660,246.5935,51.96,0,500,620,0,1060.85,258.8474,12000,3000,1060.85,0,0,1,1
342592983,34,2,2,20300.807,10150.4035,5638.526,0,0,6513.6,2216.39,1299.11,1470.52,880,1530,0,0,752.661,12731,6365.5,0,0,0,0,0
129687910,34,1,2,10166.34,5083.17,3126.26,0,1600,2186,979.82,0,649.5,633,480,0,0,511.76,29000,14500,0,0,0,0,0
282604436,34,1,5,13319.31,2663.862,8785.57,0,0,2065.71,955.35,600,427.72,0,0,0,0,484.96,14900,2980,0,0,0,0,1
890528754,34,1,5,15948.51,3189.702,4940.53,0,2530,1810,683.14,0,95.26,1033,1026.4,0,2944.4,885.78,53300,10660,779.4,0,0,1,0
461720654,34,1,6,10571.647,1761.94116666667,5814.757,0,0,2390,891.72,0,428.67,316.5,450,0,0,280,26800,4466.66666666667,0,0,0,0,1
676095622,34,1,5,12025.4345,2405.0869,4763.2165,0,0,720.96,1526.758,0,1299,0,2200,0,0,1515.5,11013.43,2202.686,0,0,0,0,0
655779317,34,2,2,9712.864,4856.432,2870.79,173.2,0,3002,255.47,94.4,649.5,803.1,700,0,0,1164.404,13480,6740,0,0,0,0,0
152401259,34,1,4,8442.0668,2110.5167,3470.3218,194.85,1150,1175,142.6735,0,649.5,0,800,0,692.8,166.9215,16000,4000,692.8,0,0,1,0
899712963,34,2,4,13216.697,3304.17425,3407.277,0,320,2712,872.8,0,3031,833,850,0,0,1190.62,31333.3333333333,7833.33333333333,0,0,0,0,0
385429765,34,2,4,18595.7139,4648.928475,6602.5139,606.2,870,1510,327.781,0,2443.97,4053.5,903.1,0,0,1278.649,41416.6666666667,10354.1666666667,0,0,0,0,0
794828071,34,1,4,13625.825,3406.45625,6319.635,168.87,1180,1506,564.46,0,593,416.5,680,400,1299,498.36,11600,2900,1299,0,0,1,0
892577252,34,1,1,8095.6508,8095.6508,3297.9878,684.14,0,1365,328.214,0,220.83,100,600,0,1385.6,113.879,5300,5300,0,0,0,0,0
376160103,34,1,4,12653.35,3163.3375,5377.86,0,1500,1260,567.9,0,328.5,1466,430,8,1385.6,329.49,14635.22,3658.805,1385.6,0,0,1,0
924379084,34,1,5,13852.09,2770.418,3515.96,216.5,3370,1270,595.06,0,1732,900,1033,0,562.9,656.67,18583.3333333333,3716.66666666667,0,0,0,0,0
351299336,34,1,6,17216.94,2869.49,4663.41,225.16,0,744.8,73.61,649.5,6053.34,1066,0,0,3550.6,190.52,15566.6666666667,2594.44444444444,1039.2,0,0,1,0
394595894,34,1,1,1855.688,1855.688,1617.688,0,0,238,0,0,0,0,0,0,0,0,8633.33333333333,8633.33333333333,0,0,0,0,1
307810807,34,1,2,7329.59,3664.795,3321.11,0,1200,650,497.95,0,0,300,650,0,0,710.53,11916.6666666667,5958.33333333333,0,0,0,0,0
520801913,34,2,4,5804.62,1451.155,2528.72,0,0,1330,0,0,216.5,1229.4,500,0,0,0,25666.6666666667,6416.66666666667,0,0,0,0,0
269744190,34,1,2,8441.037,4220.5185,3940.3,0,800,945,300.187,880,88,600,730,0,0,157.55,16750,8375,0,0,0,0,0
981640518,34,1,4,4528.6212,1132.1553,1756.8542,134.0135,0,810,213.7035,0,0,0,380,0,1234.05,0,11070.01,2767.5025,1234.05,0,0,1,0
684204705,34,1,4,11905.3785714286,2976.34464285714,3619.88,0,1330,1715,468,0,126.188571428572,300,937.74,0,1602.1,1806.47,16366.6666666667,4091.66666666667,1602.1,0,0,1,0
83322324,34,2,3,10853.9,3617.96666666667,3598.23,173.2,700,3036,512.07,0,433,903.1,1050,0,0,448.3,18266.6666666667,6088.88888888889,0,0,0,0,0
691761498,34,1,3,20028.52,6676.17333333333,5650.65,558.57,830,3288,476.81,4942.99,727.44,1150,750,0,1255.7,398.36,14600,4866.66666666667,606.2,0,0,1,0
396202236,34,2,3,7771.0173,2590.3391,3071.8319,267.0744,450,1483.6,464.609,0,85,883.1,650,0,0,415.802,28583.3333333333,9527.77777777778,0,0,0,0,0
54883090,34,1,1,8562.61,8562.61,4667.74,584.55,150,1170,369.78,0,866,200,390,0,0,164.54,5000,5000,0,0,0,0,1
451314103,34,1,4,9745.9645,2436.491125,6429.4005,0,0,1980,306.564,240,0,560,230,0,0,0,36133.3333333333,9033.33333333333,0,0,0,0,1
691260946,34,2,5,21576.51,4315.302,7902.25,0,2985,2332.36,1846,0,2598,1966,1208,56,562.9,120,30400,6080,0,0,0,0,0
902555008,34,1,2,8457.91,4228.955,3970.61,0,1080,1540,0,0,128,633,630,0,0,476.3,11000,5500,0,0,0,0,0
408513084,34,2,3,6112.21,2037.40333333333,3979.27,0,0,440,0,0,649.5,350,0,0,476.3,217.14,16535.5,5511.83333333333,0,0,0,0,1
917811915,34,1,2,7203.53,3601.765,3680.5,346.4,700,1016,303.1,0,0,380,600,0,0,177.53,10833.3333333333,5416.66666666667,0,0,0,0,1
924427959,34,1,1,8348.4,8348.4,5252.29,0,950,973,542.94,0,190.52,200,0,0,194.85,44.8,14000,14000,0,0,0,0,1
953615180,34,1,2,5562.005,2781.0025,2245.105,0,0,975,0,0,0,762.9,0,0,1299,280,18000,9000,0,0,0,0,0
276613873,34,1,6,15596.3,2599.38333333333,8382.88,0,0,3145,320.42,0,433,2548.5,550,0,216.5,0,46075,7679.16666666667,0,0,0,0,1
984643140,34,1,5,34858.357,6971.6714,8291.95,4390.187,7000,3900,2204,418,1427,2000,1556,60,3611.22,0,52083.3333333333,10416.6666666667,3502.97,0,0,1,0
104148792,34,2,5,7551.531,1510.3062,3609.055,173.2,300,558,208.136,300,0,939.6,0,0,1277.35,186.19,17416.6666666667,3483.33333333333,0,0,0,0,0
731875699,34,2,2,10338.8413,5169.42065,4971.7493,0,0,1107.85,0,500,757.75,433,1300,0,1125.8,142.692,14000,7000,0,0,0,0,0
564325098,34,1,5,10378.675,2075.735,5826.448,281.45,350,240,0,0,999.3,2248.5,0,0,0,432.977,17000,3400,0,0,0,0,1
279041887,34,2,6,24788.77,4131.46166666667,8304.94,0,0,3715,952.6,0,4763,4713,500,640,0,1200.23,13000,2166.66666666667,0,0,0,0,0
818158743,34,3,3,15891.5266,5297.17553333333,3598.3166,0,400,1537.2,1964.78,433,3584.1,2133,1584.6,0,0,656.53,17516.6666666667,5838.88888888889,0,0,0,0,0
413975784,34,1,6,14106.078,2351.013,3864.958,0,650,2005.6,329.08,1779.63,1818.6,300,600,0,2424.8,333.41,10400,1733.33333333333,2424.8,0,0,1,0
256594269,34,2,6,21672.715,3612.11916666667,6763.46,0,1845,3280,560.54,0,6321.8,2356,200,0,0,345.915,29200,4866.66666666667,0,0,0,0,0
543044436,34,1,6,9863.2048,1643.86746666667,3330.8958,199.18,150,945,398.8628,0,0,1299,785.78,0,2489.75,264.7362,18300,3050,801.05,0,0,1,0
928320215,34,1,1,12756.878,12756.878,2669.878,0,2130,5130,832,0,0,1325,670,0,0,0,13000,13000,0,0,0,0,0
330319691,34,2,3,41736.565,13912.1883333333,6178.91,5542.4,5160,2148.15,2834.39,2143.35,6495,3298,1828,0,4394.95,1713.415,46541.6666666667,15513.8888888889,1580.45,2598,1,1,0
251463509,34,1,1,4773.6,4773.6,606.2,0,0,2355,0,0,0,0,600,0,1212.4,0,6000,6000,1212.4,0,0,1,0
597912832,34,2,3,20387.379,6795.793,10241.749,194.85,1830,2080,268.82,0,3464,1392,408,0,0,507.96,12400,4133.33333333333,0,0,0,0,1
617152228,34,1,1,5118.5011,5118.5011,2338.7629,0,0,1015,528.8662,281.45,259.8,250,300,0,0,144.622,6000,6000,0,0,0,0,0
377623348,34,1,3,11326.355,3775.45166666667,4609.285,281.45,0,1095,77.94,0,2667.28,1816,606.2,0,0,173.2,15250,5083.33333333333,0,0,0,0,0
571698992,34,1,4,8935.793,2233.94825,4551.263,0,780,675,436.09,0,216.5,500,400,0,1234.05,142.89,32483.3333333333,8120.83333333333,0,0,0,0,1
804894057,34,1,1,8447.317,8447.317,4320.907,389.7,0,1412.8,281.45,261.965,0,1082.5,475,0,0,222.995,6500,6500,0,0,0,0,1
501580631,34,1,3,6798.6,2266.2,1472.2,0,2750,1770,0,0,216.5,189.9,400,0,0,0,16500,5500,0,0,0,0,0
140438591,34,1,4,4931.159,1232.78975,419.577,0,0,3815,54.125,0,0,0,500,0,0,142.457,23083.3333333333,5770.83333333333,0,0,0,0,0
495879738,34,2,6,8698.58,1449.76333333333,3143.58,0,0,930,1440,0,2165,220,720,0,0,80,18800,3133.33333333333,0,0,0,0,0
397984246,34,2,2,6468.7019,3234.35095,3898.299,0,500,525,183.1157,72,649.5,199,0,0,0,441.7872,13000,6500,0,0,0,0,1
609694810,34,1,1,6750.65,6750.65,5174.35,129.9,375,383.4,170,0,48,120,350,0,0,0,21670,21670,0,0,0,0,1
508993641,34,1,7,8866.252,1266.60742857143,3877.515,324.75,684,540,2238.98,0,147.2,636.5,0,0,155.447,261.86,13733.3333333333,1961.90476190476,0,0,0,0,0
722868621,34,2,2,10202.422,5101.211,2446.45,238.15,1150,1216,294.85,0,3175,813,600,0,0,268.972,15166.6666666667,7583.33333333333,0,0,0,0,0
275755385,34,1,2,12682.515,6341.2575,2275.415,0,1100,5373,0,1602.1,112,1100,1120,0,0,0,20280.3333333333,10140.1666666667,0,0,0,0,0
847150419,34,1,2,7104.151,3552.0755,1146.151,0,0,555,2648,0,866,216.5,590,0,1082.5,0,14916.6666666667,7458.33333333333,0,0,0,0,0
792770127,34,1,1,6157.49,6157.49,3403.38,389.7,0,998,320.42,0,0,0,600,0,0,445.99,5000,5000,0,0,0,0,1
608814821,34,1,6,5886.099,981.0165,3050.485,194.85,200,720,217.074,48,519.6,259.8,620,0,0,56.29,7262.5,1210.41666666667,0,0,0,0,1
291949395,34,2,7,21874.31,3124.90142857143,7794,0,3380,2110,95.26,0,2774.8,400,300,3000,1775.3,244.95,21600,3085.71428571429,1775.3,0,0,1,0
555445887,34,1,1,5517.2239,5517.2239,1946.5082,0,0,2440,0,128,0,649.5,300,0,0,53.2157,9333.33333333333,9333.33333333333,0,0,0,0,0
357958430,34,3,2,12959.21,6479.605,4711.04,0,0,2739,0,346.4,2598,800,480,0,866,418.77,35000,17500,0,0,0,0,0
166463893,34,1,3,18564.1008,6188.0336,4550.9166,812.9575,0,3810,312.193,67.3315,978.58,1916.5,680,0,4871.25,564.3722,35991,11997,3745.45,0,0,1,0
544819818,34,1,5,4251.50517241379,850.301034482759,1628.08,0,0,336,344.5,0,395.075172413793,200,600,0,541.25,206.6,9000,1800,541.25,0,0,1,0
191181999,34,1,4,7967.02,1991.755,2987.7,268.46,1300,930,199.18,600,0,0,400,0,1212.4,69.28,14100,3525,0,0,0,0,0
209809084,34,2,4,25574.93,6393.7325,5564.05,627.85,3650,3560,2886.81,0,2598,3053,850,0,1948.5,836.72,41000,10250,1169.1,0,0,1,0
350991216,34,1,1,9359.568,9359.568,4070.2,324.75,170,1591.2,398,0,433,416.5,1071.468,0,714.45,170,15000,15000,714.45,0,0,1,0
558020428,34,1,1,6840.97768,6840.97768,1658.39,0,450,3215,258.08768,0,216.5,833,160,0,0,50,8635.22,8635.22,0,0,0,0,0
91439763,34,2,3,33695.45,11231.8166666667,3139.25,606.2,0,3007,1042.4,320,8078.7,2040,5830,1500,5499.1,2632.8,62000,20666.6666666667,3009.35,0,0,1,0
330972893,34,3,3,16370,5456.66666666667,3470.495,0,2250,1410.4,794.105,0,6062,1433,560,0,0,390,36400,12133.3333333333,0,0,0,0,0
880408799,34,1,1,5179.55,5179.55,3031,0,75,676,385.37,0,0,200,0,0,433,379.18,3835.22,3835.22,0,0,0,0,1
