id,provincia,propauto,cantmiem,gastot,gastotpc,gc_01,gc_02,gc_03,gc_04,gc_05,gc_06,gc_07,gc_08,gc_09,gc_10,gc_11,gc_12,ingtoth,ingpch,tn_restaurant,tn_internet,cat_gastos_internet,cat_gastos_restaurant,cat_gastos_alimentos
63549444,14,1,2,17747.45,8873.725,1320.65,0,2500,4682,2580,80,2381.5,1956,1393,0,476.3,378,17200,8600,476.3,0,0,1,0
993747191,14,2,6,15141.86,2523.64333333333,5672.3,173.2,265,230,151.55,650,40,2600,350,0,4100.51,909.3,15600,2600,0,0,0,0,0
351317235,14,1,2,11015.26,5507.63,770.74,0,2900,2700,1640.95,560,0,400,1272,0,0,771.57,8900,4450,0,0,0,0,0
265179853,14,1,2,8558.68,4279.34,4490.21,0,0,1481,157.27,490,606.2,874,310,0,0,150,14500,7250,0,0,0,0,1
809059776,14,1,1,18169.97,18169.97,749.09,151.55,4620,7337.11,300,0,0,1320,1080,0,2056.75,555.47,16000,16000,1450.55,0,0,1,0
86037446,14,1,2,12060.066,6030.033,3009.35,0,750,1470,16,0,152.416,48,3160,0,3074.3,380,15333.3333333333,7666.66666666667,3074.3,0,0,1,0
605900152,14,3,4,42011.73,10502.9325,5676.63,0,3630,3121.5,2645,5500,12474.55,3374,1474,700,2966.05,450,61500,15375,2966.05,0,0,1,0
360737729,14,2,5,50324.94804,10064.989608,17227.67574,0,5100,1324.62,1348.1888,2400,8639.84,804.5,8424.5,0,866,4189.6235,42994,8598.8,866,0,0,1,0
417980596,14,2,4,32517.668,8129.417,6867.38,398.36,1740,4700,1899.12,3031,3615.48,1789.4,1443,540,5152.7,1341.228,61620,15405,3290.8,0,0,1,0
715122884,14,2,4,32297.106,8074.2765,4416.6,649.5,5100,1433,1052.33,4899.05,5833.04,2974,2234.5,2775,324.75,605.336,38555,9638.75,0,0,0,0,0
541600309,14,2,3,26662.5217,8887.50723333333,14327.4937,562.9,1610,2606,921.39,1262.9,296,941.4,625,400,2152.01,957.428,34369.3333333333,11456.4444444444,433,0,0,1,1
859149525,14,3,2,11659.02,5829.51,4334.33,0,0,1800,246,733,2200,720,947,0,0,678.69,16794.6666666667,8397.33333333333,0,0,0,0,0
710083392,14,2,2,8048.45,4024.225,1649.73,0,650,3300,75,0,1082.5,850,0,0,0,441.22,25000,12500,0,0,0,0,0
573020507,14,1,2,13774.82,6887.41,2814.5,909.3,0,9180,0,0,70,445,325,0,0,31.02,26333.3333333333,13166.6666666667,0,0,0,0,0
907941910,14,2,4,48439.63,12109.9075,12652.26,922.29,5500,1663.8,1607.91,6593.3,1732,1243.5,6372,350,7144.5,2658.07,13800,3450,6928,433,1,1,0
4422692,14,2,5,32347.52,6469.504,12020.08,4905.89,100,1276,1120,1991.8,2589.34,655,3551.65,0,3689.16,448.6,48800,9760,0,0,0,0,0
533933998,14,1,1,14267.344,14267.344,2061.08,606.2,640,5829,147,192,1124.45,362,450,0,2208.3,647.314,9916.66666666667,9916.66666666667,0,0,0,0,0
735746414,14,2,4,38643.859,9660.96475,7648.945,0,6710,3470,730.32,86.6,4063.954,1148,2375,72,11301.3,1037.74,28840,7210,1299,0,0,1,0
131791056,14,3,4,28755.4293,7188.857325,8792.4114,779.4,1200,2150,1004.9146,0,3706.1908,1885,3565,500,2771.2,2401.3125,88750,22187.5,866,0,0,1,0
12775244,14,1,7,8655.53,1236.50428571429,2299.23,1818.6,0,1120,0,132.8,0,0,1100,756,1428.9,0,10600,1514.28571428571,0,0,0,0,0
945420907,14,2,4,46314.9629,11578.740725,3893.2762,1948.5,4500,7245.5,639.5567,9000,7196,1650,850,2160,3680.5,3551.63,38000,9500,1082.5,0,0,1,0
170092153,14,2,1,54122.61,54122.61,3918.65,0,4840,5231,14660.8,2868.05,4898,2290,5862,1000,3897,4657.11,170444.666666667,170444.666666667,3897,500,1,1,0
158456645,14,2,3,16525.04,5508.34666666667,4862.59,2229.95,550,1576,0,3381.5,3492,433,0,0,0,0,17900,5966.66666666667,0,0,0,0,0
275435110,14,1,2,26384.24,13192.12,1589.11,562.9,4500,7752,440.56,866.3,1629.5,1153,1694,1400,3572.25,1224.62,25740,12870,2424.8,0,0,1,0
395957870,14,1,2,17582.44,8791.22,3689.16,0,1190,9050,154,216.5,935.28,650,350,348,649.5,350,21000,10500,519.6,0,0,1,0
269751779,14,1,1,26324.1176,26324.1176,7447.6,0,380,1348.78,15720.18,0,0,280,630,0,0,517.5576,26400,26400,0,0,0,0,0
146841762,14,1,1,14987.89,14987.89,4745.68,2338.2,830,1630,1281.54,210.21,2001.6,720.8,264.4,0,433,532.46,13300,13300,0,0,0,0,0
752709153,14,2,2,15435.095,7717.5475,5286.497,1709.484,1200,1770.67,324.75,1307.66,1707.66,365.5,60,500,151.55,1051.324,29766.6666666667,14883.3333333333,151.55,0,0,1,0
713820622,14,1,2,33245.05,16622.525,3334.1,0,1575,5561.5,4769.45,200,753,530,900,0,14722,900,30333.3333333333,15166.6666666667,14722,0,0,1,0
64981730,14,2,3,37612.03,12537.3433333333,5304.25,1255.7,2470,1980,237,5779.4,9340.25,2933,3632.99,1650,2165,864.44,71716.6666666667,23905.5555555556,1775.3,0,0,1,0
91297659,14,3,4,28034.22,7008.555,8919.8,0,3800,3048.4,2900,0,4830,1450,1518,0,0,1568.02,68120,17030,0,0,0,0,0
848594498,14,2,3,46358.067,15452.689,12953.195,822.7,2100,6450,784.8,4486.1,9332.016,1300,850,1400,4351.65,1527.606,43000,14333.3333333333,1991.8,0,0,1,0
645875491,14,2,7,29444.87,4206.41,2683.734,1299,13500,2220,3632,0,2814.736,1500,700,0,779.4,316,69200,9885.71428571429,0,0,0,0,0
455316999,14,1,2,24968.445,12484.2225,3420.7,2727.9,0,10770,0,2300,2061.08,1300,600,0,1515.5,273.265,43070,21535,0,0,0,0,0
383957890,14,2,5,11656.747,2331.3494,4682.895,454.65,1250,606,348,0,1811.504,700,528.578,150,627.85,497.27,5200,1040,0,0,0,0,0
470460174,14,2,5,34635.6867,6927.13734,15670.2267,1922.52,1185,4789,397.2,1272.48,6824.08,800,175,250,0,1350.18,28220,5644,0,0,0,0,0
209241331,14,1,1,6990.1,6990.1,3832.05,0,0,604,1219.8,0,866,220,0,0,108.25,140,7200,7200,0,0,0,0,1
209215849,14,1,3,12138.694,4046.23133333333,484.96,277.12,0,883.06,360,3358.15,3474.984,560,740,170,1532.82,297.6,31217.5,10405.8333333333,1532.82,80,1,1,0
340361509,14,2,4,22025.3402,5506.33505,3585.24,935.28,1200,1729,1793,400,6877.4,2510,1700,48,0,1247.4202,26150,6537.5,1732,0,0,1,0
447809720,14,2,3,49893.626,16631.2086666667,4663.843,952.6,450,8733.74,2599.62,3100,11204.07,1653,2116,5060,5130.9,4229.853,34000,11333.3333333333,2294.9,0,0,1,0
830769387,14,1,1,7756.79,7756.79,2701.92,0,180,1498,1256.77,1095.49,0,350,400,0,0,274.61,7000,7000,0,0,0,0,0
15629297,14,1,3,13666.6233,4555.5411,3396.4953,0,1070,957,627.354,0,1908.664,1258,1504.9,0,2931.41,12.8,9175,3058.33333333333,476.3,0,0,1,0
726659320,14,1,5,8529.292,1705.8584,3043.99,0,3465,1232,401.2,0,140.292,0,0,0,216.5,30.31,3700,740,0,0,0,0,0
824157262,14,1,1,10984.822,10984.822,4000.92,368.05,1089,826,2281.1,250,140.292,224,930,0,389.7,485.76,10648.8333333333,10648.8333333333,0,0,0,0,0
484642608,14,2,5,12869.37,2573.874,3074.3,0,2150,2166.5,1214,0,1039.2,540,1723.36,0,723.11,238.9,16000,3200,0,0,0,0,0
732208512,14,2,4,58249.8826,14562.47065,6399.74,0,6800,1430,250,5648.25,7814.5626,1510,15997.75,5016,6213.55,1170.03,52900,13225,3875.35,0,0,1,0
682421113,14,2,2,12714.1604,6357.0802,4573.779,0,0,1237.99,543.8047,610,1732,1410,775,0,415.68,1415.9067,18600,9300,415.68,0,0,1,0
153145427,14,1,2,21751.8,10875.9,1082.5,0,1300,7100,0,1168,2872.8,2038,4068,0,1082.5,1040,25500,12750,1082.5,0,0,1,0
512648199,14,1,3,10292.27,3430.75666666667,2528.72,2303.56,1000,572,449.24,92.8,0,592,1250,0,1082.5,421.45,29016.6666666667,9672.22222222222,0,0,0,0,0
621959225,14,2,3,34947.9035,11649.3011666667,5481.5635,0,1980,6712,198.6,1540,3485.36,1750,2706,0,10695.1,399.28,26726.3333333333,8908.77777777778,692.8,0,0,1,0
207510198,14,2,4,15328.822,3832.2055,5507.76,649.5,960,2170,220,0,1073.832,907,1164.95,224,2121.7,330.08,35920,8980,1255.7,0,0,1,0
165572236,14,2,4,42166.03,10541.5075,9859.41,0,4960,11900,880.59,5382.1,1077.12,2850,2712.9,40,1277.35,1226.56,59616.6666666667,14904.1666666667,779.4,0,0,1,0
156250314,14,2,3,157284.5581,52428.1860333333,22891.6275,1039.2,12800,39173,13438.22,21629.2,23489.396,1011,11518,2920,4044.22,3330.6946,224640,74880,1732,21835.4146,1,1,0
10737489,14,1,2,13267.895,6633.9475,3297.295,2242.94,1050,306,744,0,2310.9,476.3,760,0,1957.16,123.3,15000,7500,1818.6,400,1,1,0
347750,14,1,3,16315.5537,5438.5179,1636.2637,1996.13,600,5990,140,450,1918.66,551.5,1098.4,150,1192.6,592,13554,4518,779.4,0,0,1,0
298632254,14,2,4,25390.4856,6347.6214,7590.49,0,440,2500,120,5689.62,4560.8756,1100,1649.5,1440,0,300,31860,7965,0,0,0,0,0
142792556,14,1,2,6707.008,3353.504,2398.82,0,0,1850,0,217.4,0,745,1280,0,0,215.788,11429,5714.5,0,0,0,0,0
967403555,14,2,2,34240.75,17120.375,5260.95,3420.7,5600,3000,1730.6,3708.3,2598,605,2527,0,4330,1460.2,28120,14060,3897,0,0,1,0
523970785,14,2,1,83309.32,83309.32,2468.1,0,4150,22300,5800,1619.42,10060,9550,26419,0,692.8,250,159852.13,159852.13,1299,10300,1,1,0
499090433,14,2,4,32557.83,8139.4575,8586.39,0,1000,11385,226.65,640,5769.79,1925,1025,1800,0,200,41994,10498.5,0,0,0,0,0
866339905,14,2,5,21787.59,4357.518,8239.99,0,5630,588,630.6,310,724,610,4739,16,0,300,18400,3680,0,450,1,0,0
629946499,14,1,2,21642.32,10821.16,8768.25,866,0,7455,255.47,1789.7,0,1228,1150,0,0,129.9,14000,7000,0,0,0,0,0
385014247,14,2,9,11756,1306.22222222222,3832.05,844.35,0,3100,900,0,0,1360,1000,200,519.6,0,32400,3600,0,0,0,0,0
884707364,14,2,4,27062.57,6765.6425,5157.03,909.3,2400,4404,250,900,4635.19,4135,2005,0,1667.05,600,70400,17600,1537.15,0,0,1,0
562584807,14,1,3,30129.324,10043.108,8231.33,930.95,600,1702.4,1135.5,243.2,3425.1,1239.4,9827,0,2541.71,252.734,28866.6666666667,9622.22222222222,1415.91,0,0,1,0
754961972,14,2,1,33739.02,33739.02,5784.88,2338.2,0,982.5,2800,1800,12816.4,1273,4300,0,476.3,1167.74,17777.5,17777.5,476.3,0,0,1,0
229777404,14,2,2,9551.765,4775.8825,2375.005,0,1038,2040,12,1163.62,866,760,830,0,0,467.14,15198.6666666667,7599.33333333333,0,0,0,0,0
514828194,14,1,2,9222.57,4611.285,2247.27,0,1730,847,670,300,1462.3,360,540,0,866,200,16500,8250,0,0,0,0,0
992701007,14,2,3,16290.3544,5430.11813333333,4441.1944,0,220,6757,307.04,0,822.7,980,1100,0,757.75,904.67,48090,16030,476.3,0,0,1,0
272612535,14,2,5,35304.621,7060.9242,2745.22,0,4950,2233.47,386,1400,10396.1,1625.09,3411.4,4675,3031,451.341,54400,10880,974.25,0,0,1,0
450832723,14,1,1,5128.54,5128.54,1099.82,0,1710,453.1,218.4,129.9,268.8,12.8,743.72,0,0,492,7750,7750,0,0,0,0,0
551304520,14,1,3,26606.16,8868.72,3728.13,0,490,4464,3102.91,0,7336.33,1550,5548,0,194.85,191.94,26009,8669.66666666667,194.85,0,0,1,0
180451912,14,1,3,15680.958,5226.986,2212.63,0,2970,2110,3216,1970,2102.648,1099.68,0,0,0,0,19843.6066666667,6614.53555555556,0,0,0,0,0
358876563,14,1,5,28898.126,5779.6252,6525.31,1753.65,3100,6150,620.8,0,2190.576,750,4090,380,1299,2038.79,27522,5504.4,216.5,0,0,1,0
405387608,14,1,1,10172.648,10172.648,3732.46,0,360,2312,495.6,0,701.46,1160,1250,0,108.25,52.878,17000,17000,0,0,0,0,0
443728568,14,1,2,18722.8653,9361.43265,7897.5303,445.99,1300,1292,63.2,820,2604.4,1500,2415,0,64.95,319.795,19333.3333333333,9666.66666666667,0,0,0,0,0
839001179,14,2,3,25106.208,8368.736,5455.8,0,1170,2850,1244.15,10437.35,1743.908,880,925,0,0,400,37080,12360,0,0,0,0,0
213997061,14,1,3,20854.594,6951.53133333333,3390.39,974.25,100,6701.93,76,640,1399.6,1406.3,3700,700,1428.9,337.224,23566.6666666667,7855.55555555556,1039.2,0,0,1,0
868052877,14,1,1,4717.145,4717.145,2264.59,0,0,805.605,70,0,0,177.45,750,0,649.5,0,11000,11000,649.5,0,0,1,0
56965127,14,1,2,15586.9968,7793.4984,5389.8974,857.34,1090,4642,994.7674,100,0,800,864.8,0,0,848.192,28500,14250,0,0,0,0,0
951114290,14,2,3,30985.238,10328.4126666667,6213.55,0,2600,2450,290,3265,3286.316,1850,8310,0,1255.7,1464.672,69647.1666666667,23215.7222222222,1255.7,0,0,1,0
472024600,14,2,1,17044.763,17044.763,2585.01,259.8,0,712.5,1347,0,5202.158,1220,2900,400,1732,686.295,20400,20400,1732,0,0,1,0
881846905,14,2,1,13645.51,13645.51,1199.41,1948.5,2100,1120,83.2,0,0,935,3664.2,0,2165,430.2,14200,14200,0,0,0,0,0
526504904,14,1,1,13204.62,13204.62,2186.65,194.85,1000,1159.83,392.97,281.45,1530,2014.7,2229.5,200,1147.45,867.22,10000,10000,0,0,0,0,0
188291243,14,2,3,69209.692,23069.8973333333,14990.46,1472.2,12955,1048,2788.82,5603.87,3126,2145,15204.89,600,5386.52,3888.932,33312,11104,5044.45,2600,1,1,0
626432583,14,1,1,12527.615,12527.615,2820.995,580.22,820,0,350,0,1580.45,400,248,0,4459.9,1268.05,8000,8000,4459.9,0,0,1,0
436116294,14,1,3,11280.0142,3760.00473333334,3663.18,0,700,1205,151.55,264.13,4025.56,0,579.9,0,649.5,41.1942,19766.6666666667,6588.88888888889,0,0,0,0,0
984376313,14,2,5,13390.41,2678.082,5334.56,0,330,2239.87,221.2,0,1214.46,188.54,0,1156,1948.5,757.28,21872,4374.4,0,0,0,0,0
83860607,14,2,3,13380.34966,4460.11655333333,2359.85,0,765,1883,20,110,3476.66,250,1240,0,1162.9,2112.93966,49000,16333.3333333333,0,0,0,0,0
640967344,14,1,2,5374.245,2687.1225,1998.295,0,0,480,0,695,779.4,520,750,0,0,151.55,26600,13300,0,0,0,0,0
437726800,14,1,2,15466.8474,7733.4237,5887.8474,0,1200,6943,500,0,48,333,255,0,0,300,16500,8250,0,0,0,0,0
155996826,14,3,3,32420.8475,10806.9491666667,4948.1075,1506.84,5750,4699.5,240,680,8119.8,1210,2190,1974,952.6,150,58700,19566.6666666667,952.6,0,0,1,0
943499811,14,1,1,6832.8934,6832.8934,2043.7167,0,20,808.41,475.1167,1000,121.6,0,1130,0,1234.05,0,7853,7853,1234.05,0,0,1,0
435941271,14,1,2,10463.5,5231.75,4520.52,519.6,1125,360,100,250,1728.78,450,300,150,519.6,440,15896,7948,0,0,0,0,0
972332951,14,1,3,20946.48,6982.16,6538.3,649.5,800,2097.5,120,1320,2927.08,1400,1444,950,2468.1,232,18500,6166.66666666667,519.6,0,0,1,0
542740685,14,2,3,52330.61,17443.5366666667,7681.42,0,2500,10758.14,1904,3400,5863.5,1415,10300,2800,5325.9,382.65,87500,29166.6666666667,5325.9,0,0,1,0
708452696,14,3,5,62422.8602,12484.57204,12322.5738,6143.1009,7800,1571.16,9690.6086,1186.42,2701.168,2400,4456.75,1150,7443.27,5557.8089,53741.3333333333,10748.2666666667,7469.25,0,0,1,0
50195808,14,1,6,12693.638,2115.60633333333,5481.78,900.64,0,925.4,0,0,1515.5,459.8,1500,64,1818.6,27.918,16450,2741.66666666667,1818.6,0,0,1,0
293585243,14,1,3,27987.6,9329.2,4178.45,0,6930,2970,290,1690,2381.5,3378,3874.75,0,2294.9,0,37200,12400,2294.9,0,0,1,0
99762888,14,2,3,17035.1875,5678.39583333333,2666.3707,151.55,700,1740,152,1085.7908,6195.126,1100,1724.75,0,519.6,1000,37280,12426.6666666667,0,0,0,0,0
888342847,14,1,3,16458.782,5486.26066666667,3244.902,346.4,2690,2882,448.15,729.9,1714.68,320,800,0,2814.5,468.25,12400,4133.33333333333,0,0,0,0,0
224120993,14,2,5,34937.31,6987.462,1277.35,0,5120,1426,196,650,10374.68,1300,6550,4860,2372.84,810.44,61433.3333333333,12286.6666666667,424.34,0,0,1,0
332229828,14,2,1,11994.079,11994.079,633.479,0,850,5552,108,2068.6,1002,0,1530,0,0,250,21900,21900,0,0,0,0,0
738001598,14,2,2,29755.946,14877.973,5693.95,0,3500,1810,3617.56,0,5921.996,2166,1700,0,4581.14,765.3,53580,26790,3117.6,0,0,1,0
808351146,14,1,3,8077.32,2692.44,4455.57,173.2,150,710,115,151.55,1154,0,748,0,0,420,14925,4975,0,0,0,0,1
639007305,14,2,3,53070.315,17690.105,17692.38,0,0,8850,6245.43,13172.11,698,468,1730.34,0,2065.41,2148.645,30000,10000,1212.4,0,0,1,0
62132972,14,2,6,21559.3664,3593.22773333333,2100.05,1324.98,950,730,587.24,1775.3,3771.7764,2446,1688,0,5629,557.02,62866.6666666667,10477.7777777778,5629,0,0,1,0
265949030,14,2,3,12189.4968,4063.1656,3250.098,0,1430,1410,628.7631,0,1884.9,600,1300,0,0,1685.7357,13200,4400,0,0,0,0,0
298290825,14,3,2,81124.9604,40562.4802,5417.7826,151.55,23100,5720,1170.9514,3800,16160.532,1110,14650,0,8205.35,1638.7944,65333.3333333333,32666.6666666667,2901.1,0,0,1,0
689359379,14,2,3,73592.0295,24530.6765,5723.1775,1657.524,2800,5391.8,18274.148,523.2,4905.89,1660,23492.4,0,7923.9,1239.99,47500,15833.3333333333,433,0,0,1,0
742027793,14,1,7,17971.6628,2567.3804,8668.66,1299,0,1100,3241.25,108.25,1342.3,606.2,250,0,866,490.0028,37900,5414.28571428571,0,0,0,0,0
165740158,14,2,2,50030.74,25015.37,8274.63,1493.85,900,12142,2521.02,300,7218,5000,2521.1,0,8332.4,1327.74,36500,18250,3464,0,0,1,0
40539437,14,1,3,28805.05,9601.68333333333,4724.03,0,2050,12649,410,530,1344,1211.55,1721.65,0,2468.1,1696.72,21300,7100,2035.1,0,0,1,0
241195224,14,1,6,27560.8387,4593.47311666667,10108.7747,0,7350,2296,4054,322,864.1,716.5,980,0,303.1,566.364,33486.3333333333,5581.05555555556,0,0,0,0,0
878333201,14,2,4,42366.336,10591.584,3052.65,0,8700,3186,3204,6100,9840.626,700,7198,4,0,381.06,41766.6666666667,10441.6666666667,0,0,0,0,0
640908333,14,1,3,11170.487,3723.49566666667,2654.29,3031,1000,424.8,35,0,3327.447,0,108.25,0,389.7,200,15045,5015,0,0,0,0,0
808975513,14,2,3,11992.69,3997.56333333333,779.4,779.4,0,501.4,389.7,2599.5,1350.96,911,1311,0,870.33,2500,12666.6666666667,4222.22222222222,0,0,0,0,0
532728935,14,1,3,8986.54,2995.51333333333,4278.04,0,400,1070,96,0,0,674,1383,300,649.5,136,6800,2266.66666666667,0,0,0,0,0
879509459,14,2,1,7304.162,7304.162,922.29,0,440,996,100,173.2,1621.474,206,1306,0,649.5,889.698,9000,9000,0,0,0,0,0
117680208,14,1,1,9849.56,9849.56,277.12,0,0,1118.8,296.6,5196,0,1125.2,1078,0,0,757.84,14833.3333333333,14833.3333333333,0,0,0,0,0
901668838,14,2,2,20183.1889,10091.59445,3041.0889,1169.1,1100,7920,342.48,0,2985.7,300,800,200,1082.5,1242.32,31605,15802.5,1732,0,0,1,0
295336553,14,1,4,17770.678,4442.6695,6421.39,0,390,4392,251.55,0,4589.4,400,450,100,0,776.338,20800,5200,0,0,0,0,0
765324300,14,1,2,6761.5924,3380.7962,2411.81,0,700,1570.16,168,368.05,399.5724,524,225,0,0,395,12007,6003.5,0,0,0,0,0
550822315,14,2,2,42823.8858,21411.9429,6159.1219,303.1,3300,3935,8243.625,4719.5106,4085.305,2482,5760,0,2294.9,1541.3233,193333.333333333,96666.6666666667,2294.9,0,0,1,0
815647459,14,1,1,17525.46,17525.46,7763.69,0,1720,1582.82,2204.16,1500,0,330,1036,150,0,1238.79,8700,8700,0,0,0,0,0
296125336,14,3,3,120222.9807,40074.3269,10857.8647,5131.05,4220,5068,11214.106,390,34062,5098,35010,0,2771.2,6400.76,94665,31555,779.4,0,0,1,0
328905387,14,1,1,16905.424,16905.424,2279.312,2420.47,2300,2661.35,1100,1900,140.292,1686,2248,0,0,170,42000,42000,0,0,0,0,0
46123497,14,2,2,7573.156,3786.578,2905.43,0,830,683.72,708.05,50,112,0,1792,0,0,491.956,16600,8300,0,0,0,0,0
446346808,14,2,3,18893.179,6297.72633333333,606.2,0,0,9754,476.3,2280,2251.6,860,995,0,866,804.079,19326.3333333333,6442.11111111111,0,0,0,0,0
159330013,14,1,2,7303.46,3651.73,2260.26,1143.12,900,860,100,0,762.08,576,390,0,0,312,3133.33333333333,1566.66666666667,0,0,0,0,0
752192187,14,2,4,29662.51,7415.6275,8898.15,0,10020,2036.2,0,80,180,512,1900,1670,1801.28,2564.88,18600,4650,1645.4,512,1,1,0
121015804,14,2,1,13637.63,13637.63,922.29,207.84,2300,4785.1,616,0,1480,1060,312.8,0,1212.4,741.2,12000,12000,0,0,0,0,0
761653701,14,1,4,11160.585,2790.14625,2403.15,0,2440,1500,566.295,120,856,2080,878,0,0,317.14,36166.6666666667,9041.66666666667,0,0,0,0,0
838974631,14,1,3,13342.23,4447.41,4156.8,2121.7,0,551,0,2727.9,2385.83,0,100,0,1299,0,25157.44,8385.81333333333,1299,0,0,1,0
487128168,14,1,1,6976.0375,6976.0375,2845.8925,545.58,750,968,272,0,0,1116,70,0,0,408.565,4000,4000,0,0,0,0,0
408816055,14,1,2,10888.666,5444.333,3576.58,0,2490,624,880,1082,1054.56,880,0,0,0,301.526,8080,4040,0,0,0,0,0
506660155,14,1,7,15576.673,2225.239,5289.7012,584.55,0,1044,1340,0,476.3,0,5710,0,303.1,829.0218,30433.3333333333,4347.61904761905,0,0,0,0,0
981192099,14,1,4,9211.20159999999,2302.8004,5351.88,0,0,1050,497.95,866,699.3816,300,0,0,216.5,229.49,11800,2950,0,0,0,0,1
558326606,14,1,4,8063.76,2015.94,3290.8,277.12,0,754.4,0,0,1615.09,433,754.9,84,268.46,585.99,6833.33333333333,1708.33333333333,0,0,0,0,0
708063794,14,1,4,11006.59,2751.6475,2957.39,0,2970,4290,593.2,0,0,0,96,0,0,100,14900,3725,0,0,0,0,0
84417517,14,2,2,18480.0558,9240.0279,3433.69,0,0,1186.335,270,8373.45,3644,794,400,0,0,378.5808,23229,11614.5,0,0,0,0,0
516384720,14,1,1,18150.14,18150.14,640.84,0,0,8183.68,1095,0,692.8,800,3660.24,800,2277.58,0,13000,13000,1649.73,240,1,1,0
21522980,14,2,5,33963.424,6792.6848,2022.11,1056.52,10400,4510,1305,0,2588.244,1930,3700,5100,151.55,1200,40000,8000,151.55,0,0,1,0
966321696,14,1,9,32039.0732,3559.89702222222,12968.35,0,3250,1753,572.09,2684.6,2234.28,2021,1349,80,1493.85,3632.9032,25566.6666666667,2840.74074074074,0,0,0,0,0
237972998,14,1,3,19176.935,6392.31166666666,686.305,0,200,3270,353.9,864,4409.16,1950,2299.5,0,4524.85,619.22,19000,6333.33333333333,2598,0,0,1,0
745969230,14,2,3,53271.874,17757.2913333333,10630.15,0,5140,22644,500,570,7824.624,1798,3410,0,0,755.1,182750,60916.6666666667,0,0,0,0,0
998772210,14,2,4,23570.4145,5892.603625,10662.9281,0,1100,1085,346.6414,1420,2269.58,700,32.475,3470,1190.75,1293.04,39076,9769,844.35,0,0,1,0
316292481,14,1,2,12848.256,6424.128,6564.28,0,200,3508,342.84,400,1018.416,460,100,0,0,254.72,21200,10600,0,0,0,0,1
563449734,14,1,6,8283.9324,1380.6554,2914.09,0,1015,1217.7,127,844.35,676.6924,849.5,539.6,0,0,100,6230,1038.33333333333,0,0,0,0,0
397647334,14,2,2,17643.1,8821.55,2533.05,0,0,5150,649.5,0,2165,1450,4600,0,216.5,879.05,25000,12500,216.5,0,0,1,0
574003541,14,2,3,53490.07,17830.0233333333,10556.54,173.2,1500,10284.59,1533.19,1190,8074.4,1750,12626,3000,866,1936.15,62333.3333333333,20777.7777777778,0,0,0,0,0
880525720,14,1,7,42519.76,6074.25142857143,8175.04,1766.64,4500,18490,308.25,0,692.8,1360,1000,1508,4394.95,324.08,64166.6666666667,9166.66666666667,1905.2,0,0,1,0
950839120,14,1,1,7761.66,7761.66,1931.18,433,275,3750,269.9,0,64,250,496,0,0,292.58,8000,8000,0,0,0,0,0
431702945,14,1,1,3068.55,3068.55,476.3,346.4,250,450,100,216.5,80,8,580,0,173.2,388.15,6000,6000,173.2,0,0,1,0
438100360,14,2,1,28073.853,28073.853,6412.297,3507.3,5950,3605.8,823.45,0,1299,1656.61,1930,0,909.3,1980.096,12000,12000,909.3,0,0,1,0
117308522,14,2,5,40168.6152,8033.72304,16068.63,0,1800,3492.75,1670,500,6270.7052,1100,5678,0,3009.35,579.18,27533.3333333333,5506.66666666667,0,0,0,0,0
810915653,14,1,2,10085.12,5042.56,2268.92,519.6,1390,3770,15,0,500,410,680,12,519.6,0,6700,3350,0,0,0,0,0
136899351,14,1,5,11510.5947,2302.11894,6719.6837,142.8467,1800,511,30,266.2517,0,923.52,320,80,0,717.2926,16586,3317.2,0,0,0,0,1
408468305,14,2,2,49412.0769,24706.03845,11685.2411,3398.617,5730,2757,3783.541,2800,2407.5,1494.9,8935.1,500,3467.7,2452.4778,21333.3333333333,10666.6666666667,2987.7,0,0,1,0
917872113,14,2,2,11863.91,5931.955,5434.15,0,1000,1410.23,35,190,2165,1030,80,0,0,519.53,12916.6666666667,6458.33333333333,0,0,0,0,0
422654976,14,1,3,10904.8897,3634.96323333333,3043.0374,516.7422,820,1200,270,260,0,150,600,160,3290.8,594.3101,12000,4000,0,0,0,0,0
16790508,14,1,3,9856.17640000001,3285.39213333334,5494.77,0,90,830,138.56,500,1039.2,200,700,0,822.7,40.9464,31133.3333333333,10377.7777777778,822.7,0,0,1,1
270144167,14,1,2,12381.703,6190.8515,3121.064,0,330,2450,1307.635,280,3773.004,0,810,0,0,310,19259,9629.5,0,0,0,0,0
357799876,14,2,4,30946.6688,7736.6672,6023.03,0,3450,1642.6,320,1590.34,7801.68,650,3834.6228,0,4221.75,1412.646,15633.3333333333,3908.33333333333,3204.2,0,0,1,0
525506167,14,2,3,24760.71,8253.56999999999,5780.55,1818.6,6110,2160.4,1746,1084.55,150,950,1800,0,1753.65,1406.96,41800,13933.3333333333,1363.95,2626.96,1,1,0
114555047,14,2,4,17067.603,4266.90075,2203.537,0,0,2891,1178.26,0,1899,3450,2002,0,2814.5,629.306,77200,19300,0,0,0,0,0
630544634,14,1,5,25280.1284,5056.02568,12128.2434,2242.94,2630,1150,1275.29,772.905,374.75,324,1070,424,2598,290,23152.99,4630.598,1991.8,0,0,1,0
775083655,14,2,3,18471.804,6157.268,8105.76,0,1350,1685,350.234,1300.25,2011.55,1230,900,0,1212.4,326.61,20200,6733.33333333333,866,0,0,1,0
197204906,14,1,2,28179.1316,14089.5658,8121.0016,0,5590,5400,90.93,2537.38,1576.12,1134,3040,0,389.7,300,55000,27500,0,0,0,0,0
171742954,14,1,2,1489.822,744.911,199.18,411.35,0,522.5,0,0,356.792,0,0,0,0,0,1066.66666666667,533.333333333333,0,0,0,0,0
767268027,14,2,2,20408.56,10204.28,3598.23,0,2200,4073.43,0,6200,952.6,820,400,0,1299,865.3,21078.17,10539.085,0,0,0,0,0
44466174,14,2,5,11160.4708,2232.09416,584.55,0,450,2346.8,80,0,4082.1508,480,500,0,2636.97,0,25658,5131.6,2576.35,0,0,1,0
976247076,14,3,3,57299.69,19099.8966666667,8898.15,0,980,10390.96,2280,6000,7769,2660,11195,1900,1818.6,3407.98,66000,22000,562.9,0,0,1,0
129483334,14,2,6,32530.384,5421.73066666666,8221.804,1818.6,1640,1430,401.74,5958.9,3365.24,282,1782.5,217.2,6668.2,744.2,48608,8101.33333333333,6018.7,0,0,1,0
595080188,14,2,3,59970.86,19990.2866666667,4394.95,0,4800,2371,2934,8860,18839.83,2380,5040,3500,4243.4,2607.68,79083.3333333333,26361.1111111111,4243.4,0,0,1,0
556188149,14,2,1,32258.8592,32258.8592,8376.385,541.25,800,1030,474.4,2239.5342,7452.84,2320,1900,600,5856.6,667.85,24100,24100,3117.6,0,0,1,0
742768794,14,1,1,39599.4591,39599.4591,3287.6391,2987.7,8100,6260,575.2,4681.49,1877.75,1300,3430,2400,3247.5,1452.18,21450,21450,3247.5,0,0,1,0
638370123,14,1,4,28113.579,7028.39474999999,5562.2747,0,500,6608.1,300.8287,600,4025.159,5084.7,2035.65,0,2489.75,907.1166,31800,7950,995.9,0,0,1,0
997862304,14,1,2,15074.3354,7537.1677,2157.9421,139.7291,1890,1551,1000.725,6626.6,32.64,440,650,0,0,585.6992,18440,9220,0,0,0,0,0
937994050,14,2,1,9301.98689999999,9301.98689999999,1987.1669,1127.7485,0,2101.27,140,440,0,250,1485.872,0,0,1769.9295,20246,20246,0,0,0,0,0
822512917,14,2,5,20807.6,4161.52,8313.6,866,390,1700,996,0,224,3448,1350,1105,2165,250,46416.6666666667,9283.33333333333,0,0,0,0,0
338395863,14,2,3,23887.49,7962.49666666666,6559.95,277.12,1000,1580,933.94,3641.66,4913.2,1790,2253.51,0,150.6,787.51,28483.3333333333,9494.44444444444,86.6,0,0,1,0
252503860,14,1,5,4870.55,974.11,2922.75,0,0,700,50,0,692.8,433,0,72,0,0,9800,1960,0,0,0,0,1
643986889,14,2,4,67823.4054,16955.85135,5953.75,0,3200,43002.96,1500,0,5550.466,1450,1480.0734,2580,2294.9,811.256,27166.67,6791.6675,2294.9,0,0,1,0
345241818,14,1,1,3181.66,3181.66,1221.06,0,20,684.24,94.6,441.66,0,616.1,104,0,0,0,3573.33333333333,3573.33333333333,0,0,0,0,0
646801393,14,2,3,15328.2425,5109.41416666667,3011.2552,298.77,1400,1480,398.07,1610.0185,2811.7288,1320,1430,0,1558.8,9.6,39713,13237.6666666667,1558.8,0,0,1,0
903368495,14,2,2,12591.77,6295.885,1870.56,0,840,1970,1112.95,1059.5,2334.28,280,1042,250,1558.8,273.68,36803.3333333333,18401.6666666667,1558.8,0,0,1,0
765376399,14,1,1,21292.7598,21292.7598,5177.2078,324.75,3100,7850,213.902,0,176,0,2882,0,909.3,659.6,13333.3333333333,13333.3333333333,909.3,0,0,1,0
57096620,14,1,1,7218.307,7218.307,3214.159,0,910,606,83.04,272,0,1266,147,0,0,720.108,17000,17000,0,0,0,0,0
972310052,14,1,1,24988.5976,24988.5976,3248.9289,0,2800,9600,2461.6687,0,128,900,1200,4500,0,150,18000,18000,0,0,0,0,0
329557801,14,1,2,21494.171,10747.0855,6001.813,0,400,4268.8,3070.6,323.2,5770.158,300,840,0,519.6,0,17580,8790,0,0,0,0,0
544869558,14,2,2,38246.07,19123.035,6906.35,1472.2,2350,2730,6424,2801.87,4766.65,1850,2790,1000,3637.2,1517.8,70696.6666666667,35348.3333333333,4503.2,0,0,1,0
56059890,14,1,1,13468.5504,13468.5504,1442.4529,363.3736,1000,3955.35,0,0,1127.8255,882,300,0,4113.5,284.0484,10000,10000,3897,0,0,1,0
747419144,14,1,5,21113.768,4222.7536,8664.33,1073.84,5330,2060,879.08,0,457.248,0,520,128,1117.14,884.13,12366.6666666667,2473.33333333333,0,0,0,0,0
582931125,14,1,3,12351.0624,4117.0208,4757.804,0,160,1690,1856.2877,150,2183.64,1000,0,0,95.26,458.0707,21000,7000,0,0,0,0,0
137236919,14,2,2,54537.6998,27268.8499,10150.8623,0,5000,18050.71,120,1280,4998,2170,4630,0,6446.2875,1691.84,89288,44644,0,0,0,0,0
759383667,14,2,2,32854.62,16427.31,4654.75,0,4700,4962.02,798.4,0,10652.8,2069,2480,0,887.65,1650,48900,24450,779.4,0,0,1,0
418647200,14,1,2,10806.5122,5403.2561,5373.53,0,180,2194,473.16,120,128,1065.5,480,80,0,712.3222,12950.5,6475.25,0,0,0,0,0
761467575,14,1,2,14794.89764,7397.44882,7114.19,0,1100,1750,82,810,736.1,737.5,824.1,0,0,1641.00764,34275.8333333333,17137.9166666667,0,0,0,0,0
399184131,14,1,7,14095.04,2013.57714285714,3528.95,0,850,3433,1069.5,500,1672.49,543,579,0,995.9,923.2,49566.6666666667,7080.95238095238,995.9,0,0,1,0
563036731,14,2,3,45755.267,15251.7556666667,6559.517,0,3310,1921,2437,4600,1955.19,11510,4024.8,6600,1896.54,941.22,61840,20613.3333333333,0,0,0,0,0
786036912,14,1,3,14672.9754,4890.9918,4561.222,1056.52,1030,811.3,1431.479,450,1818.8598,0,809,300,627.85,1776.7446,23341,7780.33333333333,0,0,0,0,0
19338489,14,1,4,29891.4512,7472.8628,9169.4245,281.45,3080,9819,2261.8267,0,208,2048,933,600,866,624.75,29600,7400,0,0,0,0,0
798339883,14,2,4,32911.1072,8227.7768,3801.3503,0,5400,1882.96,5990,0,11588.7,250,1922.7,0,1083.9289,991.468,17689.8333333333,4422.45833333333,0,0,0,0,0
752808861,14,1,4,38401.0028,9600.2507,8072.7221,3355.6634,4850,900.92,1220.0047,0,3819.8,1454,2834,12,9326.2,2555.6926,43195.1666666667,10798.7916666667,3247.5,0,0,1,0
258144148,14,1,4,16147.7352,4036.9338,8032.15,155.88,350,1777,0,0,4579.3052,0,100,24,779.4,350,10200,2550,216.5,0,0,1,0
306494604,14,1,2,26367.1612,13183.5806,9494.2178,0,1500,3600,5282,0,1662.2,1188,1446.6,0,0,2194.1434,16200,8100,0,0,0,0,0
208348592,14,2,3,27094.68,9031.56,4035.56,736.1,600,7800,736.1,0,7334.2,649.5,1000,100,3767.1,336.12,42100,14033.3333333333,3550.6,0,0,1,0
781597753,14,1,1,21311.356,21311.356,1108.48,0,3590,6805.7,191.2,800,1781.6,620,3126,0,2641.3,647.076,16046.3333333333,16046.3333333333,1169.1,0,0,1,0
174904417,14,1,1,8451.87,8451.87,3476.99,0,1400,1998.88,1350,0,0,226,0,0,0,0,9000,9000,0,0,0,0,0
149653627,14,1,2,13419.4,6709.7,2476.76,0,1570,980,299.65,1594.5,1589.8,1162,1182.9,12,2294.9,256.89,12650,6325,0,0,0,0,0
452434106,14,3,3,32376.4442,10792.1480666667,5608.8222,1602.1,4300,3945.45,3630.015,0,3031,550,1850,0,2338.2,5520.857,13132.31,4377.43666666667,2338.2,0,0,1,0
162890900,14,2,3,84165.6363,28055.2121,27334.5106,0,0,1950,2628.31,11093.2437,3146.912,1750,3060,10500,11483.16,11219.5,60800,20266.6666666667,0,0,0,0,0
23805100,14,2,3,17552.1634,5850.72113333333,4281.2875,1732,2700,823,882.415,627.43,2247.5909,1500,750,0,952.6,1055.84,19400,6466.66666666667,0,0,0,0,0
218483102,14,1,4,43800.284,10950.071,3585.24,987.24,0,22580,755,4022.7,1144.104,2700,6040,0,0,1986,16500,4125,0,0,0,0,0
673991228,14,1,3,40242.84283,13414.2809433333,13377.92903,160.21,1550,1791,3152.745,18300.5488,0,419,100,0,0,1391.41,26000,8666.66666666667,0,0,0,0,0
403395107,14,1,1,16649.378,16649.378,6395.41,0,2540,1644.35,797.49,0,0,1760,3300,0,0,212.128,15000,15000,0,0,0,0,0
995258426,14,1,5,10840.4,2168.08,7404.3,303.1,0,1450,0,0,433,600,150,400,0,100,22250,4450,0,0,0,0,1
810109080,14,1,2,9390.975,4695.4875,404.855,329.08,0,5860,100,50,554.24,600,800,0,692.8,0,15000,7500,692.8,0,0,1,0
7908525,14,2,5,38019.478,7603.8956,11202.6193,194.85,11560,1530,462,0,3579.204,3409.5,330,0,5503.43,247.8747,22125,4425,5239.3,0,0,1,0
433861257,14,2,2,30623.3637,15311.68185,7595.2097,0,4500,2830,1149.5,800,7577.5,550,4650,0,0,971.154,72090,36045,0,0,0,0,0
20746986,14,1,3,26276.3975,8758.79916666667,5476.3675,173.2,0,1489,880,5255,1281.68,1601,1656.4,2510,5131.05,822.7,33912,11304,3702.15,0,0,1,0
579881286,14,2,4,39928.09,9982.0225,2299.23,259.8,700,960,1340.75,0,13621.26,1248,16466,0,2359.85,673.2,45314,11328.5,1580.45,0,0,1,0
178608744,14,1,3,12625.84,4208.61333333333,4931.87,0,1700,853.33,3340,0,606.2,233.33,652.8,0,0,308.31,4000,1333.33333333333,0,0,0,0,0
784447127,14,1,4,17469.67,4367.4175,2680.27,259.8,1040,8540,0,1070,692.8,2467,460,0,259.8,0,22500,5625,0,0,0,0,0
849290783,14,2,4,27489.984,6872.496,1822.93,259.8,370,5276,442.07,452,15597.606,316,2151,150,519.6,132.978,35466.6666666667,8866.66666666667,173.2,0,0,1,0
869793284,14,2,3,13130.8917,4376.9639,2409.6017,450.32,2630,1830,101.94,0,913.79,750,1360,0,2208.3,476.94,27000,9000,2035.1,0,0,1,0
183334110,14,2,4,31988.284,7997.071,3879.68,0,9700,2635,1750,0,2922.75,2750,5130,0,1732,1488.854,35000,8750,1299,0,0,1,0
21950802,14,1,4,12901.73,3225.4325,3901.33,173.2,870,2010,495,240,51.2,1704.5,2948.5,108,0,400,11000,2750,0,0,0,0,0
622079544,14,2,2,50123.6598,25061.8299,3905.66,1667.05,10760,8725.7,700,0,9027,0,10083.44,0,4438.25,816.5598,55375,27687.5,0,64,1,0,0
309318784,14,1,2,6774.5699,3387.28495,1442.0199,471.97,125,650,1200,0,0,667.1,274.86,0,1532.82,410.8,6712.5,3356.25,1532.82,0,0,1,0
56292134,14,1,1,8409.774,8409.774,2247.27,0,870,742.4,250,550,777.12,523.56,1508.2,0,0,941.224,6396,6396,0,0,0,0,0
570013058,14,1,1,14780.25,14780.25,1082.5,0,2780,5269,313.6,200,160,1160,1750,0,1017.55,1047.6,7500,7500,0,0,0,0,0
260594146,14,1,3,13388.568,4462.856,9248.88,0,850,21.2,1657.4,577.23,846.948,0,70,0,0,116.91,7500,2500,0,0,0,0,1
350177697,14,1,3,15145.0989,5048.3663,4689.6065,566.7104,0,3245,366.7943,3466.9877,0,1500,960,0,0,350,22500,7500,0,0,0,0,0
248808506,14,2,3,34648.25,11549.4166666667,4130.82,1515.5,2220,3630,759.68,5055.84,5178.5,308,4665.58,0,2771.2,4413.13,28225,9408.33333333333,736.1,0,0,1,0
406111401,14,1,1,19410.99,19410.99,3464,1242.71,0,5551.15,5003.13,950,0,1460,1090,0,0,650,18205,18205,0,0,0,0,0
927960542,14,1,2,20293.29,10146.645,2048.09,0,4730,4375,589,0,0,1400,3432.4,0,3117.6,601.2,25000,12500,0,0,0,0,0
725979912,14,3,2,41901.8872,20950.9436,11671.948,1320.65,7910,5788.5,290,2676,4542,1760,2574.208,360,2165,843.5812,54393,27196.5,0,0,0,0,0
226658264,14,1,2,24103.9927,12051.99635,7366.8888,0,1810,1906.411,439.4694,9279.37,0,651,840,0,692.8,1118.0535,23051.3333333333,11525.6666666667,692.8,0,0,1,0
27219077,14,1,2,12206.978,6103.489,3862.36,0,1170,579.31,460,146,2024.708,580,700,0,2684.6,0,21623.3333333333,10811.6666666667,0,0,0,0,0
448607147,14,2,2,13072.99,6536.495,3204.2,0,430,1200,100,3561.2,1058,633,1100,0,1299,487.59,22192,11096,1299,0,0,1,0
284788863,14,1,4,33921.855,8480.46375,8846.19,0,1970,1487.1,1626.2,1040,6221.595,890,2113.6,0,8768.25,958.92,17415.66,4353.915,7274.4,0,0,1,0
814522358,14,2,3,60862.8348,20287.6116,13074.6948,0,4850,9500,19.2,10160,2165,2600,8050,5500,1255.7,3688.24,73067,24355.6666666667,0,0,0,0,0
559848578,14,1,4,12032.156,3008.039,3153.106,0,1710,4095,151.55,0,801.8,0,600,518,822.7,180,12333.3333333333,3083.33333333333,0,0,0,0,0
535184482,14,2,4,15527.78,3881.945,4846.136,173.2,0,1986,2149.91,250.93,3680.5,142.89,1491.96,0,324.75,481.504,16950,4237.5,0,0,0,0,0
657573801,14,2,2,20807.29,10403.645,1541.48,740.43,450,1828,273.6,3000,4883,4010,3168.4,0,606.2,306.18,23500,11750,0,2656,1,0,0
369239511,14,1,1,12918.0812,12918.0812,706.8292,2121.7,1830,558.06,654,5400,170.292,516,700,0,0,261.2,5700,5700,0,0,0,0,0
198703964,14,2,3,18777.865,6259.28833333333,5386.52,917.96,800,1050,175.365,3590.8,1991.8,880,1000,0,2407.48,577.94,37000,12333.3333333333,606.2,0,0,1,0
402513407,14,2,4,47454.8435,11863.710875,10778.4092,1099.82,9940,3113.96,80,4806.55,4306.6,1138,6499,4192,519.6,980.9043,42215,10553.75,0,0,0,0,0
130879763,14,2,3,42181.9447,14060.6482333333,17219.4141,1669.8212,1350,6162.5,623.1249,639.6,9685,500,2166,300,0,1866.4845,22500,7500,0,0,0,0,0
373253436,14,2,4,22461.2866,5615.32165,4059.375,0,0,3400,286.6,400,2154.2616,1550,7431.4,2460,372.38,347.27,57550,14387.5,0,186.12,1,0,0
78136007,14,2,4,57564.2169,14391.054225,2697.3302,207.84,50,3710.4,1085,749.2,29433.29,1443.26,9808,4400,2772.51,1207.3867,39666.6666666667,9916.66666666667,1472.2,0,0,1,0
790158445,14,2,4,35079.1825,8769.795625,13746.2345,2234.28,2000,2725,1059.44,1200,1299,1800,7261.488,0,1203.74,550,37695,9423.75,822.7,0,0,1,0
88617488,14,2,3,55748.59,18582.8633333333,4394.95,0,7600,8150,4420,6500,1732,1550,15550,0,1515.5,4336.14,60000,20000,1515.5,0,0,1,0
914001961,14,2,3,31018.0898,10339.3632666667,6222.5997,0,2800,1954.76,362.8494,820,1784.7,650,10028.15,2300,3082.96,1012.0707,54368,18122.6666666667,2121.7,0,0,1,0
139822114,14,2,4,37564.8889,9391.222225,6735.315,1321.3861,1600,2035,4188.755,0,2389,710,5182.5,11100,433,1869.9328,56533.3333333333,14133.3333333333,0,0,0,0,0
820451588,14,2,4,44972.6394,11243.15985,6826.245,0,0,10449,112,7992.6,8804,2700,2374.64,0,3853.7,1860.4544,20000,5000,692.8,0,0,1,0
239008341,14,1,1,9384.6775,9384.6775,3224.7675,0,2600,415,1096,0,1329.31,710,0,0,0,9.6,7600,7600,0,0,0,0,0
153387891,14,2,1,19270.67,19270.67,3295.13,346.4,3900,2960,192,0,1643.5,1500,2200,0,2511.4,722.24,25566.6666666667,25566.6666666667,2511.4,0,0,1,0
378217253,14,2,2,44220.22,22110.11,2035.1,584.55,1200,10669.1,5000,697.12,6212.5,2100,6300,0,6321.8,3100.05,40600,20300,5997.05,0,0,1,0
550320755,14,2,3,37526.964,12508.988,5520.75,1212.4,3200,6155.74,3953.59,1160,9601.3,1900,1140,2380,0,1303.184,37330,12443.3333333333,0,0,0,0,0
776469558,14,2,4,66142.132,16535.533,16202.86,0,5400,6330,4159.01,1615.68,10188.64,3389,4125.5,500,10950.57,3280.872,102268,25567,10911.6,1250,1,1,0
851411223,14,1,1,9335.981676,9335.981676,1956.0775,0,630,4330,129,424.75,0,1160,330,0,0,376.154176,7660,7660,0,0,0,0,0
136288788,14,2,2,32641.404,16320.702,4459.9,0,2000,7920,180,4060,3647.664,3340,460,1500,4546.5,527.34,64000,32000,0,0,0,0,0
980885908,14,1,3,5938.487,1979.49566666667,2078.4,0,180,2150.86,20,0,646.4,536,220,0,64.95,41.877,10770,3590,0,0,0,0,0
707190517,14,2,2,25566.2427,12783.12135,4407.3338,1948.5,800,3199.5,2494.395,2124.8915,5380.08,2143,1100,0,1030.54,938.0024,17640,8820,467.64,800,1,1,0
996414233,14,1,3,11004.14,3668.04666666667,1350.96,108.25,2670,1560,250,0,433,814,2042.5,0,1428.9,346.53,17500,5833.33333333333,519.6,0,0,1,0
190547667,14,2,3,24106.13,8035.37666666666,4962.18,0,1900,3396.71,1373.84,1922.5,2948,2964,1780,2250,0,608.9,24572,8190.66666666667,0,0,0,0,0
703707304,14,2,7,29763.338,4251.90542857143,684.14,238.15,8370,3130,1532,6150,1960.548,1980,4534.4,172,736.1,276,29300,4185.71428571429,346.4,0,0,1,0
566589219,14,2,4,30638.8889,7659.722225,12189.2964,238.15,780,1780,1352.4134,900,5134.679,3890,1140,1200,0,2034.3501,49957.44,12489.36,0,0,0,0,0
634557856,14,3,5,73366.747,14673.3494,18672.692,1318.485,5650,14600,2120,1200,14617.78,3900,4532.5,600,4377.63,1777.66,94008.3333333333,18801.6666666667,3663.18,0,0,1,0
165579426,14,1,2,11203.4838,5601.7419,2683.9938,2121.7,2900,1022.79,0,1275,0,600,600,0,0,0,11425.8333333333,5712.91666666667,0,0,0,0,0
186662833,14,2,3,43453.32,14484.44,1931.18,216.5,2300,3144,234,0,29082.5,1100,1310,2100,1082.5,952.64,18416.6666666667,6138.88888888889,0,0,0,0,0
96725608,14,2,2,26091.575,13045.7875,3150.075,0,5900,2896,1920,1160,9480.5,955,630,0,0,0,62656.6666666667,31328.3333333333,0,0,0,0,0
350230168,14,2,4,26609.2758,6652.31895,10341.339,2121.7,520,1650.6,442.89,964.0968,2594,1100,1996,2084,1801.28,993.37,27666.6666666667,6916.66666666667,866,0,0,1,0
509315381,14,3,2,26464.4328,13232.2164,3221.953,0,5400,2950,448,2566.0798,4497.6,1969,3687,0,866,858.8,57990,28995,0,0,0,0,0
828981151,14,1,3,15952.7878,5317.59593333333,1143.12,108.25,1180,3710,0,0,6431.5678,600,1200,12,519.6,1048.25,34400,11466.6666666667,0,0,0,0,0
476044250,14,1,2,14206.47,7103.235,4234.74,0,959,3848,503.1,1952.6,1040.23,200,600,0,346.4,522.4,31682.6666666667,15841.3333333333,216.5,0,0,1,0
943150248,14,2,5,32848.72,6569.744,6785.11,103.92,5540,5062,1301.3,580,2881.5,650,3510,3000,2576.35,858.54,41150,8230,2489.75,0,0,1,0
804553520,14,1,3,45477.8908,15159.2969333333,9097.5898,0,2400,11040,4501.988,3488.539,1060.85,2260,5500,1800,3329.77,999.154,32000,10666.6666666667,1056.52,0,0,1,0
248359076,14,2,2,23171.395,11585.6975,5375.695,2121.7,4200,1480,663.21,200,6508,0,2050,0,0,572.79,31666.6666666667,15833.3333333333,0,0,0,0,0
334012360,14,1,2,7040.162,3520.081,2268.92,0,750,2485,28,216.5,140.292,470,200,0,281.45,200,3540,1770,281.45,0,0,1,0
319141214,14,2,2,10541.499,5270.7495,3972.775,1160.44,0,2500,0,400,280.584,1298,540,0,389.7,0,13629.8333333333,6814.91666666667,389.7,0,0,1,0
24424857,14,3,4,114577.48,28644.37,8521.44,0,2000,17280,8554,9265.7,26186.4,2735,11135,800,24454,3645.94,114116.666666667,28529.1666666667,13552.9,0,0,1,0
880482810,14,1,2,9540.89,4770.445,1008.89,0,2980,640,688,510,0,850,564,0,0,2300,14700,7350,0,0,0,0,0
861539729,14,1,3,13256.32,4418.77333333333,1996.13,0,1659,575,2195.29,3878.9,0,972,470,0,0,1510,15531,5177,0,0,0,0,0
32700142,14,2,3,33116.904,11038.968,8083.8069,0,1500,2060,1094.3404,0,4632.6,2940,9499,2364,0,943.1567,39300,13100,0,0,0,0,0
37039017,14,1,1,10242.69,10242.69,584.55,0,500,2300,4128,300,294.44,880,0,0,1212.4,43.3,24000,24000,909.3,0,0,1,0
179734336,14,2,2,24995.94,12497.97,2294.9,1515.5,3200,2938.52,600,6000,5169.56,800,330,0,1060.85,1086.61,64500,32250,281.45,0,0,1,0
766805874,14,1,1,7043.335,7043.335,759.915,0,230,4965,85,0,277.12,0,0,0,476.3,250,20135,20135,476.3,0,0,1,0
813756654,14,2,3,3631.6,1210.53333333333,1268.69,0,110,570,56.29,0,710.12,216.5,350,0,0,350,6951.66666666667,2317.22222222222,0,0,0,0,0
922112667,14,1,1,6831.322,6831.322,2948.73,329.08,75,1014.4,394.66,0,841.752,300,360,0,389.7,178,6000,6000,0,0,0,0,0
813330735,14,1,1,9041.3657,9041.3657,3244.4257,0,730,796.4,412.13,1930,0,306,706,0,519.6,396.81,15365.3333333333,15365.3333333333,0,0,0,0,0
261906110,14,1,2,17056.98,8528.49,4438.25,0,2000,2250,864.45,375,2523.58,1750,1600,0,1255.7,0,5000,2500,562.9,0,0,1,0
849259916,14,3,4,28196.534,7049.1335,5815.19,866,2180,2868,200,0,4561.6,2055.5,1768.05,228,7101.2,552.994,39600,9900,5369.2,0,0,1,0
948830665,14,1,6,15825.68,2637.61333333333,7772.35,0,600,1400,956,2652.33,0,1175,970,0,0,300,35175,5862.5,0,0,0,0,0
819786322,14,1,3,33579.85,11193.2833333333,6291.49,0,8000,1939.64,4405.37,2476.3,1098.2,1186,3109.5,1212,0,3861.35,21500,7166.66666666667,0,0,0,0,0
367087833,14,1,1,10620.01,10620.01,3451.01,0,250,2258,270,0,3511,0,700,0,0,180,12000,12000,0,0,0,0,0
793529028,14,1,6,25268.5144,4211.41906666666,9422.08,0,2290,1662,319.9,0,1652.6744,636.8,8416,0,476.3,392.76,30370,5061.66666666667,0,0,0,0,0
