id,provincia,propauto,cantmiem,gastot,gastotpc,gc_01,gc_02,gc_03,gc_04,gc_05,gc_06,gc_07,gc_08,gc_09,gc_10,gc_11,gc_12,ingtoth,ingpch,tn_restaurant,tn_internet,cat_gastos_internet,cat_gastos_restaurant,cat_gc_01
2661496,58,1,3,18536.6,6178.86666666667,2035.1,0,0,11840,0,0,0,1280,2215.5,0,866,300,11666.6666666667,3888.88888888889,866,0,0,1,0
116196879,58,1,4,12083.29,3020.8225,4018.24,433,550,562,0,0,922.29,1299,579.29,0,3719.47,0,29713.6666666667,7428.41666666667,4862.59,866,1,1,0
643331570,58,2,2,38038.2264,19019.1132,5185.0884,0,3900,1658,5531.4,129.9,8201.27,2409,4160,0,5022.8,1840.768,64794,32397,0,0,0,0,0
729277429,58,3,3,43118.924126,14372.9747086667,4091.2438,964.0745,0,11228.25,1380,730.471,12675.8,1965.63,5772.25,0,649.5,3661.704826,68986,22995.3333333333,0,540,1,0,0
546783351,58,1,2,10016.9567,5008.47835,1781.7517,188.355,1000,1636,1763,0,482.85,1640,1525,0,0,0,14944,7472,0,0,0,0,0
271073874,58,2,2,35844.708,17922.354,8920.233,534.322,7980,1360.69,2952.91,8108.4,1065.674,624.18,2132,0,0,2166.299,13382.6666666667,6691.33333333333,0,0,0,0,0
958633431,58,3,2,33941.3575,16970.67875,12232.0335,1235.782,4300,1763.8,1878.826,3200,2693,2197.16,2590.229,0,0,1850.527,32150,16075,0,0,0,0,0
992840760,58,2,1,25950.89,25950.89,10010.96,0,5700,797.5,4541.51,0,2139.55,720,790,0,0,1251.37,22178,22178,0,0,0,0,0
835472170,58,2,3,77987.13,25995.71,11366.25,0,4635,10855,1124.2,608,31502.38,4090,7342,4550,1299,615.3,59181.1333333333,19727.0444444444,0,2120,1,0,0
829759481,58,3,2,29734.16,14867.08,6460.36,0,4000,2530,2000,3800,2419,1420,1770,0,2008.7,3326.1,60250,30125,1082.5,0,0,1,0
509408730,58,2,5,37317.762,7463.5524,7092.54,0,230,3981.71,176.8,0,12811.58,3479,1144,0,8045.14,356.992,95243.1666666667,19048.6333333333,10331.38,1299,1,1,0
686693792,58,1,3,6456.31,2152.10333333333,2203.97,0,0,1834.06,0,0,1143.12,0,750,0,0,525.16,14916.6666666667,4972.22222222222,0,0,0,0,0
562713624,58,1,2,13676.46,6838.23,1299,844.35,650,6407,208,0,0,1399.6,500,0,2316.55,51.96,8083.33333333333,4041.66666666667,1537.15,0,0,1,0
445627548,58,3,2,27352.9385,13676.46925,8356.9,649.5,4600,1793.34,1076.71,5404.9225,1299,1027,1288,0,952.6,904.966,43144.1666666667,21572.0833333333,0,0,0,0,0
453014795,58,2,5,32008.536,6401.7072,3572.25,1407.25,3560,1406.95,161.6,0,6800,1479.6,2520,0,10889.95,210.936,58283.3333333333,11656.6666666667,1537.15,0,0,1,0
690312958,58,2,2,46051.9369,23025.96845,9943.5419,2511.4,1690,1250.025,2443.642,0,1299,549.75,916,0,0,25448.578,13916.6666666667,6958.33333333333,0,0,0,0,0
931726423,58,1,1,7110.142,7110.142,1688.7,2294.9,0,1602.43,0,0,374.112,0,1150,0,0,0,10833.3333333333,10833.3333333333,0,0,0,0,0
216931727,58,1,6,5265.34,877.556666666667,207.84,0,1800,2812.5,0,0,0,0,445,0,0,0,19447.3333333333,3241.22222222222,0,0,0,0,0
401343281,58,3,3,44118.05,14706.0166666667,23815,0,0,1930,0,0,10175.5,3526,800,0,2706.25,1165.3,182901.803333333,60967.2677777778,389.7,0,0,1,1
555676359,58,2,3,51731.55,17243.85,8235.66,5196,500,9000,1228,1636.1,5476.4,1949.7,5441.8,0,4042.85,9025.04,53059.6666666667,17686.5555555556,1407.25,0,0,1,0
768899752,58,2,3,47741.7348,15913.9116,6857.2478,0,0,16151.53,50,4000,10079.136,4125,1400.84,0,4198.801,879.18,57391.3333333333,19130.4444444444,995.9,0,0,1,0
963045567,58,1,4,44289.4082,11072.35205,12128.7197,502.28,6300,2129.05,5550.0934,1457.0651,6178.4,2508,2710,0,3464,1361.8,23375,5843.75,0,0,0,0,0
876410506,58,2,3,58724.6775,19574.8925,13414.9895,0,7000,18466.6,4708.434,0,6062,2655,4122,0,303.1,1992.554,94590,31530,0,0,0,0,0
176081451,58,1,3,14746.6,4915.53333333333,9872.4,1299,1000,1385.5,0,0,389.7,300,500,0,0,0,10257.7966666667,3419.26555555556,0,0,0,0,1
316684898,58,1,7,35545.7584,5077.96548571428,8949.8069,995.9,800,3513.87,167.2285,0,12704.653,1500,3969.9,0,1385.6,1558.8,28150.12,4021.44571428571,1169.1,0,0,1,0
849819096,58,1,5,40698.645,8139.729,8258.9121,0,9810,659.77,1674.7229,1800,3906.51,4857.8,3728,0,1812,4190.93,37000,7400,86.6,433,1,1,0
592368241,58,3,4,26981.398,6745.3495,6930.9444,3434.123,0,1978.14,171.703,313.2,5929.78,485.825,2232.495,0,4005.25,1499.9376,71631.2466666667,17907.8116666667,1732,0,0,1,0
633905668,58,2,2,88356.1141,44178.05705,6876.6895,0,2505,4937.09,5166.357,40600,14709.5,580,8518,0,866,3597.4776,32200,16100,0,6078,1,0,0
983072145,58,2,5,43955.4707,8791.09414,7369.66,0,3480,4537.6374,2741,1818.6,10139.008,2653.80765,3580.39765,0,0,7635.36,31607.3333333333,6321.46666666667,0,192,1,0,0
726944595,58,2,3,69835.1988,23278.3996,12186.1788,0,3580,8846.12,4462.08,1840,6975,6021.58,23809.5,0,969.5,1145.24,97333.3333333333,32444.4444444444,0,1024,1,0,0
715463259,58,2,4,39205.0727,9801.268175,10291.111,943.94,1160,2261.73,3886.869,1110,3685.8,5689.4351,4005.66,1350,3589.57,1230.9576,46325,11581.25,952.6,0,0,1,0
877405130,58,1,7,4747.71,678.244285714286,2238.61,0,0,916,328,505.1,160,0,600,0,0,0,62851.43,8978.77571428571,0,0,0,0,0
371957293,58,1,1,1059.71,1059.71,376.71,324.75,0,0,0,0,0,0,0,0,0,358.25,4000,4000,0,0,0,0,0
770345132,58,1,3,29479.266,9826.422,4360.31,649.5,2090,1376.75,3344.81,2512,5452.336,3683.2,2234.4,0,1667.05,2108.91,37756,12585.3333333333,1667.05,0,0,1,0
414593128,58,2,3,11276.7743,3758.92476666667,2557.7743,0,1500,910,0,0,3464,1138,1507,0,0,200,24273.3333333333,8091.11111111111,0,608,1,0,0
102341605,58,2,5,95110.406,19022.0812,8378.55,1039.2,11550,19925.93,1970,0,20791.076,5653,2879.6,6000,14830.25,2092.8,226084.666666667,45216.9333333333,1732,0,0,1,0
246307099,58,1,3,38580.3701,12860.1233666667,13851.237,4849.6,5320,3333.99,1705.35,1409.71,492.8,394,4336,0,1606.7331,1280.95,56888.47,18962.8233333333,0,0,0,0,0
71467050,58,2,3,39636.2518,13212.0839333333,6826.0718,389.7,3600,9007.15,1520,1558.8,3580.5,2349.3,5061.96,0,4428.54,1314.23,147416.666666667,49138.8888888889,4299.69,0,0,1,0
433390816,58,2,3,152321.2087,50773.7362333333,7765.1189,2364.4831,5900,4220.82,4010.4767,384,15930,820,95072,0,5390.85,10463.46,77666.6666666667,25888.8888888889,3507.3,0,0,1,0
136154658,58,2,2,35122.045,17561.0225,8802.89,0,8890,5025.73,2833.588,600,2933,2222.91,2050,0,0,1763.927,20593,10296.5,0,0,0,0,0
521449059,58,2,4,32617.3525,8154.338125,13675.6555,1337.97,0,2210,2998.82,216,5956.8,1996,1370,0,974.25,1881.857,49343.3333333333,12335.8333333333,0,1840,1,0,0
150085742,58,2,4,47507.58,11876.895,2559.03,129.9,4800,3493.6,5191.8,0,26090.8,650,4189.19,0,0,403.26,40428,10107,0,0,0,0,0
855166651,58,2,1,46863.1218,46863.1218,8264.1514,4654.75,1150,2737.3104,736,0,11295,1944,12709,0,2619.65,753.26,67925,67925,1428.9,0,0,1,0
248469054,58,2,3,45853.3868,15284.4622666667,8227.9959,1887.88,7860,1591.5319,8011.15,0,4552,2200,3498,2000,5282.6,742.229,39483.3333333333,13161.1111111111,3810.4,0,0,1,0
975140484,58,2,7,40782.2825,5826.04035714286,12369.2945,6633.56,3630,2357.69,3633.477,30,3031.551,2703.55,2742.3,0,1437.56,2213.3,70889,10127,0,170.61,1,0,0
329469272,58,3,4,55023.192,13755.798,18495.162,0,6400,1303.62,0,1294.85,7874,1350,6285,11000,194.85,825.71,78525,19631.25,0,0,0,0,0
122492086,58,1,1,11449.08,11449.08,1783.96,580.22,3200,1402,608,0,0,1050,2695,0,0,129.9,46623.3333333333,46623.3333333333,0,0,0,0,0
618275007,58,1,5,20030.795,4006.159,9718.685,0,0,2351,2989.71,0,128,422.79,450,0,0,3970.61,9000,1800,0,0,0,0,0
376399458,58,2,3,40486.846,13495.6153333333,16224.51,303.1,1775,6951.85,151.55,0,12127.016,400,2198.92,0,0,354.9,30257,10085.6666666667,0,0,0,0,0
655768315,58,1,2,36701.73,18350.865,1413.312,3873.618,5600,5846.4,1278.8,480,5976,340,7130,0,3983.6,780,43728.3333333333,21864.1666666667,2251.6,0,0,1,0
678242331,58,2,1,43956.3556,43956.3556,7182.2576,0,250,9479.2,5883.84,2231.68,576,1483.855,9794.768,0,2598,4476.755,80878.8333333333,80878.8333333333,2598,0,0,1,0
45911659,58,2,2,72031.368,36015.684,10214.47,0,0,15434,3089.96,0,22337.85,5024,11421.5,0,2316.55,2193.038,66053,33026.5,2100.05,0,0,1,0
482310025,58,2,1,22752.37,22752.37,6469.02,0,0,8084.19,50,0,2805,1100,2830,0,866,548.16,32966.6666666667,32966.6666666667,866,0,0,1,0
886572556,58,3,5,53117.3885,10623.4777,11335.7235,0,8500,7137.5,480,1000,5195.475,2399,13595.2,0,1905.2,1569.29,75616.6666666667,15123.3333333333,1905.2,10565.2,1,1,0
164140955,58,1,2,6258.3956,3129.1978,2570.288,0,0,1087.1416,42.867,0,0,1274.98,707,0,0,576.119,14458,7229,0,0,0,0,0
594806638,58,2,5,43424.7971,8684.95942,13987.2423,0,1500,4156.54,366.9648,303.1,0,3951.24,6100,7700,4005.25,1354.46,78200,15640,2619.65,0,0,1,0
494338997,58,1,1,21645.3,21645.3,2381.5,2598,120,6500,0,1700,0,0,3756,0,3940.3,649.5,19925,19925,3940.3,1024,1,1,0
138576586,58,1,3,9433.4924,3144.49746666667,2441.1674,519.6,2500,683,1778,0,48,606.5,500,0,0,357.225,14000,4666.66666666667,0,0,0,0,0
411233929,58,1,2,6219.924,3109.962,3931.64,0,200,1153.41,336.874,48,0,0,550,0,0,0,15200,7600,0,0,0,0,1
160974143,58,2,2,15829.06037,7914.530185,5234.97,0,1670,2053.4604,0,3571.5139,1039.2,0,1389,0,0,870.91607,47197,23598.5,0,0,0,0,0
787677010,58,2,1,22541.395362,22541.395362,5284.8949,0,3500,962.94,0,0,480,882.5,5662.5,0,1440,4328.560462,8077.58,8077.58,0,0,0,0,0
881072998,58,1,5,47559.7655,9511.9531,4622.275,844.35,18460,705.6,6871.044,2456,1200,550,1918,0,3550.6,6381.8965,22083.3333333333,4416.66666666667,2381.5,568,1,1,0
749426977,58,1,1,5525.5781,5525.5781,3130.0271,389.7,0,554.46,401.391,150,0,300,600,0,0,0,8833.33333333333,8833.33333333333,0,0,0,0,1
575878617,58,1,1,5996.14,5996.14,2056.75,0,60,709.39,640,0,0,250,2280,0,0,0,9250,9250,0,0,0,0,0
298329893,58,1,3,17674.712,5891.57066666667,692.8,0,3860,5284.69,444.8,0,3713.725,543,2653,0,0,482.697,27250,9083.33333333333,0,160,1,0,0
549959875,58,2,1,31388.8498,31388.8498,4416.8598,662.49,3200,9096,134.05,840,3758,1950,3438.15,0,2338.2,1555.1,23334,23334,0,0,0,0,0
301943443,58,2,2,14849.1291,7424.56455,5995.1015,0,4575,872.95,0,0,557.885,360,2036,0,0,452.1926,34080,17040,0,0,0,0,0
94330264,58,2,3,30099.76,10033.2533333333,1649.73,0,6040,2120.91,3691.55,0,9365,2366,2600,0,1255.7,1010.87,59870.47,19956.8233333333,1255.7,0,0,1,0
696388016,58,1,3,3920.8162,1306.93873333333,298.77,736.1,0,775.2562,0,0,0,743,1050,0,0,317.69,18986.1666666667,6328.72222222222,0,0,0,0,0
394812066,58,2,3,15863.86,5287.95333333333,3780.09,0,2750,1970,1364,0,2371.21,1200,1950,0,0,478.56,19192,6397.33333333333,0,0,0,0,0
622472960,58,1,2,15444.94,7722.47,2589.34,519.6,0,6000,0,0,2854,950,600,0,1732,200,20000,10000,1732,0,0,1,0
108154201,58,1,2,41022.4162,20511.2081,11445.5756,0,2390,3347.6076,800,800,14509.408,1515,2839,0,1537.15,1838.675,34065,17032.5,1883.55,0,0,1,0
290045588,58,1,5,29697.05,5939.41,7438.94,0,0,12368.59,3401.2,28.8,1714.68,600,4144.84,0,0,0,20207,4041.4,0,0,0,0,0
251370668,58,2,3,28103.082,9367.694,2619.65,129.9,800,4800,500,4000,6716.868,2893.2,2316.5,0,1580.45,1746.514,45786.31,15262.1033333333,584.55,1200,1,1,0
751809433,58,3,4,45674.815,11418.70375,18255.28,0,8700,2804.09,300,2165,3830.933,1471.37,4974.51,2100,0,1073.632,36511.6666666667,9127.91666666667,0,0,0,0,0
649153735,58,1,3,17825.8633,5941.95443333334,4000.9633,0,3300,2978,272,0,329.08,700,4845.82,1400,0,0,23761.5,7920.5,779.4,0,0,1,0
989095213,58,2,2,44930.8146,22465.4073,3147.91,1147.45,0,1216.607,1600,3100,2678.81,3215,8401,9585,9138.9,1700.1376,62000,31000,4849.6,0,0,1,0
77704515,58,2,1,12557.4,12557.4,7183.47,194.85,840,1405.38,1782.8,0,588,0,0,0,562.9,0,11106.5,11106.5,0,0,0,0,1
687276739,58,3,5,82494.97,16498.994,19510.98,1948.5,1500,7330.28,5137.71,7072.4,4152.47,2680,11540.4,3600,10987.44,7034.79,84935.3333333333,16987.0666666667,4763,1647.22,1,1,0
443732063,58,1,4,31480.917,7870.22925,3723.8,0,2275,7000,0,0,12188.517,1660,3248,0,1385.6,0,46754.3333333333,11688.5833333333,1169.1,0,0,1,0
258590399,58,2,4,8721.4764,2180.3691,3319.7244,0,0,808,24,0,1875.672,2470,100,0,0,124.08,15313.3333333333,3828.33333333333,0,0,0,0,0
536491928,58,3,3,32118.672,10706.224,8625.36,1039.2,1800,2373.44,0,216.5,8677.1,5011.4,1840.462,0,0,2535.21,57393.6666666667,19131.2222222222,0,0,0,0,0
168829533,58,1,2,3885.6922,1942.8461,1372.61,346.4,0,699.4564,0,0,217.6258,630,0,0,519.6,100,15758.5,7879.25,519.6,0,0,1,0
369325910,58,1,1,60062.2312,60062.2312,7528.4844,0,100,25657.895,151.55,1861.9,148.952,360,3301.728,0,20007.3718,944.35,45000,45000,0,0,0,0,0
79772228,58,1,2,11309.5362,5654.7681,1991.8,0,470,6633.0362,0,0,173.2,700,140,0,649.5,552,30498,15249,649.5,0,0,1,0
259813520,58,1,2,33994.8364,16997.4182,2074.07,0,0,975.6,0,26976.2464,2268.92,200,1500,0,0,0,7570.24666666667,3785.12333333333,0,0,0,0,0
980062657,58,1,1,15880.8902,15880.8902,1207.204,0,0,6120.0662,4564,585,96,2370.78,0,0,0,937.84,56309.6666666667,56309.6666666667,0,0,0,0,0
294881043,58,1,1,17512.9387,17512.9387,8139.967,0,1600,3032.0897,1427.825,0,1039.2,0,950,0,0,1323.857,9750,9750,0,0,0,0,0
425569794,58,1,3,15636.44,5212.14666666667,5087.75,0,3960,1220,1000,0,1200,544,2222,0,337.74,64.95,19558.3333333333,6519.44444444444,0,0,0,0,0
333979231,58,1,2,10299.64,5149.82,2502.74,0,2800,1314,192,0,45.6,600,680,0,1775.3,390,21583.3333333333,10791.6666666667,0,0,0,0,0
130518227,58,2,3,54502.0345,18167.3448333333,19982.95,1853.24,3600,5829.9685,6544.34,1443.74,10526.676,2665.425,1056.415,0,0,999.28,32600.8333333333,10866.9444444444,0,0,0,0,0
930261822,58,1,2,4503.26,2251.63,2766.87,0,0,657.49,0,0,0,448.9,630,0,0,0,15383.3333333333,7691.66666666667,0,0,0,0,1
602634625,58,2,6,28012.3322,4668.72203333333,6988.62,2165,2640,4116.41,960,350,863.1422,2535,1950,0,5196,248.16,20750,3458.33333333333,5196,0,0,1,0
220806186,58,2,3,14499.5617,4833.18723333333,6323.9217,4104.84,730,2205,0,92.8,304,279,460,0,0,0,22050,7350,0,0,0,0,0
531274798,58,2,6,16986.41,2831.06833333333,4013.91,0,0,3113.54,0,0,1558.8,892,7070,0,0,338.16,25083.43,4180.57166666667,0,0,0,0,0
458498796,58,1,4,47755.3209,11938.830225,3394.5035,0,0,10077,2507.735,962.9,23232.3624,1007,5418,0,671.15,484.67,31000,7750,671.15,0,0,1,0
534512049,58,2,4,32021.4177,8005.354425,14314.4171,2035.0134,0,2977.2472,1825.21,0,3807.5,1249.19,1993.3,1400,1125.8,1293.74,42136.5,10534.125,649.5,0,0,1,0
503332656,58,2,1,5534.4247,5534.4247,2030.7267,0,0,1405,303.1,0,0,650,710,0,0,435.598,7247.66666666667,7247.66666666667,0,0,0,0,0
142871436,58,2,1,9970.6185,9970.6185,2148.4594,0,500,1209.955,0,2719.8151,0,2064.625,1034.625,0,0,293.139,30427.9133333333,30427.9133333333,0,0,0,0,0
987459039,58,2,5,51056.5503,10211.31006,13767.7113,887.65,3000,4363.13,4097.381,5497.858,0,1685,5318.65,1550,9482.7,1406.47,64600,12920,4351.65,0,0,1,0
195329929,58,2,3,75709.8619,25236.6206333333,13778.1899,2506.3339,5100,6636.71,1360.664,4596,9203.1,2189,13441,9300,6083.65,1515.2141,41669.5,13889.8333333333,1602.1,5760,1,1,0
846670855,58,2,2,76638.6412,38319.3206,8157.6334,0,5590,26525.47,12200.8856,1046.2937,7529.55,1783.78,2279.488,0,4576.81,6948.7305,115912.136666667,57956.0683333333,3191.21,0,0,1,0
340190911,58,2,3,19402.6775,6467.55916666667,13948.0125,0,0,1073.41,510.15,0,573.725,900,726,0,1255.7,415.68,34483.3333333333,11494.4444444444,519.6,0,0,1,1
390013691,58,2,5,28165.1456,5633.02912,11339.9236,0,0,3815,255.936,0,4330,2356,3144,0,0,2924.286,49166.6666666667,9833.33333333333,0,0,0,0,0
645403001,58,2,1,14299.49,14299.49,7014.6,1299,0,250,151.55,0,2805.84,830,0,0,1948.5,0,3583.33333333333,3583.33333333333,0,0,0,0,0
141953306,58,1,3,23586.766,7862.25533333333,5006.1295,0,3530,6859,928,919.5935,407.76,0,406.6,0,0,5529.683,9232.59333333333,3077.53111111111,0,0,0,0,0
589840657,58,1,5,15531.792,3106.3584,3068.671,0,0,1445.4,324.8,0,6168.951,3267,936.55,0,320.42,0,54166.6666666667,10833.3333333333,0,0,0,0,0
40461247,58,3,2,24809.0677,12404.53385,3017.5337,2719.24,1500,14442,0,0,160,1320,0,0,1039.2,611.094,28033,14016.5,519.6,0,0,1,0
503695106,58,2,2,43238.59,21619.295,9634.25,0,10100,5000,1854.46,0,6768.5,1624,5600,0,1082.5,1574.88,31300,15650,0,0,0,0,0
499772971,58,1,3,25815.6604,8605.22013333333,4931.87,0,0,8870,2176,1739.5,3331.62,1316.5,2520,0,0,930.1704,18525,6175,0,0,0,0,0
827795507,58,3,3,32273.9113,10757.9704333333,6848.1981,0,0,5465.35,3039.9202,3980,2965,1369,5694,896,606.2,1410.243,57000,19000,0,0,0,0,0
7174817,58,2,1,32080.867732,32080.867732,5579.6813,3165.1867,0,7071.45,192,0,3428.5463,1293.69,4563.8336,4239,0,2547.479832,46473,46473,0,1599,1,0,0
133855497,58,1,1,10062.89,10062.89,4568.15,0,2750,263.29,315.55,0,0,0,1000,0,0,1165.9,7266.66666666667,7266.66666666667,0,0,0,0,0
429223978,58,1,1,27910.1701,27910.1701,3217.7096,3745.883,1800,2187.4565,1598.761,3446.06,6134.66,1290,2144.54,0,1515.5,829.6,48030,48030,0,0,0,0,0
641515823,58,1,1,7779.4627,7779.4627,3811.6557,870.33,0,1267.7,181.427,0,0,948.35,700,0,0,0,14211,14211,0,0,0,0,0
946443598,58,1,2,38922.572,19461.286,9629.92,692.8,0,1979.642,1081.45,4936.2,14462.2,1524.45,758.11,0,433,3424.8,36566.6666666667,18283.3333333333,0,0,0,0,0
266498944,58,1,2,20158.9,10079.45,2009.12,0,1700,1608.78,2448,1299,0,2567,8527,0,0,0,26750,13375,0,0,0,0,0
110514152,58,1,2,12323.0452,6161.5226,3500.5452,0,1500,2356.65,0,0,421.86,1500,0,0,2165,878.99,22000,11000,0,0,0,0,0
977929071,58,2,2,46876.3906,23438.1953,8160.0582,0,5800,7975.1416,7196,0,3217.19,5961.11,5909.5,0,1948.5,708.8908,14525.5,7262.75,995.9,0,0,1,0
101036870,58,1,3,37821.6799,12607.2266333333,3009.5232,0,920,8289,9536,500,4604.6,900,900,0,1472.2,7690.3567,46352,15450.6666666667,1472.2,0,0,1,0
791415138,58,2,2,35344.9648,17672.4824,9567.0917,402.6467,0,3987.9664,967.76,1700,6174.5,2979.5,9501.5,0,0,64,49800,24900,866,0,0,1,0
179863376,58,1,2,2948.787,1474.3935,671.15,216.5,0,738,43.3,200,81.837,638,360,0,0,0,34583.3333333333,17291.6666666667,0,0,0,0,0
16061056,58,2,3,29136.33,9712.11,900.64,493.62,0,15227.01,0,80,6062,2090,750,3200,0,333.06,45833.3333333333,15277.7777777778,0,433,1,0,0
517118387,58,2,1,43888.7331,43888.7331,7569.1431,0,7399,1940.98,8548,3500,4830,1700,2600,0,4589.8,1211.81,55000,55000,0,0,0,0,0
165563271,58,1,1,8363.7733,8363.7733,2610.99,0,2100,656.1733,36.8,0,0,866,968.01,0,1125.8,0,21791,21791,1125.8,0,0,1,0
299600284,58,2,3,27674.5664,9224.85546666666,11386.3412,2001.4992,1500,1378.895,1583.36,915.2,4443.647,1705,1250,0,0,1510.624,22828.25,7609.41666666667,0,0,0,0,0
4853107,58,1,4,20612.26,5153.065,5070.43,0,4800,6763.03,0,200,259.8,0,2220,0,1299,0,28450,7112.5,0,0,0,0,0
6042892,58,1,2,7618.8762,3809.4381,5716.2062,0,0,547.82,294.85,60,0,0,1000,0,0,0,18166.6666666667,9083.33333333333,0,0,0,0,1
589475243,58,2,3,98720.842,32906.9473333333,11301.3,0,15070,3080.06,1017.55,360,28961.93,2930,19199.5,11000,3275.212,2525.29,70152.9766666667,23384.3255555556,1385.6,0,0,1,0
16156991,58,1,2,24913.0221,12456.51105,7647.6893,0,0,1862.78,365.885,7915.4538,3225.85,1129.98,1627.46,0,335.575,802.349,90681.8333333333,45340.9166666667,0,0,0,0,0
390073162,58,2,5,12886.1231,2577.22462,5079.3931,0,0,2388,1984.99,100,640,479,760,0,0,1454.74,29500,5900,0,0,0,0,0
73543224,58,2,1,33027.35,33027.35,8335.25,0,0,2037,562.9,4273.08,10091.9,2060,2440,0,866,2361.22,25666.6666666667,25666.6666666667,0,0,0,0,0
806923049,58,2,2,43013.696358,21506.848179,6690.9325,4200.1,5600,793.635,1110,0,3377,4098,8377.18,2537,4503.2,1726.648858,30308.8333333333,15154.4166666667,1039.2,0,0,1,0
538895481,58,1,3,5251.235,1750.41166666667,3375.235,0,300,416,180,0,0,400,300,0,0,280,13262.24,4420.74666666667,0,0,0,0,1
306355160,58,1,3,37797.2,12599.0666666667,15674.6,0,10700,1136,3605.6,0,3897,1012,1772,0,0,0,10500,3500,0,0,0,0,0
345384481,58,2,2,81386.2059,40693.10295,17780.7553,2951.328,14506.5,19711.794,9072.4401,3150,4873.1,2200,4628,0,0,2512.2885,67666.6666666667,33833.3333333333,0,0,0,0,0
180623518,58,1,3,17990.3797,5996.79323333333,5228.5183,519.6,59,1778.1994,519.6,0,2119.968,3995.882,1434.01,0,1428.9,906.702,17662.9766666667,5887.65888888889,1082.5,0,0,1,0
613699942,58,1,1,26294.1296,26294.1296,4139.48,0,0,1963.51,5508.9,2287.0098,1920,1756.13,0,0,3204.2,5514.8998,47704.6666666667,47704.6666666667,0,0,0,0,0
223563086,58,1,4,44329.6292,11082.4073,4966.51,866,3320,1865.8812,5190,600,903.238,1200,24181.2,198,866,172.8,22984.3333333333,5746.08333333333,0,0,0,0,0
866071248,58,2,3,61660.71,20553.57,10357.36,2468.1,3100,12365,11100,3000,3875.9,1375,4110.95,3500,6408.4,0,135365.67,45121.89,0,0,0,0,0
156733448,58,2,2,22510.78,11255.39,7228.069,0,1600,1000,3247.55,0,6639.261,0,930,0,0,1865.9,35125.6666666667,17562.8333333333,0,0,0,0,0
505517427,58,3,4,82600.956,20650.239,10304.967,3377.4,7540,13524.58,1101,50,17783.7,5357.73,6764.2,8020,7079.55,1697.829,84782.5,21195.625,7079.55,1120,1,1,0
53062838,58,1,1,40588.2139,40588.2139,13659.2881,2684.6,2200,2975.97,5806.8959,2736.6899,945,2680,2720,0,1991.8,2187.97,32200,32200,0,600,1,0,0
800052259,58,3,2,46686.0723,23343.03615,11831.3353,541.25,7580,2323.07,2145.84,640,5302,3530,3340,0,7754.4,1698.177,71651.3333333333,35825.6666666667,1558.8,303.1,1,1,0
492627917,58,2,5,91881.992800000007,18376.39856,9696.0391,1623.75,2000,25477,13568.483,0,19245.551,3600,4729.95,8700,1190.75,2050.4697,97755.4766666667,19551.0953333333,1190.75,0,0,1,0
529240857,58,2,6,132847.03,22141.1716666667,26729.09,1719.01,18630,1900.85,13168.15,12895.03,6486,4732.6,45670.3,0,0,916,60317.6666666667,10052.9444444444,0,0,0,0,0
130108830,58,1,5,7245.708,1449.1416,844.35,0,2860,626.86,316.09,0,1548.408,390,660,0,0,0,19655.1166666667,3931.02333333333,0,0,0,0,0
197773459,58,1,3,12093.8064,4031.2688,6023.3764,0,0,1797.39,0,0,645.17,1717.92,1585.2,0,0,324.75,11096.15,3698.71666666667,0,0,0,0,0
656755259,58,2,2,32340.52554,16170.26277,2145.515,1991.8,3850,8072.8,1757.1,0,5900,1640,3370,0,2554.7,1058.61054,43993.6,21996.8,2554.7,774,1,1,0
693940011,58,2,6,55135.21,9189.20166666667,18289.92,610.53,9300,2130,780,0,5600.5,3600,6640,4500,2381.5,1302.76,82250,13708.3333333333,1299,2080,1,1,0
941719000,58,3,4,70913.662,17728.4155,6516.65,0,6940,3164.84,5960,1579.4,28448.4,4797,4198.93,3980,4126.45,1201.992,49991.6666666667,12497.9166666667,757.75,250,1,1,0
89232593,58,2,2,29365.3619,14682.68095,10079.0709,2186.65,3100,3546.91,2131.24,890.681,480,1704,865.51,0,2116,2265.3,25433.3333333333,12716.6666666667,476.3,0,0,1,0
137913497,58,2,3,15214.344,5071.448,5509.925,0,0,2432.2336,210.005,500,3283.78,1620.23,680,0,0,978.1704,56049.3333333333,18683.1111111111,0,0,0,0,0
980677987,58,1,4,9147.308,2286.827,5609.948,606.2,0,1432.4,378.76,0,0,0,1000,0,0,120,9700,2425,0,0,0,0,1
161238506,58,1,3,12454.0717,4151.35723333333,1582.615,0,5415,469.49,1368.5667,0,0,433,2925.6,0,0,259.8,17053.3333333333,5684.44444444445,0,0,0,0,0
591309423,58,3,4,49857.8279,12464.456975,10858.9039,636.51,3400,1149.29,0,450,3474.424,3940,19129.9,2550,2338.2,1930.6,29636.5,7409.125,0,0,0,0,0
346542161,58,2,4,21821.026,5455.2565,4429.59,0,6200,1637.03,2560,0,3351,1340,730,0,0,1573.406,25986.1666666667,6496.54166666667,0,0,0,0,0
198921485,58,1,3,18753.8456,6251.28186666667,4278.5596,0,0,3213.14,2508.369,0,4415.734,800,749.09,0,0,2788.953,29639.1366666667,9879.71222222222,0,0,0,0,0
323675600,58,2,4,16122.178,4030.5445,6347.78,0,0,1300,700,3300,1777.898,1396.5,700,100,0,500,15000,3750,0,0,0,0,0
762927151,58,3,1,90564.107,90564.107,43.3,2424.8,3620,12653.607,2318.4,3266.5,49407.7,2200,5894,0,1905.2,6830.6,40500,40500,0,0,0,0,0
822457237,58,2,5,35867.534,7173.5068,5997.05,2208.3,1400,4757.5,0,1260,16035.17,1930,1300,0,519.6,459.914,90506.59,18101.318,0,0,0,0,0
449251340,58,2,2,20497.797,10248.8985,15293.4734,0,0,757.38,149.818,0,0,1785,1489.52,0,0,1022.6056,25589.3333333333,12794.6666666667,649.5,0,0,1,1
318969001,58,2,4,14378.865,3594.71625,9025.885,0,0,1145,842.84,0,909.3,0,1040,25,0,1390.84,8500,2125,0,0,0,0,1
656668438,58,1,4,24552.55,6138.1375,4399.28,2727.9,0,13031.37,244,800,0,2100,750,0,0,500,46527,11631.75,0,0,0,0,0
750981646,58,3,4,143423.1772,35855.7943,11050.0734,0,13070,2880.65,47131.52,19364.2738,8946.4,11527.13,10284,3160,8230.49,7778.64,132003,33000.75,6321.8,5332.24,1,1,0
99331811,58,2,3,52245.8364,17415.2788,1065.5264,1322.815,0,26007,7575,6000,720,1120,1096,0,6438.71,900.785,43770,14590,6438.71,0,0,1,0
8467755,58,1,3,9870.61,3290.20333333333,3134.92,0,1180,3950,1125.79,0,0,0,200,0,0,279.9,5300,1766.66666666667,0,0,0,0,0
121048210,58,3,2,30885.9824,15442.9912,2872.0024,1125.8,3700,3277.55,500,10550.7,3680.5,1753.63,2300,0,1125.8,0,73666.6666666667,36833.3333333333,0,1900,1,0,0
986109934,58,2,6,7048.45,1174.74166666667,2186.65,0,800,882.2,44,0,970,503.2,300,0,1212.4,150,117000,19500,0,0,0,0,0
496192631,58,2,4,24589.02,6147.255,11296.97,502.28,0,7892.91,0,0,1346,607,400,0,2273.25,270.61,40330,10082.5,0,0,0,0,0
35982556,58,3,3,47685.096,15895.032,4032.096,1299,0,14005,6500,0,2165,2100,3700,4380,6841.4,2662.6,87993.7633333333,29331.2544444444,3355.75,0,0,1,0
490398372,58,2,3,9339.828,3113.276,3150.508,0,0,1584.27,30,0,2598,0,310,0,1667.05,0,7508.33333333333,2502.77777777778,0,0,0,0,0
87994711,58,2,3,27252.0629,9084.02096666667,4348.7489,420.01,1900,2342.88,1680,1030,8436.5,2050,4648.5,0,0,395.424,23860.8333333333,7953.61111111111,0,0,0,0,0
144201913,58,1,6,10540.3446,1756.7241,2494.08,844.35,250,1420.91,179.2,0,2417.2896,2000,901.65,0,0,32.865,19383.6333333333,3230.60555555556,0,0,0,0,0
319440514,58,1,2,7721.9,3860.95,2203.97,0,1990,1161.36,765.99,0,492.58,160,612,0,0,336,2020,1010,0,0,0,0,0
624106436,58,1,2,16517.7302,8258.8651,2121.267,389.7,0,3048.04,5676.1,989,632.504,2330,340,0,62.785,928.3342,23338,11669,0,0,0,0,0
912864373,58,2,4,21301.1698,5325.29245,3498.64,0,7016,1301.74,128,922.7,6532,350,892.2,0,0,659.8898,44060.8333333333,11015.2083333333,0,0,0,0,0
749927396,58,2,5,51793.096,10358.6192,2979.04,0,880,14048,902.4,150,26183.1,1200,0,0,5131.05,319.506,57266.6666666667,11453.3333333333,5434.15,0,0,1,0
403385235,58,2,3,19701.5224,6567.17413333333,5624.5834,0,700,1900,0,0,5497.17,1000,1350,0,2879.45,750.319,61003.58,20334.5266666667,2879.45,0,0,1,0
650836449,58,2,3,12068.955,4022.985,6923.67,0,460,2393.62,324,780,0,354.385,298,0,519.6,15.68,32051.1433333333,10683.7144444444,519.6,0,0,1,1
781689724,58,1,2,8271.2679,4135.63395,3761.1679,1030.54,625,1050,531.36,0,243.2,180,600,0,0,250,19000,9500,0,0,0,0,0
590907422,58,2,4,32008.852,8002.213,6473.35,0,5240,1234.32,659.8,1364.4,3305.64,4220,8840,0,606.2,65.142,24683.3333333333,6170.83333333333,0,0,0,0,0
529627429,58,1,1,14737.85,14737.85,6655.21,0,1830,2500,1776,0,531.64,433,1000,12,0,0,13333.3333333333,13333.3333333333,0,0,0,0,0
821773718,58,2,4,41196.1142,10299.02855,6090.7512,151.55,750,2346.2464,547.042,2124.34,4948.38,3233,9408.1,6800,3550.6,1246.1046,42464.6666666667,10616.1666666667,2836.15,0,0,1,0
760634133,58,2,6,30293.6048,5048.93413333333,5511.4838,639.541,2000,1940,10008,0,2104.38,2050,3580,2150,0,310.2,40012,6668.66666666667,0,0,0,0,0
102960819,58,2,3,16254.8543,5418.28476666667,5331.5723,3031,2820,956.535,454.65,225,0,1510,50,400,1299,177.097,37226,12408.6666666667,0,0,0,0,0
609504573,58,2,3,21901.04,7300.34666666666,6326.13,0,0,1780.91,1126.4,2018.6,3442,367,6500,0,0,340,23416.6666666667,7805.55555555556,389.7,0,0,1,0
38768032,58,2,4,15890.7328,3972.6832,5000.9768,272.79,3600,1195.45,181.12,384,144,1291.61,1084.75,0,2424.8,311.236,35916.6666666667,8979.16666666667,0,0,0,0,0
421366046,58,1,3,7617.535,2539.17833333333,2132.525,0,900,1391.97,192,240,0,320,1160,0,0,1281.04,9050,3016.66666666667,0,0,0,0,0
743830826,58,2,2,18440.3,9220.15,8032.15,303.1,1400,1635.66,268.8,370,2619.19,1100,200,0,2511.4,0,16900,8450,2078.4,0,0,1,0
247497192,58,2,4,48869.126,12217.2815,7469.25,0,890,10819.63,6316.5,0,12695,710,965,0,3182.55,5821.196,19000,4750,3182.55,0,0,1,0
810729032,58,2,5,16633.0026,3326.60052,4334.33,1125.8,500,3430,0,0,4596.476,600,1580,0,0,466.3966,31149.9166666667,6229.98333333333,0,0,0,0,0
996598316,58,2,5,38458.04,7691.608,9287.85,281.45,8330,2980,1616,0,6939.2,2398,5321,0,606.2,698.34,93166.6666666667,18633.3333333333,0,0,0,0,0
569037816,58,1,3,5489.208,1829.736,1808.208,0,2260,575,496,0,0,0,350,0,0,0,7716.66666666667,2572.22222222222,0,0,0,0,0
665717236,58,2,5,60094.6752,12018.93504,2892.44,324.75,3700,6022.1775,3330,890.4277,28947.88,2023,7937.8,0,2165,1861.2,63896,12779.2,0,0,0,0,0
34668524,58,1,3,19769.8,6589.93333333333,1688.7,0,2400,2520,0,2424.8,0,1100,2015.5,0,7620.8,0,12000,4000,0,0,0,0,0
15681692,58,1,5,71936.7764,14387.35528,18153.525,0,6340,8177.25,9155.0734,256,14826.668,1559,7198,0,5479.26,792,66436.6666666667,13287.3333333333,2554.7,0,0,1,0
530858098,58,1,3,37428.6194,12476.2064666667,8446.964,1472.2,920,11021.1744,3900,0,1602.168,1015,0,0,2987.7,6063.413,40150,13383.3333333333,3507.3,0,0,1,0
227821422,58,2,3,20481.0464,6827.01546666666,3078.63,887.65,1500,1275.8,2411.2,600,3814.264,1108.5,3413,0,1991.8,400.2024,59534.4633333333,19844.8211111111,779.4,0,0,1,0
89001122,58,2,4,18286.88,4571.72,3572.25,740.43,2000,5380,0,0,2327.06,1850,2200,0,0,217.14,29166.6666666667,7291.66666666667,0,0,0,0,0
690348332,58,2,5,65609.5866,13121.91732,12242.7286,1537.15,9560,3839,9153.79,3947.35,11759,1150,7816.15,0,785.5,3818.918,60850,12170,0,0,0,0,0
678639920,58,2,4,46161.204,11540.301,14795.61,0,4580,8370.07,7035,653,4680,958.98,2720,0,952.6,1415.944,44600,11150,0,0,0,0,0
698404807,58,1,2,12532.645,6266.3225,1283.845,0,1500,6227.17,0,0,671.15,430,2072.92,64,0,283.56,13142.13,6571.065,0,0,0,0,0
873199480,58,2,4,43699.6696,10924.9174,8690.9162,0,1435,2005.955,4939.231,0,5038.32,1121.5,6926.5,9000,2511.4,2030.8474,79500,19875,2511.4,1895.2474,1,1,0
525931944,58,2,1,20102.3725,20102.3725,2949.8125,476.3,0,4901.55,151.55,0,9595,590,1190,0,0,248.16,43000,43000,0,0,0,0,0
782347079,58,2,4,37644.2648,9411.0662,10726.2327,5031.46,0,1911.52,184.891,9421.7336,822.7,600,1970,1800,1736.33,3439.3975,52786.1666666667,13196.5416666667,0,0,0,0,0
660085826,58,2,7,113635.99,16233.7128571429,9720.85,2338.2,16840,23996,5968,2000,34678.8,1198,7430,0,8789.9,676.24,124853.58,17836.2257142857,7620.8,0,0,1,0
90895863,58,1,1,8184.067,8184.067,4241.668,0,450,1312.5971,0,437,0,0,380,0,0,1362.8019,6204.16666666667,6204.16666666667,0,0,0,0,1
551632994,58,2,3,42292.201,14097.4003333333,5570.978,1705.587,0,26573.92,324.75,0,2660.352,1299,920,2500,0,737.614,53450,17816.6666666667,0,0,0,0,0
514701107,58,1,1,38993.477,38993.477,3684.83,2792.85,4750,10892.447,6532,1428.9,1865.6,1453,3249.5,0,541.25,1803.1,31462.1666666667,31462.1666666667,0,0,0,0,0
648250072,58,2,1,28171.726994,28171.726994,10260.9742,0,0,3575.32,3477.241,2790,5196,130.96,1241.9,0,0,1499.331794,26961.6666666667,26961.6666666667,0,0,0,0,0
395637143,58,1,1,22933.36,22933.36,4823.62,0,0,8915.14,4416,1000,1818.6,540,720,0,0,700,22767.8333333333,22767.8333333333,0,0,0,0,0
872545564,58,2,4,39178.512,9794.628,7505.622,0,0,15616.45,50,4070,3247.5,4079.15,1340,0,801.05,2468.74,26377.5,6594.375,0,0,0,0,0
433582303,58,2,2,29900.774,14950.387,1212.4,0,0,12030,0,1800,9584.1,1627,0,0,3377.4,269.874,22000,11000,2165,0,0,1,0
483068939,58,2,4,46552.5709,11638.142725,19582.9879,1937.675,3700,2691.532,0,0,4680.776,3177.85,980.549,0,7664.1,2137.101,69774.6666666667,17443.6666666667,2533.05,0,0,1,0
485439701,58,1,1,6789.2904,6789.2904,3476.4271,0,500,1208.5833,300,0,69.28,310,925,0,0,0,15050,15050,0,0,0,0,1
375541279,58,2,3,17933.2614,5977.7538,7272.5814,368.05,1700,1019.17,171.96,0,1299,2125.1,600,0,3290.8,86.6,12580.3333333333,4193.44444444444,216.5,0,0,1,0
551599151,58,1,1,15756.7469,15756.7469,8741.9669,0,0,2568.78,96,0,0,2000,1450,0,0,900,36753.8333333333,36753.8333333333,0,0,0,0,1
277378432,58,2,2,26401.0574,13200.5287,11016.7757,935.28,4831,5321.17,998.0217,268.46,1732,450,250,0,0,598.35,7614.66666666667,3807.33333333333,0,0,0,0,0
649812706,58,3,3,51059.94,17019.98,6971.3,0,4150,5914.62,172,0,13386,2002.8,13225,0,3897,1341.22,49248.3333333333,16416.1111111111,1299,0,0,1,0
977342970,58,1,1,20143.3412,20143.3412,987.24,0,800,2804.96,840.8,6634.9032,426.938,1174,3176,1100,2121.7,76.8,23781.6666666667,23781.6666666667,0,0,0,0,0
369543600,58,1,3,12089.674,4029.89133333334,6228.272,0,610,2815,96,0,0,980,64,0,0,1296.402,12166.6666666667,4055.55555555556,0,0,0,0,1
169069849,58,2,3,41812.1781,13937.3927,10043.6515,0,3189,1178.85,2990.1395,1300,9287.8833,2285.45,2910,0,259.8,8367.4038,53019.1666666667,17673.0555555556,0,0,0,0,0
849488835,58,2,4,80632.4256,20158.1064,22834.3416,584.55,6950,4788.89,13828.96,2400,6234.974,1850,11297.7,72,8647.01,1144,60648,15162,1407.25,0,0,1,0
404405709,58,3,4,64430.2025,16107.550625,3685.263,930.95,1818,7115.7762,11103.2475,288,11700.26,1882.05,8839.1,9500,3506.35,4061.2058,104353.333333333,26088.3333333333,1688.7,1500,1,1,0
214201643,58,1,3,8302.9656,2767.6552,1892.21,0,970,883,121.24,221.3496,535.676,150,800,2500,0,229.49,9000,3000,0,0,0,0,0
709029794,58,1,2,23321.44,11660.72,2550.37,0,270,4000,558.57,14655.26,0,0,0,0,562.9,724.34,14723.74,7361.87,0,0,0,0,0
779489492,58,2,4,20348.18,5087.045,3615.55,259.8,5600,1359,544.4,1219.1,324,2833.23,1403.4,2500,0,689.7,14120,3530,0,0,0,0,0
91814598,58,1,2,3196.3662,1598.1831,1757.98,0,0,705.3862,300,0,0,433,0,0,0,0,4400,2200,0,0,0,0,1
675190941,58,3,5,78064.6261,15612.92522,19183.0691,0,2710,4389.97,1922.368,3800,12923.952,1306.14,8925.15,1500,6910.9,14493.077,71636.3333333333,14327.2666666667,3680.5,1400,1,1,0
433530444,58,3,7,24751.9537,3535.99338571428,4682.8517,0,0,1293.56,1716.102,0,9842.94,2732,1602,0,736.1,2146.4,20415.4833333333,2916.49761904762,0,0,0,0,0
126106129,58,2,3,12854.9621,4284.98736666667,4007.7181,294.44,0,1593.8,1226.521,0,2060,1034,1587,0,519.6,531.883,45244.9166666667,15081.6388888889,0,0,0,0,0
109731602,58,1,3,30263.85,10087.95,5672.3,259.8,4400,3687.22,4508.1,0,3632.87,1844,2270,0,3031,958.56,32426.6666666667,10808.8888888889,1732,178.56,1,1,0
272547472,58,2,3,12814.145,4271.38166666667,2842.645,0,4470,1603.5,0,0,2598,670,630,0,0,0,101970,33990,0,0,0,0,0
319855394,58,3,3,79113.8869,26371.2956333333,5985.4889,0,0,2093,1255.7,40589.25,11387.9,2950,4274.832,4900,2979.04,2698.676,196258.666666667,65419.5555555556,1169.1,0,0,1,0
767756158,58,1,2,36712.9567,18356.47835,19904.9667,3117.6,749,2723.8,350,288,7577.5,0,195,0,625,1182.09,65196.6666666667,32598.3333333333,0,0,0,0,1
311930074,58,2,1,13399.6257,13399.6257,5192.9257,0,0,1983.12,728,0,1057.386,3732.4,300,0,0,405.794,21570.8333333333,21570.8333333333,0,0,0,0,0
513890138,58,2,6,31818.1916,5303.03193333333,6105.3,0,1250,6350.4,5898,990.2,3695.7416,2317,4331.65,0,0,879.9,37150,6191.66666666667,0,0,0,0,0
455126552,58,2,3,26935.7193,8978.5731,10498.3015,0,0,2242.73,628,2000,2874.3168,1690,2136.6,0,0,4865.771,40781.6666666667,13593.8888888889,0,608,1,0,0
426761304,58,2,3,32290.22,10763.4066666667,4472.89,0,5750,2350,672,5027.49,2634.28,3440,6000,0,389.7,1553.86,43391.3333333333,14463.7777777778,389.7,0,0,1,0
61952443,58,2,2,56354.7785,28177.38925,11188.5035,0,2400,9389.54,14314.385,3095.95,8147.8,930,1433.6,0,2165,3290,48717.3333333333,24358.6666666667,2165,346.4,1,1,0
486560709,58,1,1,8037.5601,8037.5601,5191.5834,0,1200,533.85,0,100,0,0,800,0,0,212.1267,7833.33333333333,7833.33333333333,0,0,0,0,1
732819574,58,2,3,11291.6604,3763.8868,3900.8537,0,4300,210.4,129.9,0,1299,0,1300,0,0,151.5067,14066.6666666667,4688.88888888889,0,0,0,0,0
691759971,58,1,2,3753.69,1876.845,1368.28,0,900,565.41,0,0,0,230,690,0,0,0,3100,1550,0,0,0,0,0
447458608,58,1,2,9405.295,4702.6475,1436.261,0,0,2130.13,86.6,0,3805.204,1524,120,0,303.1,0,9821.5,4910.75,0,0,0,0,0
445075131,58,1,1,580.98,580.98,25.98,0,0,555,0,0,0,0,0,0,0,0,3400,3400,0,0,0,0,0
321047572,58,1,2,15076.17,7538.085,7542.86,1667.05,0,1250,784.45,0,1047.86,2001.05,200,0,0,582.9,16408,8204,0,0,0,0,1
744813457,58,2,4,16588.3006,4147.07515,11326.3274,0,1029,359.385,1558.9222,108.25,0,121.24,800,0,0,1285.176,60609.6433333333,15152.4108333333,0,0,0,0,1
422794193,58,1,2,3503.6294,1751.8147,1706.7994,0,0,557,125.57,0,384,385,0,0,0,345.26,43500,21750,0,0,0,0,0
227557050,58,2,1,48621.19,48621.19,2403.15,281.45,3500,9451.41,0,0,27334.1,1128.585,1446.995,0,0,3075.5,30764.5,30764.5,0,0,0,0,0
10937235,58,1,2,38190.961,19095.4805,12967.7871,877.258,2900,2444.94,3169.604,4985.6919,4330,1869,200,0,2598,1848.68,38692,19346,2598,0,0,1,0
293685712,58,1,2,7358.2424,3679.1212,129.9,0,1150,890.86,1040,0,40,2180,214,0,0,1713.4824,26273.3333333333,13136.6666666667,0,1344,1,0,0
245783914,58,2,4,18272.3441,4568.086025,6453.3021,281.45,0,1606.39,480,1000,3805.204,1667,2259,0,303.1,416.898,27652.8333333333,6913.20833333333,0,0,0,0,0
458893658,58,1,1,7979.18,7979.18,2585.01,0,0,1575.65,72,150,623.52,1343,1380,0,0,250,6666.66666666667,6666.66666666667,0,0,0,0,0
647047486,58,2,6,23085.4744,3847.57906666667,6419.225,1060.85,2980,1050.9611,821.35,226.4383,3366.88,2074.07,3555.7,500,0,1030,16738.81,2789.80166666667,0,0,0,0,0
390500233,58,2,1,18404.94,18404.94,2944.4,0,3600,3731,1885.19,0,2598,0,1580,0,800,1266.35,28942,28942,0,0,0,0,0
959256300,58,1,3,19785.486,6595.162,7802.66,0,3000,978.68,3138,560,880,450,1300,0,692.8,983.346,25039.6333333333,8346.54444444445,606.2,0,0,1,0
670240648,58,2,2,59534.1075,29767.05375,12119.9298,0,0,1705.06,2868.8855,3680.5,6062,3478.645,13762.445,0,9872.4,5984.2422,66301.3333333333,33150.6666666667,0,154.72,1,0,0
905411345,58,2,2,9447.9022,4723.9511,3679.0278,969.92,0,921.309,0,0,839.76,250,1180,0,1428.9,178.9854,30600,15300,909.3,0,0,1,0
646031950,58,1,8,13863.59,1732.94875,2966.05,0,0,3837,0,0,0,3750,1300,0,1948.5,62.04,36000,4500,0,0,0,0,0
632675599,58,1,2,11622.381,5811.1905,5460.13,233.82,150,2600,0,100,782.431,1050,750,0,0,496,18350,9175,0,0,0,0,0
448691238,58,1,6,21430.67,3571.77833333334,10734.07,4840.94,425,1327,332,50,1821.66,1300,600,0,0,0,63484,10580.6666666667,0,0,0,0,1
258657407,58,1,2,15078.7937,7539.39685,3367.8307,0,60,1202.28,1467.083,100,60.8,600,600,0,7620.8,0,32424,16212,0,1300.8,1,0,0
245731871,58,1,7,17214.595,2459.22785714286,5146.205,129.9,1780,969.94,393,320,399.85,936.1,780,0,5282.6,1077,25008.05,3572.57857142857,2013.45,0,0,1,0
542340872,58,2,1,20253.551,20253.551,4230.843,644.737,600,7507,909.4534,960,3287,1327,140,0,324.75,322.7676,20484,20484,324.75,0,0,1,0
469496211,58,2,5,14554.4467,2910.88934,2706.2067,0,5000,1908,0,240,1088,600,1740,0,0,1272.24,34456.6666666667,6891.33333333333,0,0,0,0,0
280617093,58,2,4,29262.17,7315.5425,7508.22,0,1200,7718,300,1125.8,5666.5,1000,749.09,3400,0,594.56,23420.36,5855.09,0,0,0,0,0
211886976,58,2,4,50286.8789,12571.719725,7729.7861,726.574,2850,5944,7521.686,0,2915.94,5203.78,10420,0,5600,1375.1128,83231.1666666667,20807.7916666667,0,0,0,0,0
38193670,58,2,3,52364.347,17454.7823333333,17025.56,1407.25,0,5480.8,194.85,4425,19090.017,2208.4285,372.0915,0,1580.45,579.9,79610.1666666667,26536.7222222222,3182.55,866,1,1,0
694564483,58,2,2,36770.9011,18385.45055,6878.5081,0,0,14914,544.273,0,9222.9,3700,1170,0,0,341.22,65863.5,32931.75,649.5,0,0,1,0
651968471,58,2,4,46053.6804,11513.4201,10175.5,0,2999.5,2480,4751.92,3000,914.496,2750,8719,4400,5239.3,623.9644,48860.3333333333,12215.0833333333,1428.9,0,0,1,0
318518204,58,2,4,26112.73,6528.1825,4654.75,1558.8,2800,2930.95,400,866,1600,2346,1720,130,6904.6,201.63,27050,6762.5,6495,0,0,1,0
258521612,58,1,6,32767.3718,5461.22863333333,16676.8218,1710.35,800,1528,2019.8,303.1,1948.5,1392,5696,0,0,692.8,40693.8,6782.3,454.65,0,0,1,1
723994717,58,1,3,13434.5391,4478.1797,4204.7331,562.9,0,1947.1,89,610,4404.476,1101.83,514.5,0,0,0,11800,3933.33333333333,0,0,0,0,0
854950398,58,2,4,12142.1137,3035.528425,3239.0565,0,740,534.28,3883.867,0,0,1300,1080,0,1220.7212,144.189,48000,12000,0,0,0,0,0
917181525,58,1,1,20051.3114,20051.3114,3987.8434,505.744,800,5662,1720,0,1243.19,340,1885,0,3674.884,232.65,35000,35000,2078.4,2300,1,1,0
143409820,58,1,1,12439.785,12439.785,3604.725,0,0,3960,0,3849.06,866,160,0,0,0,0,4866.66666666667,4866.66666666667,0,0,0,0,0
736483786,58,2,2,19088.88,9544.44,8582.06,259.8,0,2250,1224.41,281.45,2810.17,1545,1379.8,0,0,756.19,18083.3333333333,9041.66666666667,0,0,0,0,0
235682870,58,2,1,26737.783,26737.783,1667.05,0,1000,9106,5224,268.15,3965.52,619.2,2961,0,1234.05,692.813,5285.5,5285.5,1710.35,0,0,1,0
659785615,58,3,3,35926.692,11975.564,7144.5,0,300,17584.62,320,0,3556.868,2462.93,975,0,1511.1,2071.674,89038.5,29679.5,0,575,1,0,0
613067570,58,2,4,21973.9428,5493.4857,3326.3926,0,4765,3316.07,3746.5997,891.98,2701.92,946.5,1150,0,736.1,393.3805,25757.6666666667,6439.41666666667,736.1,0,0,1,0
474999863,58,2,2,34330.1964,17165.0982,1732,259.8,2000,16219.6004,128,0,0,2013,3497.4,0,4676.4,3803.996,45898,22949,0,0,0,0,0
53589364,58,2,5,34829.9864,6965.99728,5144.04,0,4800,2867.5664,608,0,12311.75,1499.5,5580,0,1770.97,248.16,15301.13,3060.226,2697.59,649.5,1,1,0
949972040,58,1,3,12799.9267,4266.64223333333,3433.69,0,750,2252,1419.0367,100,1515.5,1418,1465,0,0,446.7,40000,13333.3333333333,0,0,0,0,0
998467596,58,3,2,59502.717,29751.3585,2255.497,0,0,19300,12200,3900,8573.4,5600,4100,0,1991.8,1582.02,96084,48042,1125.8,0,0,1,0
694173157,58,2,2,25415.2867,12707.64335,4175.4623,0,3950,9478.89,320,400,3360.801,1610,507.2,0,0,1612.9334,23633.3333333333,11816.6666666667,0,0,0,0,0
562331690,58,1,2,8061.76,4030.88,3806.07,303.1,2000,850.07,0,0,0,360.48,577.5,0,0,164.54,14500,7250,0,0,0,0,0
892159272,58,3,3,34146.98,11382.3266666667,4914.55,0,0,626.27,518,4000,5312,2223,11907.8,700,952.6,2992.76,35500,11833.3333333333,952.6,58.02,1,1,0
156761702,58,1,2,11852.81,5926.405,3775.76,0,2000,2545.64,553.86,0,259.8,560,1100,0,649.5,408.25,15166.6666666667,7583.33333333333,649.5,0,0,1,0
711463178,58,1,1,7899.665,7899.665,3085.125,164.54,2500,2000,0,0,0,0,0,0,0,150,14000,14000,0,0,0,0,0
178446214,58,2,1,25943.6,25943.6,4026.9,0,0,10525,216.5,0,2599,1000,1876.3,5000,389.7,310.2,42053,42053,0,0,0,0,0
98766484,58,1,1,25039.42,25039.42,584.55,4763,3800,10397,518,0,645.17,1053,1523,0,1255.7,500,30333.3333333333,30333.3333333333,1255.7,0,0,1,0
19703207,58,2,3,60458.5459,20152.8486333333,11685.1112,1151.78,7332,15136.2,5358.563,736.1,5559.0256,1228.06,1700,4200,3570.2331,2801.473,64000,21333.3333333333,1515.5,0,0,1,0
932566138,58,3,3,52330.3554,17443.4518,13863.4043,1970.15,650,3863.47,4758,0,12766.5,3500,5044,0,2212.9331,3701.898,156516.666666667,52172.2222222222,0,0,0,0,0
787157204,58,2,4,24059.2215,6014.805375,10048.8475,0,1210,2284,0,230,2753.25,1400,3400,0,672,2061.124,29400,7350,0,0,0,0,0
827016475,58,2,5,42137.385,8427.477,10441.795,3273.48,1800,3937.98,1310,7320,3572,3265,1170,0,5845.5,201.63,56107,11221.4,866,0,0,1,0
844077444,58,2,2,26036.0343,13018.01715,5651.1263,536.92,7000,1550,754.148,3050,3944,1120,900,0,411.35,1118.49,25716.6666666667,12858.3333333333,0,0,0,0,0
655000289,58,3,4,49438.0487,12359.512175,10162.4667,0,3050,10561,5201.47,4187.28,560,2194,6330.96,3000,2381.5,1809.372,68323,17080.75,1385.6,0,0,1,0
986606890,58,1,3,4399.54,1466.51333333333,1853.24,0,700,603,32,400,0,155,611.66,0,0,44.64,8900,2966.66666666667,0,0,0,0,0
173478487,58,1,1,28848.35,28848.35,5693.95,1342.3,1250,9000,1859.6,0,2891.6,0,3120,0,1524.9,2166,16961.6666666667,16961.6666666667,1428.9,86.6,1,1,0
