id,provincia,propauto,cantmiem,gastot,gastotpc,gc_01,gc_02,gc_03,gc_04,gc_05,gc_06,gc_07,gc_08,gc_09,gc_10,gc_11,gc_12,ingtoth,ingpch,tn_restaurant,tn_internet,cat_gastos_internet,cat_gastos_restaurant,cat_gc_01
683232310,22,1,5,8470.75,1694.15,4715.37,0,0,2950,506.61,0,0,0,0,0,0,298.77,45000,9000,0,0,0,0,1
658895281,22,1,1,4175.3164,4175.3164,1264.36,0,0,1105,0,0,1805.9564,0,0,0,0,0,7250,7250,0,0,0,0,0
1855885,22,2,4,16161.8172,4040.4543,6486.34,0,0,2300,108.25,0,2165,1300,800,0,2598,404.2272,48695.64,12173.91,2598,0,0,1,0
834033521,22,1,5,2227.51,445.502,1502.51,0,0,525,0,0,0,200,0,0,0,0,6240,1248,0,0,0,0,1
698964495,22,2,4,30349.7212,7587.4303,6105.3,866,2600,3880,337.74,1100,9217.0112,3180,1000,0,0,2063.67,50000,12500,0,0,0,0,0
824539619,22,1,2,4078,2039,2165,0,0,680,0,0,433,0,800,0,0,0,13195.64,6597.82,0,0,0,0,1
877416743,22,2,3,7224.3,2408.1,3074.3,0,0,2550,0,0,0,900,700,0,0,0,16600,5533.33333333333,0,0,0,0,0
437769139,22,1,7,4404.98,629.282857142857,584.55,90.93,0,3080,0,0,649.5,0,0,0,0,0,12500,1785.71428571429,0,0,0,0,0
471925701,22,1,2,4694.5,2347.25,2814.5,0,0,1880,0,0,0,0,0,0,0,0,10567.33,5283.665,0,0,0,0,1
856153260,22,1,2,3253.49,1626.745,1186.42,0,0,790,163.25,0,0,0,880,0,233.82,0,25000,12500,0,0,0,0,0
630340841,22,1,8,8501.85,1062.73125,4091.85,0,2060,1650,0,0,0,0,700,0,0,0,22366.6666666667,2795.83333333333,0,0,0,0,0
545177584,22,2,2,17967.8004,8983.9002,7841.63,0,0,2450,0,0,4515.6704,800,1300,0,0,1060.5,44000,22000,0,0,0,0,0
990578973,22,1,3,5244.64,1748.21333333333,900.64,0,0,1342,60,0,0,0,2942,0,0,0,9705,3235,0,0,0,0,0
372414040,22,2,2,5595.764,2797.882,2147.68,0,0,1953,0,606.2,0,0,888.884,0,0,0,17033.3333333333,8516.66666666667,0,0,0,0,0
300754981,22,1,3,13964.4392,4654.81306666667,1809.94,878.99,3490,300,108.25,269.28,221.8692,1236.51,800,0,4719.7,129.9,26316.6666666667,8772.22222222222,238.15,0,0,1,0
596918002,22,1,1,5079.5343,5079.5343,1707.1891,0,600,320,1746.1662,0,129.9,0,531.3,0,0,44.979,10083.3333333333,10083.3333333333,0,0,0,0,0
346345862,22,1,2,9376.85,4688.425,4741.35,259.8,0,1400,519.6,0,303.1,980,740,0,433,0,13883.3333333333,6941.66666666667,692.8,0,0,1,1
83940783,22,1,6,18765.57,3127.595,7456.26,0,0,4500,675.48,1472.2,0,2289,1026,0,736.1,610.53,73466.6666666667,12244.4444444444,0,0,0,0,0
99080322,22,2,2,8657.85,4328.925,7555.85,0,0,1102,0,0,0,0,0,0,0,0,57500,28750,0,0,0,0,1
181910191,22,1,5,5182.15,1036.43,3334.1,0,0,1260,272.79,0,0,100,120,0,0,95.26,14883.3333333333,2976.66666666667,0,0,0,0,1
538967468,22,1,6,27411.7128,4568.6188,5542.4,0,80,2530,834.7,16454,147.9128,433,1000,0,0,389.7,11500,1916.66666666667,0,0,0,0,0
30714739,22,1,1,5442.074,5442.074,2242.074,0,0,2200,0,0,0,0,1000,0,0,0,7500,7500,0,0,0,0,0
809765458,22,1,2,5396.0564,2698.0282,1342.3,259.8,920,2300,0,0,73.9564,0,500,0,0,0,7834.41666666667,3917.20833333333,0,0,0,0,0
333212542,22,1,3,5908.08,1969.36,2619.65,164.54,1750,573.89,0,0,0,0,800,0,0,0,10750,3583.33333333333,238.15,0,0,1,0
297904145,22,2,3,24634.19,8211.39666666667,8846.19,1775.3,5370,1145,3032.95,21.65,193.1,1650,1040,1560,0,0,30833.3333333333,10277.7777777778,0,0,0,0,0
683958535,22,1,5,18835.807,3767.1614,4130.82,0,930,1440,204.25,9420,802.782,0,800,200,649.5,258.455,24133.3333333333,4826.66666666667,0,0,0,0,0
323136424,22,1,4,8829.1123,2207.278075,896.31,0,0,2900,1876.2323,0,866,1299,0,0,0,991.57,45266.6666666667,11316.6666666667,0,0,0,0,0
366129136,22,1,5,8682.43,1736.486,2905.43,0,0,230,0,0,3897,200,1450,0,0,0,30666.6666666667,6133.33333333333,0,0,0,0,0
910637654,22,1,1,2890.55,2890.55,1450.55,0,0,1440,0,0,0,0,0,0,0,0,11250,11250,0,0,0,0,1
607864544,22,2,4,9656.375,2414.09375,7601.315,0,0,1100,138.56,0,0,0,600,0,0,216.5,9100,2275,0,0,0,0,1
287947691,22,1,7,7278.8556,1039.83651428571,6040.35,0,0,960,0,0,278.5056,0,0,0,0,0,16462.3066666667,2351.7580952381,0,0,0,0,1
522985149,22,1,6,16098.7628,2683.12713333333,7209.45,0,1050,3886.4,2352,0,147.9128,433,700,20,0,300,16000,2666.66666666667,0,0,0,0,0
852569414,22,1,7,15501.2485,2214.46407142857,7772.35,0,1750,380,3187.84,0,616.8085,433,820,0,0,541.25,37023.12,5289.01714285714,0,0,0,0,1
87013203,22,2,3,10174.89,3391.63,4213.09,0,0,2770,0,0,0,1200,0,0,1991.8,0,16000,5333.33333333333,1991.8,0,0,1,0
909887560,22,1,2,3860.85,1930.425,1060.85,0,0,2250,0,0,0,0,550,0,0,0,11000,5500,0,0,0,0,0
357598301,22,1,3,11166.66,3722.22,2385.83,264.13,0,1180.8,376,0,2511.4,1016.5,1200,0,0,2232,25550,8516.66666666667,0,0,0,0,0
923958598,22,1,3,7009.17,2336.39,4070.2,0,0,1017,471.97,0,0,900,550,0,0,0,16700,5566.66666666667,0,0,0,0,1
179119682,22,2,3,8850.33,2950.11,2905.43,303.1,0,1770,0,0,0,600,1280,0,1991.8,0,8300,2766.66666666667,1991.8,0,0,1,0
702106951,22,2,6,11674.2212,1945.70353333333,4057.21,0,2250,2500,0,0,557.0112,1620,690,0,0,0,20000,3333.33333333333,0,0,0,0,0
860742550,22,1,4,3259.16,814.79,1091.16,0,0,1660,0,0,0,0,500,8,0,0,9966.66666666667,2491.66666666667,0,0,0,0,0
563491684,22,1,2,14696.7344,7348.3672,1247.04,0,1200,1446,1220,0,881.9344,2640,5013.9,0,0,1047.86,8500,4250,0,0,0,0,0
848625968,22,1,5,25238.14,5047.628,6746.14,0,10140,1890,2880,0,1732,950,200,0,0,700,46984,9396.8,0,0,0,0,0
173499332,22,2,4,12070.7396,3017.6849,5001.15,0,0,1600,606.2,0,3633.3896,500,730,0,0,0,23500,5875,0,0,0,0,0
372946650,22,1,4,14380.04,3595.01,5676.63,0,800,1934,203.51,0,5196,220,0,0,0,349.9,11850,2962.5,0,0,0,0,0
564417318,22,1,3,11617.11,3872.37,4892.9,1558.8,0,1720,346.4,0,952.6,280,1100,0,714.45,51.96,19700,6566.66666666667,714.45,0,0,1,0
828005338,22,1,2,8997.79000000001,4498.895,6767.79,0,0,1000,0,0,0,760,470,0,0,0,15200,7600,0,0,0,0,1
173339095,22,1,2,6395.34,3197.67,2550.37,0,510,380,1121.24,264.13,0,400,650,0,519.6,0,19500,9750,0,0,0,0,0
203115789,22,3,2,9669.75,4834.875,4438.25,0,0,1200,0,0,2381.5,650,840,0,0,160,21705.9333333333,10852.9666666667,0,0,0,0,0
321959246,22,2,3,17382.63,5794.21,6785.11,606.2,1540,1046,0,0,2165,2979.2,103.92,0,952.6,1204.6,27000,9000,0,0,0,0,0
627795857,22,1,4,51438.89,12859.7225,4711.04,5308.58,10730,2230,1802.56,3499.46,403.1,7276.4,8576,0,4026.9,2874.85,38266,9566.5,3723.8,0,0,1,0
642063386,22,1,5,5423.53,1084.706,4342.99,164.54,0,170,0,0,96,150,500,0,0,0,16900,3380,238.15,0,0,1,1
425765763,22,2,4,8759.0364,2189.7591,4139.48,216.5,0,1875,0,0,939.9564,1433,0,0,0,155.1,25000,6250,0,0,0,0,0
576030399,22,1,6,4950.68,825.113333333333,2481.09,0,0,1720,99.59,0,0,0,650,0,0,0,12606.5,2101.08333333333,0,0,0,0,1
11710185,22,1,4,8504.19,2126.0475,1753.65,1017.55,350,1574,834.26,0,637.7,930,350,0,497.95,559.08,35320,8830,0,0,0,0,0
970370531,22,1,2,4094.7,2047.35,389.7,0,0,1600,0,0,0,750,1355,0,0,0,25000,12500,0,0,0,0,0
274256809,22,2,5,32870.3396,6574.06792,10789.2342,323.1479,1450,4320,1211.088,480,6155.128,2864,3036.98,0,0,2240.7615,27675,5535,0,0,0,0,0
342701415,22,1,6,9946.31,1657.71833333333,8889.49,0,0,350,216.5,0,0,64.95,40,0,0,385.37,16142,2690.33333333333,0,0,0,0,1
302597755,22,1,1,3893.68,3893.68,848.68,0,310,600,1600,0,0,0,535,0,0,0,12031,12031,0,0,0,0,0
625909570,22,1,3,3322.6,1107.53333333333,952.6,0,0,1850,0,0,0,0,520,0,0,0,47000,15666.6666666667,0,0,0,0,0
337000813,22,1,3,12732.542,4244.18066666667,4784.65,476.3,500,1060,82.27,0,954.962,1400,2210,0,744.76,519.6,21333.3333333333,7111.11111111111,0,0,0,0,0
916095183,22,1,3,19930.893,6643.631,10370.35,389.7,2042,1666,67.2,981.86,1161.693,693,1121.95,0,866,571.14,12382.1666666667,4127.38888888889,0,0,0,0,1
556633154,22,1,6,10146.646,1691.10766666667,7421.62,0,0,1200,0,0,1330.176,0,0,0,0,194.85,10195.87,1699.31166666667,0,0,0,0,1
24078059,22,1,7,12408.5792,1772.65417142857,5399.51,909.3,550,1100,308.25,0,1477.5692,433,600,700,930.95,0,17510,2501.42857142857,930.95,0,0,1,0
429747655,22,1,4,5655.0782,1413.76955,1991.8,346.4,280,2200,0,0,166.8782,0,670,0,0,0,7275,1818.75,0,0,0,0,0
87443923,22,3,5,38553.6,7710.72,13336.4,0,0,4331.2,0,0,16887,2999,1000,0,0,0,53180,10636,0,0,0,0,0
256108582,22,3,2,6146.85,3073.425,1926.85,0,0,3220,0,0,0,500,500,0,0,0,21992.8571428571,10996.4285714286,0,0,0,0,0
215479477,22,1,2,23634.4464,11817.2232,15055.41,2598,0,1400,1282.09,0,73.9564,516.5,1180,0,0,1528.49,33000,16500,0,0,0,0,1
219873686,22,2,2,9527.1792,4763.5896,3117.6,0,0,1530,290.11,0,221.8692,650,600,0,2857.8,259.8,9000,4500,389.7,0,0,1,0
723690651,22,1,5,8411.866,1682.3732,2407.48,0,0,250,0,0,4088.386,866,800,0,0,0,19000,3800,0,0,0,0,0
994658595,22,1,4,6109.0812,1527.2703,2992.03,389.7,0,671,242,0,1111.2512,300,186.6,0,216.5,0,42254.82,10563.705,216.5,0,0,1,0
320028688,22,1,5,6763.866,1352.7732,2030.77,0,0,900,0,0,1975.346,1033,586.6,0,0,238.15,29166.6666666667,5833.33333333333,0,0,0,0,0
576117289,22,1,4,8694.8486,2173.71215,259.8,0,2350,3615.45,176,0,1153.5986,250,890,0,0,0,35174.4966666667,8793.62416666667,0,0,0,0,0
814181100,22,1,2,6010.69,3005.345,2892.44,0,0,2050,0,108.25,0,400,560,0,0,0,8835.22,4417.61,0,0,0,0,0
754818602,22,2,3,38755.3612,12918.4537333333,10883.1086,827.463,5123,2078,1019.2845,0,8536.6816,3639.5,3122.4,0,1472.2,2053.7235,34000,11333.3333333333,1991.8,0,0,1,0
443218211,22,1,4,4712.02,1178.005,2554.7,0,300,800,103.92,0,520.4,433,0,0,0,0,13602.3333333333,3400.58333333333,0,0,0,0,1
32116444,22,1,7,5450.192,778.598857142857,2628.31,0,0,250,541.25,0,1235.782,600,0,0,0,194.85,9512.64,1358.94857142857,0,0,0,0,0
728090430,22,1,4,9096.4852,2274.1213,3208.53,389.7,2990,526,0,0,1175.3352,0,100,0,346.4,360.52,19700,4925,346.4,0,0,1,0
471356376,22,1,2,3986.84,1993.42,718.78,129.9,600,800,305.16,0,433,350,450,0,0,200,19440,9720,0,0,0,0,0
631008284,22,1,1,4901.01,4901.01,1662.72,0,250,800,0,0,575.89,400,0,0,1212.4,0,5500,5500,0,0,0,0,0
580959258,22,2,3,12786.15,4262.05,5867.15,0,0,5620,0,0,0,1299,0,0,0,0,12583.3333333333,4194.44444444444,0,0,0,0,0
986849335,22,1,1,1484.05,1484.05,1234.05,0,0,250,0,0,0,0,0,0,0,0,4251.16,4251.16,0,0,0,0,1
431740431,22,2,4,18202.282,4550.5705,4853.93,0,0,2300,259.8,0,7102.352,1726,1350,0,0,610.2,16400,4100,0,0,0,0,0
815006180,22,1,3,13262.01,4420.67,10162.51,0,1000,1450,0,0,216.5,433,0,0,0,0,6466.66666666667,2155.55555555556,0,0,0,0,1
138200793,22,1,3,20231.48,6743.82666666667,4200.1,0,3900,1130,1527.92,0,6495,210,800,0,0,1968.46,12500,4166.66666666667,0,0,0,0,0
901031418,22,1,2,8488.89,4244.445,1008.89,0,0,5580,0,0,0,1000,900,0,0,0,45000,22500,0,0,0,0,0
834283928,22,1,2,5676.8,2838.4,3476.99,0,0,920,506.61,0,0,0,600,0,0,173.2,14833.3333333333,7416.66666666667,0,0,0,0,1
355303269,22,2,2,13965.04,6982.52,4479.385,0,0,5480,258.068,2598,0,0,720,0,0,429.587,10405,5202.5,0,0,0,0,0
930987571,22,2,1,8468.52,8468.52,4737.02,0,0,1350,129.9,0,0,0,0,0,1818.6,433,22000,22000,0,0,0,0,1
799451268,22,1,4,27184.5119,6796.127975,3381.9898,562.9,2200,2420,456.9261,0,12588.176,27.2,1180.63,0,3736.79,629.9,15083.3333333333,3770.83333333333,0,0,0,0,0
357495864,22,2,3,12874.1,4291.36666666667,5048.78,887.65,1000,494,108.25,0,346.4,1243,1762.28,0,1039.2,944.54,49900,16633.3333333333,0,1000,1,0,0
495012665,22,1,4,8156.97,2039.2425,6966.97,0,0,760,0,0,0,0,430,0,0,0,16873.43,4218.3575,0,0,0,0,1
681915973,22,2,1,9492.32000000001,9492.32000000001,3502.97,0,0,2906,234,0,433,545,1460,0,0,411.35,2500,2500,0,0,0,0,0
979614114,22,1,4,15011.193,3752.79825,5758.9,0,1020,1680,86.6,433,1104.583,1450,2606.51,100,0,771.6,12405,3101.25,0,0,0,0,0
359356801,22,2,4,18233.65,4558.4125,7187.8,0,0,1890,0,0,7144.5,1100,324.75,0,86.6,500,37000,9250,0,0,0,0,0
680151951,22,2,3,4362.45,1454.15,2078.4,476.3,0,700,0,0,519.6,0,510.21,0,0,77.94,3375,1125,0,0,0,0,0
995370201,22,1,8,5440.3,680.0375,2857.8,0,0,800,0,0,0,0,700,0,0,1082.5,41800,5225,0,0,0,0,1
631769918,22,1,2,6926.981,3463.4905,3572.25,0,0,1729,0,0,609.231,216.5,800,0,0,0,14000,7000,0,0,0,0,1
472538162,22,1,1,6071.54,6071.54,2221.29,259.8,0,230,108.25,0,0,0,48,0,3204.2,0,3633.33333333333,3633.33333333333,4243.4,0,0,1,0
316596409,22,1,7,6041.95,863.135714285714,1060.85,0,580,300,0,1299,736.1,866,1200,0,0,0,32610,4658.57142857143,0,0,0,0,0
588828281,22,1,1,3094.9,3094.9,1580.45,0,0,600,173.2,200,0,433,0,0,0,108.25,16080,16080,0,0,0,0,1
876789221,22,1,4,11581.62,2895.405,6135.61,303.1,1690,1420,376.71,0,433,270,780,0,0,173.2,10913.55,2728.3875,0,0,0,0,1
437407814,22,2,6,3657.43,609.571666666667,2472.43,0,0,620,0,0,465,100,0,0,0,0,15200,2533.33333333333,0,0,0,0,1
428766503,22,2,4,8146.5,2036.625,95.26,727.44,0,2000,0,0,649.5,900,1566,0,2208.3,0,40000,10000,995.9,0,0,1,0
411826362,22,2,1,15803.05,15803.05,2468.1,0,0,1660,0,0,10825,0,500,0,0,349.95,20000,20000,0,0,0,0,0
322677471,22,1,4,2621.89,655.4725,1320.65,0,0,300,121.24,0,0,330,550,0,0,0,7800,1950,0,0,0,0,1
483491881,22,1,3,8826.55,2942.18333333333,1363.95,259.8,500,1191,0,2798,907.6,400,800,0,606.2,0,9000,3000,606.2,0,0,1,0
624813629,22,1,5,10155.86,2031.172,5810.86,0,0,542,0,0,1732,433,1498,0,0,140,8600,1720,0,0,0,0,1
448993186,22,2,4,24628.84,6157.21,5208.99,1169.1,4700,1030,128,0,3897,1200,3670,0,3355.75,270,35650.6666666667,8912.66666666667,3355.75,0,0,1,0
707364397,22,1,3,13227.54,4409.18,3754.11,606.2,980,1989.68,86.6,400,238.15,1232.5,1732,0,2035.1,173.2,27500,9166.66666666667,1342.3,0,0,1,0
749531777,22,1,4,13651.181,3412.79525,3366.575,0,1250,3568,0,0,464.176,1608,1355,0,736.1,1303.33,28567.33,7141.8325,0,0,0,0,0
149989125,22,1,2,2742.0656,1371.0328,1221.06,0,0,746,0,0,278.5056,466.5,30,0,0,0,7000,3500,0,0,0,0,0
195150085,22,1,6,21582.19,3597.03166666667,11011.19,0,0,1911,0,0,6278.5,0,216.5,0,1991.8,173.2,15716.6666666667,2619.44444444444,952.6,0,0,1,1
51621550,22,2,5,30439.01,6087.802,5893.13,606.2,0,3160,0,0,16400,800,930,0,389.7,2259.98,39160.1,7832.02,0,0,0,0,0
656043126,22,1,3,2888.08,962.693333333333,1238.38,0,500,240,0,0,389.7,0,520,0,0,0,14150,4716.66666666667,0,0,0,0,0
757724329,22,1,2,26922.81,13461.405,2892.44,1342.3,5390,3470,4840.54,50,708.8,688,5601.2,0,177.53,1762,12984,6492,0,1578,1,0,0
838539787,22,2,1,11462.93,11462.93,3489.98,1970.15,0,1243.6,0,0,3379.2,630,750,0,0,0,20000,20000,0,0,0,0,0
887139704,22,2,3,19681.532,6560.51066666667,8058.13,0,750,1215,0,1977.35,2967.782,1810,941.76,0,0,1961.51,59466.6666666667,19822.2222222222,0,0,0,0,0
143460163,22,1,6,11942.69,1990.44833333333,7884.93,0,0,1840,0,0,476.3,526.5,853,0,0,361.96,32000,5333.33333333333,0,0,0,0,1
95380143,22,3,3,13713.555,4571.185,5024.965,238.15,0,2996,0,0,600,1900,2060,0,294.44,600,36575,12191.6666666667,0,0,0,0,0
301750447,22,1,7,4784.482,683.497428571429,1290.34,0,0,1260,0,0,672.882,0,686.6,0,714.45,160.21,13588.3166666667,1941.1880952381,714.45,0,0,1,0
936928208,22,1,3,13986.402,4662.134,3615.55,0,0,6300,0,0,928.352,1082.5,2060,0,0,0,18000,6000,0,0,0,0,0
946675402,22,1,4,18929.47,4732.3675,8551.75,0,0,1500,1424.19,300,3745.45,1000,1000,250,0,1158.08,35000,8750,0,1166,1,0,0
677713811,22,1,3,13256.02,4418.67333333333,7703.07,0,1500,210,1174.65,0,1212.4,0,160,0,866,429.9,30000,10000,0,0,0,0,1
892442722,22,1,4,4080.075,1020.01875,2149.845,90.93,0,230,0,0,649.5,0,700,0,0,259.8,6000,1500,0,0,0,0,1
891340210,22,1,1,844.86,844.86,506.61,108.25,0,230,0,0,0,0,0,0,0,0,3666.66666666667,3666.66666666667,0,0,0,0,1
913751648,22,2,4,28124.05,7031.0125,7685.75,0,0,2000,2700,0,9959,1907.5,1025,0,2381.5,465.3,65150,16287.5,0,0,0,0,0
673388254,22,1,1,3551.9964,3551.9964,878.99,0,0,970,213.6,0,174.7564,834.65,480,0,0,0,5400,5400,0,454.65,1,0,0
638309125,22,1,3,5530.79,1843.59666666667,3576.58,0,350,250,272.25,0,0,0,800,0,0,281.96,20000,6666.66666666667,0,0,0,0,1
25698697,22,1,3,4123.68,1374.56,2502.74,0,0,560,121.24,86.6,0,0,550,0,0,303.1,8700,2900,0,0,0,0,1
380188512,22,2,4,25329.61,6332.4025,4503.2,0,7900,800,259.8,280,8660,1350,920,0,0,656.61,1750,437.5,0,0,0,0,0
558708522,22,1,2,1036.6,518.3,86.6,0,0,950,0,0,0,0,0,0,0,0,5400,2700,0,0,0,0,0
359278456,22,2,3,17013.64,5671.21333333333,4407.94,519.6,0,1100,259.8,4503.9,2436.5,0,1600,0,1407.25,778.65,50715,16905,0,0,0,0,0
976654298,22,1,3,10264.1,3421.36666666667,6365.1,0,0,1880,0,433,0,866,720,0,0,0,18725,6241.66666666667,0,0,0,0,1
256179801,22,2,2,12991.578,6495.789,3977.538,281.45,1250,1720,477.12,2173.66,779.4,0,700,0,952.6,679.81,5393.33333333333,2696.66666666667,519.6,0,0,1,0
849532395,22,1,1,11177.69,11177.69,2013.45,0,0,1750,5121.24,200,0,933,980,0,0,180,7166.66666666667,7166.66666666667,0,0,0,0,0
511771935,22,1,5,11175.77,2235.154,3693.49,718.78,615,1571,30,0,0,875,425,0,3247.5,0,43900,8780,2554.7,0,0,1,0
29175693,22,1,3,5047.7564,1682.58546666667,692.8,0,0,2149,0,0,1805.9564,0,400,0,0,0,6833.33333333333,2277.77777777778,0,0,0,0,0
69665145,22,2,12,9076.8,756.4,1926.85,324.75,0,3887,0,0,2121.7,216.5,600,0,0,0,17200,1433.33333333333,0,0,0,0,0
104545908,22,1,6,14117.29,2352.88166666667,4819.29,0,0,1870,0,0,5196,1732,500,0,0,0,5440.51,906.751666666667,0,0,0,0,0
982750242,22,1,2,8093.3,4046.65,3853.7,0,0,1940,0,433,0,380,1400,0,0,86.6,2583.33333333333,1291.66666666667,0,0,0,0,0
600102138,22,1,4,14451.05,3612.7625,2446.45,0,0,3450,105,400,433,2300,900,0,4416.6,0,22000,5500,3723.8,0,0,1,0
821774320,22,1,2,12209.36,6104.68,4490.21,173.2,2000,1560,844.35,641.6,0,1240,360,0,0,900,10100,5050,0,0,0,0,0
645710202,22,1,7,10495.1104,1499.30148571429,6010.04,0,0,785.1,689.5,173.2,1051.6704,200,200,0,0,1385.6,13197.9866666667,1885.42666666667,0,0,0,0,1
648818338,22,1,7,7233.75,1033.39285714286,3788.75,0,0,1195,0,0,0,1450,800,0,0,0,20000,2857.14285714286,0,0,0,0,1
155087038,22,1,2,27200.602,13600.301,4187.11,0,2470,9150,2071.8,562.9,3483.392,2230,900,0,1645.4,500,41053.3333333333,20526.6666666667,0,0,0,0,0
554551542,22,1,3,10478.482,3492.82733333333,1719.01,402.69,2900,2172,0,0,369.782,350,1960,0,0,605,32200,10733.3333333333,0,605,1,0,0
98582905,22,1,3,16928.7792,5642.9264,627.85,714.45,1880,6179.6,0,1200,221.8692,1036.51,0,0,4719.7,348.8,17000,5666.66666666667,0,0,0,0,0
834679512,22,1,5,5876.9,1175.38,1450.55,757.75,0,1050,0,0,389.7,400,400,0,1428.9,0,16195.64,3239.128,1428.9,0,0,1,0
672473448,22,1,1,15319.29,15319.29,2156.34,5196,930,1420,568.25,0,1009.6,1756,1730,0,0,553.1,10600,10600,0,0,0,0,0
399553408,22,2,4,21034.1197,5258.529925,5732.4437,0,4990,1764.4,2141.69,0,2264.176,960,980,0,1039.2,1162.21,13368,3342,0,0,0,0,0
429220013,22,1,2,13460.7814,6730.3907,4007.7614,753.42,730,1120,335,480,686.6,640,3687,0,779.4,241.6,12266.6666666667,6133.33333333333,779.4,0,0,1,0
868677021,22,1,7,21710.95,3101.56428571429,5793.54,866,5000,980,3599.89,500,1516,983,1030.63,0,1441.89,0,30084.3333333333,4297.76190476191,606.2,0,0,1,0
590583543,22,1,4,4854.305,1213.57625,3113.27,0,0,320,136.395,0,0,0,1250,0,0,34.64,11067.33,2766.8325,0,0,0,0,1
259378307,22,1,2,5450.7252,2725.3626,2307.89,0,0,1750,0,0,92.8352,0,1300,0,0,0,14000,7000,0,0,0,0,0
496668996,22,1,5,4857.7764,971.55528,3178.22,779.4,0,220,64.95,0,73.9564,433,108.25,0,0,0,12875,2575,0,0,0,0,1
673353707,22,1,4,12387.93,3096.9825,6979.96,0,0,4070,164.54,0,1039.2,0,0,0,0,134.23,28000,7000,0,0,0,0,1
881684924,22,1,3,10448.35,3482.78333333333,2307.89,692.8,0,1200,99.59,0,1472.2,433,610,0,3334.1,298.77,12972,4324,476.3,0,0,1,0
655373555,22,2,4,17959.4228,4489.8557,6616.24,0,2100,975,0,0,4910.9128,1300,1871.15,0,0,186.12,29995.64,7498.91,0,0,0,0,0
686822652,22,1,3,10539.41,3513.13666666667,9521.67,0,0,300,251.14,0,0,0,380,0,0,86.6,8966.66666666667,2988.88888888889,0,0,0,0,1
347877557,22,2,4,26006.81,6501.7025,4576.81,0,0,2960,0,0,16887,700,883,0,0,0,32300,8075,0,0,0,0,0
819497027,22,1,1,3334.434,3334.434,1558.0206,0,0,900,216.4134,0,0,0,660,0,0,0,5800,5800,0,0,0,0,0
530744004,22,2,4,8914.7,2228.675,5252.29,324.75,0,1580,121.24,0,389.7,0,450,0,497.95,298.77,24625.0966666667,6156.27416666667,0,0,0,0,1
979918820,22,1,2,12191.52,6095.76,5247.96,0,0,320,1264.36,0,1426,866,1295,0,0,1772.2,14567.33,7283.665,0,0,0,0,0
457096401,22,2,1,17503.287,17503.287,363.287,0,0,10260,5000,0,0,1380,500,0,0,0,40000,40000,0,0,0,0,0
244581544,22,1,4,23458.3463,5864.586575,15240.5608,389.7,0,1850,1921.9355,1182.09,0,600,620,0,0,1654.06,29101.6666666667,7275.41666666667,0,0,0,0,1
502923635,22,1,9,6029.76,669.973333333333,4698.05,0,0,715,0,0,129.9,216.5,270.31,0,0,0,16573.3333333333,1841.48148148148,0,216.5,1,0,1
453855553,22,1,3,11114.3211,3704.7737,2193.9244,0,1500,2180,695.8467,150,0,462.8,1475,400,2056.75,0,8666.66666666667,2888.88888888889,0,0,0,0,0
115254967,22,1,2,4391,2195.5,3031,0,0,1160,0,0,0,200,0,0,0,0,15716.6666666667,7858.33333333333,0,0,0,0,1
703588197,22,1,2,11871.44,5935.72,4559.49,0,0,2050,497.95,0,3464,0,1300,0,0,0,14000,7000,0,866,1,0,0
692908149,22,1,1,6255.016,6255.016,974.25,0,0,1060,672,1000,216.5,500,1600,0,0,232.266,7500,7500,0,0,0,0,0
25319866,22,1,5,32904.946,6580.9892,1987.47,264.13,4300,2644,5488,2748,4492.776,2229.5,6380.52,0,1925.8,444.75,36957.8066666667,7391.56133333333,562.9,433,1,1,0
189400616,22,1,1,5492.3964,5492.3964,3758.44,0,0,1160,0,0,73.9564,0,500,0,0,0,6000,6000,0,0,0,0,1
236883223,22,1,3,1679.6292,559.8764,528.26,0,0,280,0,0,221.8692,0,0,0,649.5,0,13066.6666666667,4355.55555555556,0,0,0,0,0
670583565,22,1,7,7530.03,1075.71857142857,5590.03,0,0,1270,0,0,0,0,670,0,0,0,8000,1142.85714285714,0,0,0,0,1
67420852,22,1,8,5051.21,631.40125,3191.21,0,560,950,0,0,0,100,250,0,0,0,15700,1962.5,0,0,0,0,1
367717375,22,1,5,3197.75,639.55,757.75,0,0,1200,0,0,0,350,890,0,0,0,16350,3270,0,0,0,0,0
597626085,22,1,1,6824.67,6824.67,4325.67,0,439,1290,115,0,0,0,655,0,0,0,9700,9700,0,0,0,0,1
303102741,22,1,5,9833.78000000001,1966.756,4849.6,0,0,886,2733,0,433,0,300,0,0,632.18,11250,2250,0,0,0,0,0
440071151,22,1,3,9298.5775,3099.52583333333,4243.4,0,0,1730,100,0,440.5775,0,1865,400,519.6,0,1500,500,0,0,0,0,0
371384604,22,1,4,26986.35,6746.5875,15146.34,2455.11,1050,2486,444,160,969.92,1016.5,1765.08,0,1039.2,454.2,37666.6666666667,9416.66666666667,584.55,0,0,1,1
428615195,22,1,6,4738.612,789.768666666667,1952.83,0,0,750,0,0,1235.782,200,600,0,0,0,12263.9866666667,2043.99777777778,0,0,0,0,0
797785858,22,2,4,11965.7,2991.425,3593.9,0,0,2380,0,0,0,3300,700,0,1991.8,0,51800,12950,1991.8,0,0,1,0
41430541,22,2,2,11436.4389,5718.21945,6084.083,519.6,0,680,950.2185,21.65,734.9764,1053.65,870,0,0,522.261,10267,5133.5,0,454.65,1,0,1
42219399,22,1,5,8124.21,1624.842,1459.21,0,500,3300,0,0,866,1299,700,0,0,0,13000,2600,0,0,0,0,0
449566860,22,1,3,10746.9234,3582.3078,6637.8034,0,0,2100,190.52,454.65,303.1,454.65,0,0,0,606.2,8388,2796,0,0,0,0,1
948864077,22,1,4,13148.16,3287.04,5551.06,0,600,1900,300,0,1732,950,1380,0,0,735.1,15500,3875,0,0,0,0,0
687736260,22,1,4,3418.71,854.6775,2108.71,0,0,1310,0,0,0,0,0,0,0,0,13100,3275,0,0,0,0,1
245768022,22,2,4,24089.966,6022.4915,10218.8,216.5,0,3250,3123.85,0,3897,965,915,0,0,1503.816,22000,5500,0,0,0,0,0
697909635,22,1,2,7999.45,3999.725,3632.87,545.58,1630,925,0,0,692.8,200,200,0,173.2,0,7000,3500,0,0,0,0,0
343551735,22,2,5,7297.935,1459.587,2387.995,779.4,0,1350,0,216.5,0,1999.5,400,0,0,164.54,20500,4100,0,0,0,0,0
518564682,22,1,4,7351.05,1837.7625,4806.3,0,0,1620,324.75,0,0,0,600,0,0,0,8000,2000,0,0,0,0,1
678937711,22,1,1,3015.53,3015.53,2468.1,0,0,240,147.22,0,0,0,0,0,0,160.21,5000,5000,0,0,0,0,1
222314014,22,1,2,8716.45,4358.225,2065.41,1169.1,0,1200,77.94,0,3464,200,540,0,0,0,18000,9000,0,0,0,0,0
646943266,22,1,2,8111.08,4055.54,3576.58,194.85,0,3645,494.65,0,0,0,200,0,0,0,14534.31,7267.155,0,0,0,0,0
346238780,22,1,3,4580.285,1526.76166666667,2872.955,233.82,380,810,203.51,0,0,0,80,0,0,0,11333.3333333333,3777.77777777778,0,0,0,0,1
10903965,22,1,3,13062.55,4354.18333333333,6646.55,0,0,4400,0,0,0,350,800,0,866,0,33716.6666666667,11238.8888888889,0,0,0,0,1
716003929,22,1,5,8170.677,1634.1354,2786.355,0,1160,1200,128.3,0,577.782,250,1942.3,0,0,125.94,22862.3066666667,4572.46133333333,0,0,0,0,0
192182206,22,1,1,6539.3067,6539.3067,368.0067,476.3,0,745,3800,200,0,200,550,0,0,200,7800,7800,0,0,0,0,0
747414919,22,2,5,13289.9852,2657.99704,3572.25,0,900,300,505.9,200,5082.8352,1162.8,960,0,606.2,0,16333.3333333333,3266.66666666667,779.4,0,0,1,0
97932975,22,1,6,15918.9638,2653.16063333333,2853.47,567.23,320,1655,3058.3277,200,1299,696.5,3500.52,0,1125.8,643.1161,11031.32,1838.55333333333,562.9,0,0,1,0
419351426,22,2,3,22320.12,7440.04,10357.36,251.14,900,2506,1437.56,2190.75,116.91,0,300,300,2165,1795.4,18800,6266.66666666667,1299,0,0,1,0
284768456,22,1,5,31240.2972,6248.05944,12288.54,0,1650,1130,2349.72,0,1887.1872,2200,4910,0,2165,2659.85,13967.6633333333,2793.53266666667,2165,0,0,1,0
590504104,22,1,1,1413.12,1413.12,238.15,0,0,270,0,0,532.59,0,0,0,372.38,0,10000,10000,0,0,0,0,0
513138963,22,1,1,8035.89,8035.89,3165.23,0,1800,630,106.6,0,433,300,851.56,0,649.5,100,5050,5050,649.5,0,0,1,0
961185326,22,1,3,18108.448,6036.14933333333,8082.2914,493.62,0,1670,1028.6755,909.3,0,0,1150,0,0,4774.5611,33000,11000,0,0,0,0,0
491925721,22,1,3,5722.51,1907.50333333333,3472.66,0,0,975,194.85,0,0,240,840,0,0,0,18200,6066.66666666667,0,0,0,0,1
967974103,22,1,2,14885.575,7442.7875,3916.485,173.2,2400,2920,800,200,0,1900,1581.04,0,0,994.85,27083.3333333333,13541.6666666667,0,0,0,0,0
245151770,22,1,4,10412.175,2603.04375,5877.975,0,1100,990,435.11,86.6,0,800,280,0,346.4,496.09,19700,4925,0,0,0,0,1
721978423,22,1,1,8447.17,8447.17,796.72,0,0,4188,715.26,0,1731.2,0,500,0,0,515.99,6933.33333333333,6933.33333333333,0,0,0,0,0
847465096,22,1,3,8619.9128,2873.30426666667,6062,0,0,1060,0,0,147.9128,600,750,0,0,0,8000,2666.66666666667,0,0,0,0,1
669659482,22,1,2,7976.926,3988.463,2489.75,0,0,2125,0,0,3062.176,300,0,0,0,0,5195.64,2597.82,0,0,0,0,0
12492042,22,1,3,11809.57,3936.52333333333,4888.57,1818.6,0,1020,1120,0,866,1000,750,0,346.4,0,10758.3333333333,3586.11111111111,0,0,0,0,0
991160667,22,1,1,3914.16,3914.16,1524.16,0,1400,990,0,0,0,0,0,0,0,0,4733.33333333333,4733.33333333333,0,0,0,0,0
203057936,22,1,6,11447.84,1907.97333333333,7322.03,0,600,1980,389.7,0,0,0,0,0,0,1156.11,10100,1683.33333333333,0,0,0,0,1
880295014,22,1,3,21551.57,7183.85666666667,3056.98,0,900,867,5551.45,0,8660,0,0,0,2035.1,481.04,18444.6666666667,6148.22222222222,2035.1,0,0,1,0
366207998,22,2,4,14359.79,3589.9475,6248.19,0,0,1860,0,0,0,4000,0,0,519.6,1732,24388,6097,519.6,0,0,1,0
728880677,22,1,2,5999.1122,2999.5561,3451.01,0,0,300,251.14,0,0,433,900,0,346.4,317.5622,14000,7000,0,0,0,0,1
724829509,22,2,3,20738.69,6912.89666666666,2121.7,125.57,0,730,0,0,10500.25,1226.5,3744.1,0,2290.57,0,49500,16500,1251.37,3031,1,1,0
754065441,22,1,2,10242.5242,5121.2621,1435.395,714.45,120,1760,65,0,271.8692,636.51,519.6,0,4719.7,0,7300,3650,129.9,0,0,1,0
426520308,22,1,2,7098.0028,3549.0014,2533.05,0,0,1520,216.5,0,139.2528,866.5,1000,0,649.5,173.2,4948.65,2474.325,0,0,0,0,0
582365554,22,1,4,11227.34,2806.835,9084.34,0,0,1277,0,0,0,0,0,0,0,866,22000,5500,0,0,0,0,1
328422608,22,1,1,1903.1,1903.1,303.1,0,0,1600,0,0,0,0,0,0,0,0,7000,7000,0,0,0,0,0
488455781,22,2,2,31189.4264,15594.7132,5607.0469,0,130,3062,4324.6234,488,3749.78,960.98,8400,0,3853.7,613.2961,43950,21975,4892.9,0,0,1,0
412815030,22,1,4,19514.667,4878.66675,7880.6,0,2700,1565,1091.16,173.2,2506.5504,1160,610,0,0,1828.1566,18000,4500,0,0,0,0,0
396566547,22,2,4,19253.4864,4813.3716,4559.49,866,2100,952,0,320,4403.5564,1414,350,0,4117.83,170.61,37580,9395,2667.28,234.61,1,1,0
978080471,22,1,1,9156.19,9156.19,4949.19,0,0,2650,0,0,0,867,690,0,0,0,7600,7600,0,0,0,0,1
975924115,22,1,5,9828.36000000001,1965.672,5724.26,0,0,1955,80,0,0,833,500,0,736.1,0,12211.56,2442.312,0,0,0,0,1
729244366,22,2,4,48788.4317,12197.107925,4988.6363,692.8,5550,2140,400,1019.5594,25309.376,1866.5,3940,0,2338.2,543.36,33466.6666666667,8366.66666666667,952.6,0,0,1,0
404472042,22,2,4,14828.4004,3707.1001,5685.29,0,0,1800,0,0,3511.1104,1392.8,1400,0,1039.2,0,31700,7925,1125.8,0,0,1,0
195876273,22,1,5,15072.9465,3014.5893,3550.6,0,0,1400,5760,0,2429.3465,733,1200,0,0,0,7400,1480,0,0,0,0,0
818085872,22,1,4,5516.65,1379.1625,2100.05,0,730,1900,186.6,0,0,0,600,0,0,0,11000,2750,0,0,0,0,0
752073871,22,1,5,9500.27,1900.054,6386.75,0,0,575.32,1039.2,0,1299,0,200,0,0,0,21200,4240,0,0,0,0,1
438973323,22,1,4,26409.2704,6602.3176,9179.6,0,0,12380,0,300,2783.6704,866,800,0,0,100,57000,14250,0,0,0,0,0
177845776,22,1,3,4564.89,1521.63,1874.89,0,0,1990,0,0,0,700,0,0,0,0,5902.5,1967.5,0,0,0,0,0
524249457,22,2,6,38637.245,6439.54083333334,5128.885,562.9,1200,4330,13373.2,0,4330,4424.5,2642.13,0,2177.99,467.64,24166.6666666667,4027.77777777778,0,0,0,0,0
612228337,22,2,1,16480.71,16480.71,3671.84,0,1850,2080,3668.87,1210,300,1535,2165,0,0,0,24000,24000,0,0,0,0,0
686586571,22,1,5,6670.832,1334.1664,3832.05,0,0,370,0,0,1235.782,433,800,0,0,0,26417.75,5283.55,0,0,0,0,1
954874828,22,1,4,11213.65,2803.4125,2961.72,259.8,470,5950,448.93,200,0,273.2,650,0,0,0,12730,3182.5,0,0,0,0,0
596112518,22,3,4,13405.8,3351.45,6321.8,0,0,1001,0,0,2165,1452,600,0,866,1000,15200,3800,0,0,0,0,0
293916734,22,1,3,4829.22,1609.74,1641.07,0,350,2000,0,0,129.9,0,708.25,0,0,0,5200,1733.33333333333,0,0,0,0,0
514693565,22,2,7,6411.02,915.86,3650.19,0,0,2060,155.88,0,0,0,480,0,0,64.95,19500,2785.71428571429,0,0,0,0,1
925032748,22,1,6,11915.23,1985.87166666667,1108.48,0,0,5044,0,800,3351,177,1030,0,324.75,80,19260,3210,0,0,0,0,0
802157606,22,2,4,18624.194,4656.0485,6291.49,0,0,3860,0,0,7052.704,890,530,0,0,0,22423.12,5605.78,0,0,0,0,0
865652671,22,1,2,7169.671,3584.8355,4962.18,0,0,300,129.9,0,609.231,216.5,770,0,0,181.86,13400,6700,0,0,0,0,1
942410939,22,1,2,13474.602,6737.301,6014.37,0,0,1180,324.75,5196,369.782,0,0,0,0,389.7,15500,7750,0,0,0,0,0
880125866,22,1,2,11396.2197,5698.10985,2706.8562,0,2380,1682,185.324,300,216.5,0,1266.5,0,1342.3,1316.7395,7577.33333333333,3788.66666666667,0,0,0,0,0
553935498,22,1,5,9782.02,1956.404,3767.1,1082.5,0,980,0,0,1558.8,1133,1260.62,0,0,0,24000,4800,0,433,1,0,0
535509203,22,1,3,20371.276,6790.42533333333,8227,0,0,530,952.6,0,2629.176,4500,2450,0,0,1082.5,46500,15500,0,0,0,0,0
138541508,22,1,5,21808.77,4361.754,8278.96,281.45,5020,2173.2,1151.78,0,1558.8,1500,0,0,1125.8,718.78,15433.3333333333,3086.66666666667,2121.7,0,0,1,0
544296172,22,2,4,12800.15,3200.0375,6300.15,0,0,4350,0,0,0,1500,650,0,0,0,38500,9625,0,0,0,0,0
610473653,22,1,2,8872.69,4436.345,1701.69,0,0,1954,3584,0,433,0,1200,0,0,0,19146.7633333333,9573.38166666667,0,0,0,0,0
489727657,22,1,1,7939.07,7939.07,2580.68,0,850,1800.94,73.61,658.39,0,350,911,0,649.5,64.95,8631.66666666667,8631.66666666667,0,0,0,0,0
541356914,22,1,4,5555.11,1388.7775,2455.11,0,0,1850,0,0,0,600,650,0,0,0,16988,4247,0,0,0,0,0
743848970,22,1,2,14604.87,7302.435,3048.32,0,2500,3380,2668.25,0,866,1666,0,0,346.4,129.9,30000,15000,0,0,0,0,0
791492354,22,2,5,12137.2,2427.44,173.2,0,990,2720,280,0,5864,1260,200,0,0,650,6606.5,1321.3,0,0,0,0,0
248789333,22,1,5,6781.135,1356.227,2574.185,0,20,1463.24,1897.1,0,209.9,216.5,270.31,0,0,129.9,10388,2077.6,0,216.5,1,0,0
808314555,22,1,2,6295.5092,3147.7546,2069.74,0,60,600,140.25,0,741.4692,1054.65,600,0,671.15,358.25,5600,2800,0,454.65,1,0,0
231364348,22,2,4,25837.9528,6459.4882,5468.79,0,2520,3163,192,600,9327.5128,1460,500,250,1970.15,386.5,23013.43,5753.3575,1299,0,0,1,0
583135300,22,1,5,9656.8,1931.36,3204.2,0,3000,1300,173.2,0,0,833,800,0,0,346.4,36000,7200,0,0,0,0,0
523866901,22,1,1,8120.46,8120.46,844.35,1757.98,0,1154.8,493.05,0,627.64,270,240,0,2186.65,545.99,18000,18000,0,0,0,0,0
604916634,22,1,2,7879.7584,3939.8792,3589.57,1299,0,800,389.7,0,443.7384,757.75,600,0,0,0,4086.66666666667,2043.33333333333,0,0,0,0,0
139242629,22,1,4,11996.45,2999.1125,3031,0,1500,4325,536,0,250,360,1080,0,519.6,394.85,10600,2650,0,0,0,0,0
310847715,22,1,5,7637.48,1527.496,6174.58,0,0,300,0,433,0,0,600,0,0,129.9,6142,1228.4,0,0,0,0,1
706744808,22,2,3,15059.8084,5019.93613333333,4169.79,519.6,0,2500,320,0,713.7384,3130,322.08,0,2208.3,1176.3,30000,10000,389.7,0,0,1,0
759107019,22,1,1,3353.86,3353.86,1913.86,0,0,1240,0,0,0,0,200,0,0,0,7900,7900,0,0,0,0,1
166169975,22,1,3,9456.77,3152.25666666667,2706.25,753.42,1200,1630,40,200,519.6,1130,816.5,28,433,0,19440,6480,0,0,0,0,0
394866178,22,2,4,20887.4204,5221.8551,2533.05,0,2300,2920,0,1299,6420.8704,250,2350,0,2814.5,0,32166.6666666667,8041.66666666667,2814.5,0,0,1,0
988590318,22,2,2,15234.3,7617.15,909.3,0,0,3469,160,0,5196,1900,3000,0,0,600,28500,14250,0,0,0,0,0
252961129,22,1,2,7866.06,3933.03,2914.09,129.9,500,3300,457.12,0,0,0,564.95,0,0,0,1333.33333333333,666.666666666667,0,0,0,0,0
431458958,22,1,3,9263.7,3087.9,7144.5,0,0,1419.2,0,0,0,0,700,0,0,0,4100,1366.66666666667,0,0,0,0,1
153704112,22,3,6,21061.53,3510.255,5758.9,125.57,0,1830,0,173.2,3940.3,2116.5,3334.1,0,3082.96,700,31150,5191.66666666667,1251.37,3031,1,1,0
637929810,22,2,2,4823.25,2411.625,1840.25,0,0,1900,0,0,0,433,650,0,0,0,4000,2000,0,0,0,0,0
386185342,22,1,2,7272.1,3636.05,1602.1,0,0,5020,0,0,0,0,650,0,0,0,13000,6500,0,0,0,0,0
295614126,22,1,3,4764.74,1588.24666666667,3052.65,0,168,1302,80,0,19.2,0,0,0,0,142.89,5000,1666.66666666667,0,0,0,0,1
594187998,22,1,6,19573.0168,3262.16946666667,8932.79,1212.4,0,1144.8,1248.25,0,1320.4768,887.65,3700.85,0,0,1125.8,29050,4841.66666666667,0,0,0,0,0
426479802,22,1,4,18649.93,4662.4825,5369.2,2165,875,2889,697.18,1500,1299,1200,738,900,866,151.55,6300,1575,866,0,0,1,0
679719438,22,1,1,10056.723,10056.723,5706.507,0,0,2120,280.216,0,0,1000,950,0,0,0,11000,11000,0,0,0,0,1
454378350,22,1,6,13885.6828,2314.28046666667,4195.77,0,0,1900,0,0,6209.9128,280,1300,0,0,0,9100,1516.66666666667,0,0,0,0,0
477581337,22,2,6,10253.81,1708.96833333333,4728.36,0,0,2100,0,627.85,0,1345,500,0,952.6,0,25711.56,4285.26,952.6,0,0,1,0
848438623,22,1,2,2952.443,1476.2215,2076.235,0,0,750,0,0,0,0,0,0,0,126.208,6838.33333333333,3419.16666666667,0,0,0,0,1
591489840,22,1,2,7251.2906,3625.6453,3130.59,0,0,1260,227.325,320,1248.4256,400,600,0,0,64.95,13500,6750,0,0,0,0,0
951119461,22,1,2,7448.134,3724.067,1471.334,0,2490,1368,0,1558.8,0,0,560,0,0,0,15203.3333333333,7601.66666666667,0,0,0,0,0
293944439,22,2,3,12444.23,4148.07666666667,6269.84,389.7,900,2050,0,0,0,2000,540,0,0,294.69,49000,16333.3333333333,0,0,0,0,1
529270021,22,1,3,10655.35,3551.78333333334,5434.15,0,0,1350,0,1169.1,0,400,700,0,0,1602.1,29000,9666.66666666667,0,0,0,0,1
202466743,22,2,5,13688.77,2737.754,5369.2,0,1350,300,573.57,0,4330,866,900,0,0,0,14500,2900,0,0,0,0,0
647324092,22,1,4,13954.855,3488.71375,4475.055,0,0,4420,0,0,0,1200,600,3000,0,259.8,25958.3333333333,6489.58333333333,0,0,0,0,0
507378101,22,1,3,7703.402,2567.80066666667,3715.14,1108.48,0,1970,0,0,369.782,0,540,0,0,0,20700,6900,0,0,0,0,0
261890838,22,1,4,9450.15,2362.5375,1147.45,878.99,3200,1610,51.96,64,0,1690,0,0,562.9,244.85,5133.33333333333,1283.33333333333,562.9,0,0,1,0
484112024,22,2,3,4008.37,1336.12333333333,818.37,0,0,1780,510,0,0,300,600,0,0,0,32662,10887.3333333333,0,0,0,0,0
767182186,22,2,4,11409.2064,2852.3016,6603.25,0,0,1600,0,0,1805.9564,580,820,0,0,0,8295.64,2073.91,0,0,0,0,1
525354616,22,1,5,18940.5374,3788.10748,9846.42,0,0,3030,0,1300,260,1200,1830,0,0,1474.1174,12500,2500,0,0,0,0,1
485323870,22,1,4,5401.15,1350.2875,2836.15,0,600,970,129,0,649.5,216.5,0,0,0,0,9850,2462.5,0,0,0,0,1
749276849,22,1,3,9458.28,3152.76,4875.58,389.7,670,2300,18,0,0,900,0,305,0,0,23600,7866.66666666667,0,0,0,0,1
235553840,22,1,1,5751.35,5751.35,1130.563,0,1720,1264,80,0,0,570,590,0,0,396.787,8883.33333333333,8883.33333333333,0,0,0,0,0
285058488,22,1,4,20941.631,5235.40775,8703.3,0,1620,4030,249.6,1299,3639.731,500,900,0,0,0,13266.6666666667,3316.66666666667,0,0,0,0,0
981990498,22,1,1,19264.45,19264.45,4615.78,0,8130,820,1480.11,700,0,1280,2000,0,0,238.56,9750.97666666667,9750.97666666667,0,0,0,0,0
18479850,22,1,5,3536.1,707.22,736.1,0,0,1100,0,0,0,1300,400,0,0,0,25763.6666666667,5152.73333333333,0,0,0,0,0
827939231,22,1,6,3010.595,501.765833333333,1911.695,0,0,530,0,0,2.4,416.5,0,150,0,0,13207.3333333333,2201.22222222222,0,0,0,0,1
513806421,22,1,4,6401.68,1600.42,3165.23,0,650,1130,25,281.45,0,700,350,100,0,0,38500,9625,0,0,0,0,0
616586604,22,2,5,6067.9267,1213.58534,1974.4367,0,1100,1465,229.49,0,1299,0,0,0,0,0,10216.6666666667,2043.33333333333,0,0,0,0,0
