id,provincia,propauto,cantmiem,gastot,gastotpc,gc_01,gc_02,gc_03,gc_04,gc_05,gc_06,gc_07,gc_08,gc_09,gc_10,gc_11,gc_12,ingtoth,ingpch,tn_restaurant,tn_internet,cat_gastos_internet,cat_gastos_restaurant,cat_gc_01
87814230,82,2,3,36973.498,12324.4993333333,10028.28,2788.52,1800,10900,68.8,850,3215.458,1700,2546.5,1400,0,1675.94,56833.3333333333,18944.4444444444,0,0,0,0,0
803029619,82,2,5,12021.93,2404.386,2905.43,519.6,700,1110,1228.4,0,1923.156,672,2611.55,0,0,351.794,15600,3120,0,0,0,0,0
753761911,82,2,1,61858.6,61858.6,5252.29,0,0,4460,5220.6,14560,8605.3,1487,10456.63,0,11182.5,634.28,109000,109000,8660,0,0,1,0
151119406,82,2,3,64744.5067,21581.5022333333,14392.0107,1036.602,2265,2650,640,7929.95,25289.92,3458,1279.7,0,2445.4,3357.924,58257,19419,0,822.7,1,0,0
226024973,82,1,1,3350.7,3350.7,822.7,0,0,2528,0,0,0,0,0,0,0,0,7583.33333333333,7583.33333333333,0,0,0,0,0
258630445,82,1,4,33803.1064,8450.7766,14976.9504,658.16,300,1330,2807.26,2032,3504.1,1720,1851.55,100,2035.1,2487.986,35400,8850,2533.05,0,0,1,0
358679142,82,1,6,15405.26,2567.54333333333,9491.36,0,0,910,3632.95,0,0,200,0,0,0,1170.95,20966.6666666667,3494.44444444444,0,0,0,0,1
986081086,82,2,2,48130.035,24065.0175,6724.49,1658.39,2900,18315,2366.35,0,13073.84,380,1732.2,0,151.55,828.215,22500,11250,151.55,0,0,1,0
20367848,82,3,2,62678.4592,31339.2296,13927.878,2351.19,3800,1440,13239.8262,0,11424.4,1200,3216,0,8356.9,3722.265,88496.6666666667,44248.3333333333,4806.3,320,1,1,0
514139633,82,3,3,38182.6755,12727.5585,8165.3408,0,0,9866.75,521.9997,4612,3377.4,2152,4979.08,0,2381.5,2126.605,30050,10016.6666666667,2381.5,0,0,1,0
133751002,82,2,2,13439.107904,6719.553952,3897,0,0,4151,82,0,0,752,1520,0,2771.2,265.907904,30000,15000,2771.2,0,0,1,0
519341742,82,2,2,21401.252258,10700.626129,6154.4455,987.24,941,1455.81,1700,0,4362.05,1403.78,3607.24,0,0,789.686758,38418.3333333333,19209.1666666667,0,0,0,0,0
10538228,82,1,7,2874.67,410.667142857143,757.75,0,0,613,0,800,103.92,0,600,0,0,0,24466.6666666667,3495.23809523809,0,0,0,0,0
25587059,82,1,1,5218.5105,5218.5105,1899.2246,0,1320,300,647.2285,458.1979,0,0,0,0,0,593.8595,3100,3100,0,0,0,0,0
954555684,82,2,2,69418.232,34709.116,18237.96,2623.98,2810,7387,1781.86,2167.05,23935.6,3070,900,0,4295.36,2209.422,59400,29700,0,0,0,0,0
534991388,82,1,2,13328.09,6664.045,5215.485,194.85,600,393.365,86.6,0,433,0,0,0,6148.6,256.19,4500,2250,3117.6,0,0,1,0
90414017,82,1,1,26805.17,26805.17,9971.99,1472.2,10400,550,476.3,0,1299,600,1250,0,0,785.68,16800,16800,0,0,0,0,0
835518776,82,1,2,18955.2925,9477.64625000001,5855.2425,0,0,1150,0,5148.5,0,2718.6,2307.65,0,1472.2,303.1,38610,19305,1472.2,0,0,1,0
635505180,82,2,4,12904.947192,3226.236798,3559.693,0,712,881,32,2556,887.65,644,838.2,0,2294.9,499.504192,19372.6666666667,4843.16666666667,779.4,0,0,1,0
957447269,82,2,4,10768.443,2692.11075,6116.125,0,640,900,467.64,0,0,646,1370,0,0,628.678,10000,2500,0,0,0,0,1
389335165,82,1,5,11688.64,2337.728,4308.35,3788.75,800,816,498.19,0,0,100,100,0,757.75,519.6,3283.33333333333,656.666666666667,0,0,0,0,0
404073601,82,2,2,22610.652,11305.326,3667.51,0,1200,2910,80,50,8869.982,1970,1450,0,2165,248.16,34900,17450,0,0,0,0,0
325344098,82,2,2,11730.052,5865.026,4403.61,0,10,1216,0,700,721,940,560,0,909.3,2270.142,13000,6500,866,0,0,1,0
51086013,82,1,1,25758.445,25758.445,3512.7991,0,2300,8087.5,1503.4362,720,1125.8,1911.5,4688.54,0,909.3,999.5697,29800,29800,0,0,0,0,0
935046973,82,1,4,27834.46,6958.615,10474.27,2649.96,2780,588.5,606.2,603.92,2165,500,1108,1666,3117.6,1575.01,30900,7725,822.7,0,0,1,0
31396240,82,3,4,76146.23,19036.5575,8724.95,2251.6,5950,5964,9610,6300,11005,930,7820,9100,7241.4,1249.28,70000,17500,6841.4,0,0,1,0
475475029,82,2,2,34347.0049,17173.50245,10822.835,1207.204,4240,1704.015,2472.505,2826.9599,2927,1350,1698.6,0,3089.94,2007.946,28040.6666666667,14020.3333333333,1636.74,0,0,1,0
504822951,82,1,4,17077.8495,4269.462375,3243.8195,181.86,1680,710,1185.37,4302.11,1056.6,690,2622.6,0,692.8,712.69,21791.6666666667,5447.91666666667,324.75,0,0,1,0
377657461,82,3,4,44430.5255,11107.631375,12015.75,0,3400,5173.5,1144,940,2764.1075,3100,11195,0,2346.86,2351.308,48905.6666666667,12226.4166666667,0,0,0,0,0
139474436,82,2,3,24913.4899,8304.49663333334,5809.4311,216.067,0,6063.875,1056.4767,0,6495,2033,600,0,1600,1039.6401,76533.3333333333,25511.1111111111,0,0,0,0,0
841980990,82,2,2,37053.764,18526.882,2329.54,259.8,4500,1185.4,0,0,18141.254,1799.82,939,4500,1518.15,1880.8,16500,8250,129.9,0,0,1,0
808597899,82,2,3,18767.49,6255.83,4425.26,303.1,400,3650,1440,0,2452.26,0,2400,2394,1039.2,263.67,19933.3333333333,6644.44444444444,0,0,0,0,0
780504205,82,2,2,24571.13,12285.565,4403.61,2710.58,900,2590,1440,0,9690.54,0,1840,0,476.3,520.1,38016.6666666667,19008.3333333333,476.3,0,0,1,0
36797002,82,2,2,32205.55,16102.775,12977.01,1342.3,650,5092,0,0,6996.4,1620,1170,0,1385.6,972.24,79908,39954,0,372.24,1,0,0
401945040,82,2,4,66750.5158,16687.62895,20672.286,738.6547,2500,4922,195.4562,13000,8183.752,2451,6257.3,3400,1667.05,2763.0169,25407.3333333333,6351.83333333333,0,0,0,0,0
599754501,82,2,2,26297.848,13148.924,8309.27,1831.59,5800,646,1994.23,0,3912,863,1800,0,649.5,492.258,22200,11100,0,0,0,0,0
869810399,82,1,1,24105.5706,24105.5706,2301.0486,1147.45,620,7064.93,150,1800,581.952,1337.49,1268.5,0,7534.2,300,24403.3333333333,24403.3333333333,6798.1,0,0,1,0
315973472,82,1,2,6993.53,3496.765,943.94,0,0,5130,99.59,100,0,200,520,0,0,0,15166.6666666667,7583.33333333333,0,0,0,0,0
644385221,82,1,1,5278.05,5278.05,1299,0,60,1400,44.8,400,866,500,400,0,0,308.25,7750,7750,0,0,0,0,0
188595878,82,2,2,6406.36,3203.18,2281.91,0,0,1250,0,0,1034.45,0,1290,0,0,550,25166.6666666667,12583.3333333333,0,0,0,0,0
300984495,82,1,5,43276.902,8655.3804,15017.739,2879.45,13530,300,2858.238,0,3348,1280,1752,24,0,2287.475,15116.6666666667,3023.33333333333,0,0,0,0,0
317612195,82,1,4,10354.85,2588.7125,3095.95,0,90,930,113,3225.85,1363.95,400,0,400,736.1,0,12670,3167.5,0,0,0,0,0
599693469,82,2,5,13883.79,2776.758,2714.91,1017.55,1478,1376.5,249.6,1980,1732,1468,737.48,372,757.75,0,41691,8338.2,0,0,0,0,0
384204626,82,1,2,26204.46,13102.23,8188.03,0,3000,2132.5,280,8527,956.93,1200,1920,0,0,0,28333.3333333333,14166.6666666667,0,0,0,0,0
293640284,82,1,1,19514.2786,19514.2786,2701.7468,0,800,6620,138.0837,31,1119.305,715,4540.95,390,1926.85,531.3431,17536.5,17536.5,1234.05,0,0,1,0
446553655,82,2,4,42945.81,10736.4525,9032.38,0,4500,615,2742.62,100,12489.7,900,970,0,9113.6,2482.51,40640,10160,6668.2,0,0,1,0
299592944,82,1,4,29960.328,7490.082,4433.92,0,100,12815.5,302,5959.44,1301.368,2361,1551,0,736.1,400,39000,9750,0,0,0,0,0
958723386,82,2,5,20688.984,4137.7968,3443.216,238.15,1400,6480,2475.2,220,736.1,1036.72,1941.43,56,1363.95,1298.218,20250,4050,1255.7,0,0,1,0
932952984,82,1,2,11371.32,5685.66,1680.04,0,2050,617.83,556.59,67.2,1746.3,825,1774,0,1723.34,331.02,13500,6750,952.6,0,0,1,0
713800949,82,2,1,22497.03,22497.03,4091.85,0,0,2310,1050,120,2421,1500,10225,0,0,779.18,21666.6666666667,21666.6666666667,0,0,0,0,0
994618271,82,1,4,32237.603,8059.40075,11478.0073,0,4720,742,2094.7587,105,502.28,707,5939,907,649.5,4393.057,22350,5587.5,0,0,0,0,0
548288024,82,1,3,24250.8511,8083.61703333333,10517.57,368.05,500,1869,724.59,4026.9,866,1464.3,2070.5,250,562.9,1031.0411,11983.3333333333,3994.44444444444,0,0,0,0,0
189139941,82,2,3,40088.88,13362.96,9898.38,866,2100,1200,1967.7,5365,7561,1800,5116.5,0,2814.5,1399.8,60000,20000,1515.5,0,0,1,0
56052026,82,1,6,9665.29,1610.88166666667,3550.6,0,1140,280,0,0,0,433,2560,0,1550.14,151.55,20400,3400,0,0,0,0,0
837328233,82,1,4,5347.81,1336.9525,1424.57,337.74,0,1145,1096,128,0,916.5,300,0,0,0,15100,3775,0,0,0,0,0
665928237,82,1,4,50779.0649,12694.766225,8782.6689,809.71,6535,8967,2339.66,6290,2896.296,716.5,3279,0,3078.63,7084.6,43050.8333333333,10762.7083333333,2225.62,0,0,1,0
853572007,82,1,1,14170.4875,14170.4875,2777.695,0,1760,2754,386,650,1047.86,1105,1385,0,1494.9325,810,12115.6666666667,12115.6666666667,1363.95,0,0,1,0
659001331,82,1,4,8405.9025,2101.475625,1978.81,394.03,475,1740,0,0,281.45,300,654.85,0,1558.8,1022.9625,8800,2200,866,0,0,1,0
220010695,82,2,1,28747.9965,28747.9965,6105.5165,0,0,1096,1027,4180,8488.8,750,2100,550,3048.32,1402.36,30000,30000,1316.32,0,0,1,0
313591301,82,3,6,85759.186,14293.1976666667,23390.66,2476.76,1199,18732,7492,80,9874.886,6300,6024.5,1500,6217.88,2471.5,90730,15121.6666666667,5542.4,0,0,1,0
48991258,82,2,3,43948.0012,14649.3337333333,3588.6607,0,5900,10950,2603.51,7780,6269,2726,1650,0,0,2480.8305,23333.3333333333,7777.77777777778,0,0,0,0,0
277478290,82,2,1,24484.3695,24484.3695,4361.8255,0,2500,640,592,3499,5433,1653,879.4,1050,1948.5,1927.644,17000,17000,1948.5,1700,1,1,0
937876961,82,1,2,14819.55,7409.775,6966.97,2424.8,2080,800,695.61,0,166.4,433,754,0,0,498.77,11083.3333333333,5541.66666666667,649.5,0,0,1,0
791841049,82,1,6,17510.486,2918.41433333333,9898.38,0,350,1950,0,2188.5,1291.206,195,275,0,0,1362.4,15833.3333333333,2638.88888888889,0,0,0,0,1
835283999,82,2,3,36683.3407,12227.7802333333,8024.3127,0,0,2038.715,2182.737,1040,3200,950,8620,0,7707.4,2920.176,9600,3200,0,0,0,0,0
679514444,82,1,1,19217.6979,19217.6979,3237.2379,441.66,1300,7740,195,0,739.8,1258,1000,0,3106,200,15000,15000,866,0,0,1,0
221820514,82,1,2,15453.6892,7726.8446,3789.7892,0,310,1995,0,2944.4,909.3,1600,2389.7,0,1515.5,0,5600,2800,866,0,0,1,0
649785552,82,2,2,9422.29,4711.145,337.74,0,350,900,412,700,1760.21,700,1320,0,2165,777.34,8300,4150,2165,0,0,1,0
477761521,82,1,1,18198.0348,18198.0348,2801.2502,0,400,3940,170,592.4606,791.524,1238.5,2554.5,0,2165,3544.8,37387,37387,2165,0,0,1,0
90936099,82,2,4,26232.7125,6558.178125,9002.07,606.2,0,2132,0,1500,4099.4925,3000,1222.9,1150,3204.2,315.85,86700,21675,692.8,0,0,1,0
595474744,82,1,4,57042.3028,14260.5757,6677.1631,2121.7,5590,6688,1093.715,7524.5,12099.348,2396.9,8435.4767,0,3247.5,1168,35927.1666666667,8981.79166666667,2598,0,0,1,0
816434495,82,1,4,16135.241,4033.81025,3628.54,2039.43,2338,1262,733,500,1376.324,1140,1574,0,801.05,742.897,34750,8687.5,0,0,0,0,0
112192786,82,2,8,28472.502,3559.06275,8556.08,458.98,1430,1262,1540,256,7868.736,3622,2850,0,0,628.706,56400,7050,0,0,0,0,0
688523465,82,1,2,21460.4277,10730.21385,8861.9512,1435.1785,0,1670,1975.639,2080,0,216.5,2195,0,1039.2,1986.959,16230.8333333333,8115.41666666667,1039.2,0,0,1,0
679427538,82,1,1,41191.4008,41191.4008,10188.057,281.45,1700,5245.905,5447.6489,7264.6661,1824.662,822,725,1200,2290.57,4201.4418,54510,54510,1818.6,0,0,1,0
408728154,82,1,1,14159,14159,3234.51,225.16,3050,3164.13,1258.56,176,433,649.5,370,400,736.1,462.04,13833.3333333333,13833.3333333333,476.3,0,0,1,0
507323738,82,1,10,10424.66,1042.466,3853.7,866,500,385,195.2,0,938.4,856.5,2536,0,0,293.86,16451.3566666667,1645.13566666667,0,0,0,0,0
577783353,82,2,1,35528.8,35528.8,3117.6,2970.38,0,525,2485,5029.5,7850,1385,6050,0,4800,1316.32,58000,58000,0,0,0,0,0
265769777,82,1,4,18539.51,4634.8775,6230.87,216.5,1200,1680,545.2,2980,1059.9,1099.5,798,0,2035.1,694.44,12333.3333333333,3083.33333333333,0,0,0,0,0
405565635,82,2,1,43431.6131,43431.6131,1526.6281,482.795,800,7360,2912,3200,15958.5,1359.5,3696.5,0,5515.9,619.79,85997.5,85997.5,4459.9,0,0,1,0
291524890,82,2,4,40675.37,10168.8425,10136.53,0,8200,1735,880,300,1446.22,3720,3408.82,7700,1818.6,1330.2,45000,11250,1818.6,0,0,1,0
886068312,82,2,2,29470.1613,14735.08065,3107.2513,0,0,10901.55,288,3502.71,2165,945,5440,0,0,3120.65,15600,7800,0,0,0,0,0
182166847,82,2,2,27753.01,13876.505,5815.19,0,0,15563,305,450,4563.82,580.8,475.2,0,0,0,21166.6666666667,10583.3333333333,0,0,0,0,0
173308038,82,1,1,14303.5283,14303.5283,1906.8887,883.32,300,2809.23,538.11,1500,995.9,733.75,1605.95,0,2684.6,345.7796,8182.33333333333,8182.33333333333,2165,0,0,1,0
983287081,82,2,2,34552.2235,17276.11175,7467.3015,523.93,0,2333.655,1054.215,9850,4342.124,2425,3600,0,151.55,2804.448,53063.3333333333,26531.6666666667,151.55,0,0,1,0
315186251,82,1,5,6909.9,1381.98,3247.5,0,500,1830,0,0,80,0,40,0,1212.4,0,5432.69,1086.538,0,0,0,0,0
361314803,82,1,3,33054.8857,11018.2952333333,4376.7207,0,0,4369.29,714.55,1178,3995.9,1902,1022,13100,649.5,1746.925,35600.8333333333,11866.9444444444,649.5,0,0,1,0
757241676,82,2,5,48869.3975,9773.8795,15437.1428,1751.052,2264,5460,529.72,1116.2067,10998.796,4130,3605,0,1039.2,2538.28,37616.6666666667,7523.33333333333,606.2,0,0,1,0
507788984,82,1,2,18460.06,9230.03,4745.68,0,0,1778.58,510,600,779.4,1019.5,4700,0,3897,429.9,48793.3333333333,24396.6666666667,0,0,0,0,0
114161123,82,1,4,35991.7686,8997.94215,13793.215,259.8,2430,1530,3228.8,240,4330,1240,1350,0,4806.3,2783.6536,50550,12637.5,0,0,0,0,0
79858196,82,1,4,44124.425,11031.10625,8621.03,1156.11,2995,2450,274.49,4800.575,1428.9,715,16827.9,1100,3074.3,681.12,22003.3333333333,5500.83333333333,0,13423,1,0,0
919830234,82,3,3,44105.556,14701.852,11108.615,2078.4,1130,2588.275,1264.75,1588,13567,3623,2659,0,562.9,3935.616,52592,17530.6666666667,0,0,0,0,0
587926813,82,3,5,50944.6740000001,10188.9348,9629.92,5888.8,3200,2590,112,0,18836.304,3800,4860,0,1407.25,620.4,74000,14800,0,0,0,0,0
392892201,82,3,1,26403.0144,26403.0144,801.05,0,0,1334.69,1773.2,8567,9341.5,315.7,0,0,3585.24,684.6344,42200,42200,0,0,0,0,0
326052464,82,1,3,16790.7776,5596.92586666667,9070.1376,690.9814,0,1120,1188.4984,100,866,709.8,820,0,1710.35,515.0102,20155.3333333333,6718.44444444444,1710.35,0,0,1,1
844246583,82,3,5,39272.428,7854.4856,7698.74,0,3610,1983,0,12732,7874.2,2400,1300,956,0,718.488,62064.95,12412.99,0,0,0,0,0
602690588,82,2,4,23693.17,5923.2925,4100.51,0,1660,4860,1085.38,900,8128,600,1925,0,0,434.28,13833.3333333333,3458.33333333333,0,0,0,0,0
433085559,82,3,4,132145.4653,33036.366325,9754.7106,0,8030,3551.195,12224.3702,17899.21,20826.25,2750,22471.5,20233.76,10747.06,3657.4095,209000,52250,7109.86,129.9,1,1,0
326944363,82,2,3,10425.789,3475.263,2853.9463,0,0,1670,294.3967,0,3061,700,1320,0,0,526.446,20956,6985.33333333333,0,0,0,0,0
199040029,82,1,3,13847.4507,4615.8169,4565.2922,0,5100,2270,162.1585,0,0,600,600,0,0,550,64590,21530,0,0,0,0,0
178008946,82,1,1,8902.94,8902.94,4407.94,0,580,2151,884,100,0,400,0,0,0,380,13483.3333333333,13483.3333333333,0,0,0,0,0
184120985,82,3,2,42308.09,21154.045,1528.49,0,0,4051,5752,1216.15,16831.05,1348.9,665.6,0,10604.7,310.2,33200,16600,10348.7,0,0,1,0
10227151,82,2,4,22379.892,5594.973,7466.652,1628.08,1100,2239.6,1436.26,0,3584,1700,430,0,1732,1063.3,31000,7750,0,0,0,0,0
1157945,82,1,1,11252.72,11252.72,1037.035,562.9,1080,1897.76,1674.365,1172.48,0,460,1724.88,0,1428.9,214.4,7756,7756,1234.05,0,0,1,0
399769776,82,1,4,6385.399,1596.34975,3335.399,0,400,1530,0,0,0,0,920,0,0,200,41566.6666666667,10391.6666666667,0,0,0,0,1
248655067,82,2,2,40695.55,20347.775,6018.7,0,1450,6930,48,3000,11122.1,1400,5100,3000,2165,461.75,26119.1666666667,13059.5833333333,1515.5,0,0,1,0
38239944,82,1,2,21198.63,10599.315,2870.79,0,0,717.61,6170.6,9383.11,0,318.08,550,0,1104.15,84.29,23580,11790,0,0,0,0,0
66687409,82,2,2,13069.7056,6534.8528,5100.74,225.16,0,717,0,300,5146.4,980,376,0,0,224.4056,25333.3333333333,12666.6666666667,0,464,1,0,0
583053900,82,1,3,43804.78,14601.5933333333,12225.755,948.27,6100,1083.8,3053.875,1100,491.2,2033,6290,0,7962.87,2516.01,30643.6666666667,10214.5555555556,7902.25,433,1,1,0
858267684,82,1,6,14789.474,2464.91233333333,8876.5,251.14,905,1392,386,448,162.228,0,765,0,1385.6,218.006,24445,4074.16666666667,1385.6,0,0,1,1
388858229,82,3,5,44844.281,8968.8562,6382.42,736.1,0,2960.68,0,10447.35,7750.7,1602,3802.85,120,6689.85,4352.331,166900,33380,5477.45,0,0,1,0
294957018,82,1,1,9112.29940000001,9112.29940000001,3334.966,480.5867,820,1971,477.7467,566,0,367,1095,0,0,0,16925.5,16925.5,0,0,0,0,0
885817947,82,2,5,42950.6603,8590.13206,13919.7376,0,5495,5594.36,2215.588,1764.6469,1785.1,2030,6386,0,2857.8,902.4278,38600,7720,389.7,0,0,1,0
692608479,82,3,3,20313.7576,6771.25253333334,2004.79,974.25,550,2454,2465,100,5517.85,1450,3219,0,562.9,1015.9676,25075,8358.33333333333,433,0,0,1,0
620751217,82,2,3,18908.94,6302.98,4191.44,0,2670,5980,480,0,1688.7,970,820,0,0,2108.8,49416.6666666667,16472.2222222222,0,0,0,0,0
30259912,82,1,4,11511.14,2877.785,2494.08,0,410,927,0,0,1004.56,0,4377,0,1948.5,350,3400,850,0,0,0,0,0
618604335,82,1,3,4654.61,1551.53666666667,3104.61,0,0,750,0,0,0,800,0,0,0,0,9152,3050.66666666667,0,0,0,0,1
186147069,82,1,6,21054.052,3509.00866666667,7265.74,1623.75,0,300,1241.45,0,3249.232,1050,3768,600,155.88,1800,17505.69,2917.615,0,0,0,0,0
602321490,82,3,2,27586.9916,13793.4958,1939.84,3282.14,0,1566,2765.6,2323.27,7392.13,2710,1658.624,0,1706.02,2243.3676,44166.6666666667,22083.3333333333,541.25,500,1,1,0
360200525,82,3,2,13384.9946,6692.4973,1320.65,0,1796,1685,130.56,2723.6246,2073.86,1700,1490,0,0,465.3,28126,14063,0,0,0,0,0
471355597,82,1,7,10064.39,1437.77,857.34,1060.85,0,7540,0,0,606.2,0,0,0,0,0,5833.33333333333,833.333333333333,0,0,0,0,0
70865665,82,3,3,37805.2849,12601.7616333333,6724.3601,0,1500,1449.25,1966.1989,450,17763.327,2130.5,820,0,3897,1104.6489,44655,14885,0,0,0,0,0
507052740,82,1,5,13048.73,2609.746,6689.85,194.85,3420,680,1401.55,0,242.48,0,420,0,0,0,19516.6666666667,3903.33333333333,0,0,0,0,1
150699380,82,2,2,59841.656,29920.828,5468.79,1597.77,21350,1669.25,1072,827.8,16568.9,970,9190,0,368.05,759.096,40900,20450,1472.2,0,0,1,0
835443810,82,2,3,10921.5469,3640.51563333333,2711.3594,0,960,530,81.1875,840,2165,1684,500,1450,0,0,20132.31,6710.77,0,0,0,0,0
806427344,82,1,3,27432.5752,9144.19173333333,6042.6882,0,1520,9120,2982.017,0,3180.38,3068,1290,0,0,229.49,22000,7333.33333333333,0,0,0,0,0
929985222,82,2,2,22077.21,11038.605,12981.34,649.5,1000,1631.7,100,600,3031,650,840,0,0,593.67,25833.3333333333,12916.6666666667,0,0,0,0,1
802893728,82,1,2,5293.643,2646.8215,2691.095,0,0,900,0,960,0,320,380,0,0,42.548,28666.6666666667,14333.3333333333,0,0,0,0,1
981907711,82,1,4,12640.15,3160.0375,4152.47,0,720,3825,0,0,1584.78,800,495,0,562.9,500,21333.3333333333,5333.33333333333,0,0,0,0,0
359635732,82,2,3,36403.2263,12134.4087666667,9816.6296,1216.73,450,1162.5,1979,316.09,5247.96,1650,6177.2,1178,5867.15,1341.9667,36932.64,12310.88,5455.8,0,0,1,0
321665472,82,1,2,10183.62,5091.81,2407.48,346.4,0,415,0,2484.8,337.74,180,2310,0,1472.2,230,23000,11500,1472.2,0,0,1,0
166352372,82,2,6,30723.628,5120.60466666667,9742.5,1991.8,1000,880,239.86,2294.9,7424.218,320,380,0,5845.5,604.85,51343.75,8557.29166666667,0,0,0,0,0
381186142,82,1,1,15649.648,15649.648,1039.2,0,1700,6630.76,1006.54,0,64,2470,1440,0,0,1299.148,14716.6666666667,14716.6666666667,0,0,0,0,0
453838422,82,3,4,128562.521,32140.63025,10123.1503,0,6930,1832.5,2633.0921,10700,28262,5408,45285.1,9120,4806.3,3462.3786,54166.6666666667,13541.6666666667,0,1299,1,0,0
382810857,82,1,6,16192.996,2698.83266666667,7248.42,0,300,5450,0,0,836.556,750,830,0,484.96,293.06,25716.6666666667,4286.11111111111,433,80,1,1,0
551237218,82,3,2,39120.0763,19560.03815,4226.8594,818.7164,0,13920.79,4470.6971,6058.942,1792.95,3102,1880,0,1210.668,1638.4534,52891.6666666667,26445.8333333333,398.36,0,0,1,0
370826562,82,2,5,12861.91,2572.382,2606.66,0,2450,2000,2375,250,0,1300,832,0,0,1048.25,14666.6666666667,2933.33333333333,0,0,0,0,0
312075009,82,1,5,20583.006,4116.6012,8179.37,2100.05,1350,1078,2099.81,480,1953.696,487,2326,0,64.95,464.13,25766.6666666667,5153.33333333333,281.45,0,0,1,0
535069375,82,1,2,15803.75,7901.875,2723.57,0,2320,2500,204,1978,1065.18,1500,2653.6,0,649.5,209.9,12033.3333333333,6016.66666666667,0,0,0,0,0
990657831,82,1,2,43390.7251,21695.36255,5033.6683,168.437,5510,6375.18,6008.6,0,32,5120.7,5001.7,0,7101.2,3039.2398,49835.3333333333,24917.6666666667,0,1360,1,0,0
768917630,82,1,9,14342.37,1593.59666666667,4923.21,0,500,1500,4138.4,230,1208.7,1299,450,0,0,93.06,45700,5077.77777777778,0,0,0,0,0
673345892,82,2,3,22082.905,7360.96833333333,6241.695,0,0,1967,168,0,12000,0,1084.85,0,0,621.36,20033.3333333333,6677.77777777778,0,0,0,0,0
90648943,82,1,1,13694.559,13694.559,3412.04,0,0,1455.2,321.45,1184.4,559.869,990,5535,0,0,236.6,17133.3333333333,17133.3333333333,0,0,0,0,0
708152892,82,2,2,11498.78,5749.39,3022.34,0,1350,3635,2080,0,0,0,0,0,1039.2,372.24,40166.6666666667,20083.3333333333,1039.2,0,0,1,0
828056624,82,1,4,14410.716,3602.679,2755.179,1082.5,105,1297.13,392,467.16,589.746,1648,1289.01,0,3031,1753.991,20700,5175,476.3,0,0,1,0
573212187,82,1,8,15394.88,1924.36,6876.04,259.8,915,3300,786.9,0,342.48,0,0,0,0,2914.66,5000,625,0,0,0,0,0
127513219,82,1,3,19999.91,6666.63666666667,8408.86,3637.2,3200,1303,1672.6,0,0,930,500,0,0,348.25,18883.3333333333,6294.44444444445,0,0,0,0,0
605871824,82,1,1,13525.2235,13525.2235,1885.3686,0,676,635.77,696.588,2488.2,502.28,834.985,3180,0,1849.5595,776.4724,16483.3333333333,16483.3333333333,519.6,0,0,1,0
706563270,82,2,2,30859.3059,15429.65295,8189.8053,1086.83,0,1113.92,140,13443.045,5066.1,500,700,0,238.15,381.4556,16400,8200,0,0,0,0,0
269714988,82,2,6,32178.501,5363.0835,3567.92,259.8,7030,1220,4889.64,176,5583.541,300,2004,96,2030.77,5020.83,56160,9360,1732,0,0,1,0
462762869,82,1,1,9615.09,9615.09,1615.09,0,0,1840,0,130,4330,1000,500,0,0,200,16000,16000,0,0,0,0,0
667869972,82,1,1,16364.272,16364.272,4381.96,0,2900,3065,1260,0,1699,899,989,0,0,1170.312,12600,12600,0,0,0,0,0
896176138,82,1,1,9199.8791,9199.8791,2722.7473,0,0,1034.185,170.3717,1635.9,0,1004.67,1542,0,486.9951,603.01,15229.3333333333,15229.3333333333,0,0,0,0,0
242984000,82,2,4,49792.4227,12448.105675,21301.8247,519.6,3000,10765,2654.2,0,3357.482,1370,1500,1200,1861.9,2262.416,52333.3333333333,13083.3333333333,2511.4,0,0,1,0
166589876,82,1,2,7469.569,3734.7845,4045.519,1260.03,140,448,768.12,0,87.68,0,0,0,0,720.22,7112.13,3556.065,0,0,0,0,1
972577182,82,1,4,6137.04,1534.26,2286.24,0,1200,910,1278,400,12.8,0,50,0,0,0,6366.66666666667,1591.66666666667,0,0,0,0,0
133353835,82,1,2,9374.5242,4687.2621,3728.13,909.3,0,1215,0,200,1357.5442,700,680,0,584.55,0,23338,11669,584.55,0,0,1,0
537204900,82,1,1,6350.2,6350.2,389.7,216.5,120,1838,240,0,928,636,0,0,1732,250,8166.66666666667,8166.66666666667,1082.5,0,0,1,0
719447402,82,1,4,25534.0198,6383.50495,9597.445,194.85,2820,1958.22,586.28,900,2606.4,2390,2589.7,150,606.2,1134.9248,23116.6666666667,5779.16666666667,0,0,0,0,0
877088402,82,1,1,28906.6571,28906.6571,1404.9984,0,6850,8388,1872.8,550,181.652,1130.5,3030.5,440,2922.75,2135.4567,24058.6666666667,24058.6666666667,2294.9,0,0,1,0
71596363,82,1,1,10003.17,10003.17,151.55,0,0,1760.3,4.8,3400,1066.29,2070,550,0,1000.23,0,6366.66666666667,6366.66666666667,584.55,0,0,1,0
81252191,82,1,3,7772.6878,2590.89593333333,2101.4789,138.127,290,538.5,1047.9299,1707.752,0,1026,772.9,150,0,0,14000,4666.66666666667,0,400,1,0,0
298270427,82,2,4,11653.2,2913.3,3043.99,0,0,5413,160.21,30,866,850,950,0,0,340,30413.3333333333,7603.33333333333,0,0,0,0,0
589525230,82,1,1,14659.8271,14659.8271,2965.4871,1039.2,400,6900,272,0,0,900,1740,0,251.14,192,17650,17650,251.14,0,0,1,0
854009450,82,2,1,23359.24,23359.24,866,0,0,2256,260,12660,3823,1390,0,0,1732,372.24,15333.3333333333,15333.3333333333,1732,0,0,1,0
593624512,82,1,1,18911.0808,18911.0808,5269.5234,389.7,0,1521,5561.5874,0,450.32,3854.8,1664.15,0,0,200,15666.6666666667,15666.6666666667,0,0,0,0,0
953583331,82,2,4,26830.702,6707.6755,7412.96,0,0,1593,1294.67,0,8213.772,3608,2500,0,2100.05,108.25,18000,4500,1948.5,0,0,1,0
706899458,82,1,5,1404.15,280.83,844.35,259.8,0,300,0,0,0,0,0,0,0,0,13100,2620,0,0,0,0,1
242613004,82,1,3,8616.342,2872.114,961.26,0,1220,930,688,48,2280.912,566.6,1299.6,0,0,621.97,9583.33333333333,3194.44444444444,0,0,0,0,0
590908683,82,1,2,5954.05,2977.025,1667.05,0,60,1048,77,0,0,450,800,0,1732,120,26916.6666666667,13458.3333333333,1732,0,0,1,0
144406682,82,2,3,36579.9371,12193.3123666667,7786.5957,225.16,3116,2663.995,5686,1056.2,5139.896,3124.95,1876,0,2550.37,3354.7704,73499.3333333333,24499.7777777778,2117.37,0,0,1,0
447051812,82,1,2,9039.795,4519.8975,3505.135,194.85,570,480,903.56,0,12,866,2280,0,0,228.25,11652.1666666667,5826.08333333333,0,0,0,0,0
517675442,82,1,8,14753.16,1844.145,9105.99,0,249,2110,45,0,433,150,600,16,1385.6,658.57,17416.6666666667,2177.08333333333,389.7,0,0,1,1
56339463,82,1,6,23960.12,3993.35333333333,12474.73,0,1820,2580,675.89,0,1075.9,980,1100,40,995.9,2217.7,49225,8204.16666666667,995.9,0,0,1,1
463037293,82,1,1,29025.9872,29025.9872,7038.0253,0,850,7100,48,3813.1523,1620.4,750,3761.4,0,2511.4,1533.6096,25750,25750,0,0,0,0,0
965840221,82,1,1,2422.495,2422.495,439.495,0,0,650,0,200,433,700,0,0,0,0,18833.3333333333,18833.3333333333,0,0,0,0,0
639709315,82,1,4,19218.149074,4804.5372685,6834.905,0,100,1535.84,2875.3,995.8,1444.955,1552.97,1720.9,0,1299,858.479074,30583.3333333333,7645.83333333333,1299,0,0,1,0
232772149,82,1,2,15140.44,7570.22,4936.2,909.3,950,900,353.9,800,259.8,1250,2660,1500,0,621.24,23233.3333333333,11616.6666666667,0,0,0,0,0
369955149,82,1,9,10583.6722,1175.96357777778,4604.955,0,880,1258.5,129.9,448,1065.95,258.5,1715.6,0,0,222.2672,25280,2808.88888888889,0,0,0,0,0
428803918,82,1,5,15976.82,3195.364,6824.08,493.62,0,936.5,0,436,1922.9,1398,914.4,1856,584.55,610.77,24400,4880,627.85,0,0,1,0
86818383,82,2,1,20600.3777,20600.3777,8657.402,363.72,1390,846.5,971.35,4869.7277,576,812.5,1357.5,0,0,755.678,11583.3333333333,11583.3333333333,0,0,0,0,0
180456467,82,2,3,65566.739,21855.5796666667,16525.012,1172.997,10260,9615,1574.075,5000,3710.18,2778,4922,0,9058.36,951.115,53166.6666666667,17722.2222222222,0,3800,1,0,0
812307459,82,3,3,92298.68,30766.2266666667,22849.41,0,3400,2326.38,8665.18,7261.57,31258.5,1700,3863.9,0,5369.2,5604.54,35566,11855.3333333333,2078.4,0,0,1,0
344923170,82,1,3,20740.6209,6913.5403,1474.8413,0,800,6548.75,897.0826,4888.032,289.9,3066.78,460.85,0,346.4,1967.985,12300,4100,0,0,0,0,0
261144506,82,1,4,21521.936,5380.484,3888.34,0,2790,5264,3432,0,311.76,660,4620,0,0,555.836,38666.6666666667,9666.66666666667,0,0,0,0,0
296125543,82,1,2,5381.1307,2690.56535,1550.0967,0,0,575,75.6,445,821.484,0,500,0,1363.95,50,4900,2450,0,0,0,0,0
846503209,82,1,4,12302.52,3075.63,3195.54,891.98,2000,1075,160,2100,0,900,1900,0,0,80,32500,8125,0,0,0,0,0
632076244,82,2,1,14706.264,14706.264,3334.1,0,2360,2577.5,259.8,0,2865,600,760,0,1515.5,434.364,20934.1666666667,20934.1666666667,1515.5,0,0,1,0
584795032,82,1,1,11192.257,11192.257,2076.235,454.65,800,1686,593.21,0,122.972,788,1520,0,1732,1419.19,7000,7000,1732,0,0,1,0
149220486,82,2,4,25450.5873,6362.646825,4546.5,0,6550,3488,997.85,300,951.7773,2200,3550,0,2468.1,398.36,37866.6666666667,9466.66666666667,2208.3,0,0,1,0
180187943,82,2,1,28625.7636,28625.7636,1781.4486,0,9100,0,0,2192,6202.95,0,1419.1,0,2727.9,5202.365,7333.33333333333,7333.33333333333,2879.45,0,0,1,0
63844903,82,3,2,140840.87,70420.435,16692.15,11457.18,600,70785.5,13082.83,8703.6,986.45,2020,3894,0,7425.95,5193.21,73908.3333333333,36954.1666666667,7425.95,0,0,1,0
531288961,82,3,5,47392.9076,9478.58152,3432.6941,346.4,2500,2140,6510.3135,5958.15,12425,2282,2591.24,2950,2212.63,4044.48,38750,7750,649.5,0,0,1,0
436121332,82,1,1,2529.726,2529.726,108.25,203.51,530,320,0,110,620.58,430,0,0,151.55,55.836,4990,4990,0,0,0,0,0
519601745,82,2,3,15609.1603,5203.05343333333,3474.825,194.85,2410,485,210,764.0285,1948.5,519.6,1335,150,2836.15,1281.2068,9000,3000,1299,0,0,1,0
197925320,82,1,1,26914.18,26914.18,9474.04,355.06,350,4312,4225.61,1052.6,324.75,1227.5,1722.5,0,1905.2,1964.92,25088.3333333333,25088.3333333333,1905.2,550,1,1,0
495933756,82,3,3,34394.87,11464.9566666667,2502.74,0,2300,7160,0,3380,6112.13,3226,1474.75,0,7729.05,510.2,50333.3333333333,16777.7777777778,3399.05,0,0,1,0
387742234,82,1,4,10540.35,2635.0875,3269.15,0,0,515,139.2,240,2165,800,2280,1100,0,32,17066.6666666667,4266.66666666667,0,0,0,0,0
64765194,82,1,2,9130.211,4565.1055,3252.263,0,0,948.9,190,640,0,917.17,680,0,2165,336.878,15166.6666666667,7583.33333333333,2165,0,0,1,0
249745944,82,1,1,16088.0717,16088.0717,6741.81,0,0,904.4,1905.5,4248.8445,518.9072,222.1,910,0,0,636.51,19115.8,19115.8,0,0,0,0,0
304032702,82,1,2,22260.289,11130.1445,1324.98,0,4078,10700,407.55,0,2246.279,1097.5,1214,0,779.4,412.58,16666.6666666667,8333.33333333333,346.4,0,0,1,0
375732694,82,1,2,8904.1546,4452.0773,3003.3746,0,35,815,55.2,300,199.18,340,686.4,3350,0,120,8700,4350,0,0,0,0,0
647580886,82,2,2,15511.09,7755.545,3464,0,0,2170,0,0,5980.55,1495,1545,0,476.3,380.24,19083.3333333333,9541.66666666667,476.3,0,0,1,0
983911024,82,1,2,16751.79,8375.895,6170.25,1818.6,3400,1424,115.2,2165,337.74,0,255,0,866,200,17666.6666666667,8833.33333333333,562.9,0,0,1,0
682358975,82,2,1,16420.4008,16420.4008,1571.79,0,850,6080,116.91,86.4,759.15,360,3687.35,0,2814.5,94.3008,18585.3333333333,18585.3333333333,1515.5,0,0,1,0
532125218,82,1,3,14361.53,4787.17666666666,6676.86,1190.75,1700,660,446.81,0,528.26,1393,272,0,909.3,584.55,15087.5,5029.16666666667,0,0,0,0,0
787172475,82,1,4,20814.01,5203.5025,9543.32,0,0,1755,194.85,0,913.63,1325,1726,0,2598,2758.21,29625,7406.25,0,0,0,0,0
440817765,82,2,5,7463.89,1492.778,3282.14,935.28,0,530,601.87,0,433,0,1595,0,0,86.6,9000,1800,0,0,0,0,0
934881316,82,1,4,27005.9,6751.475,4706.71,2182.32,2740,5441.27,2276.11,3010,0,600,2400,320,0,3329.49,18766.6666666667,4691.66666666667,822.7,0,0,1,0
564349512,82,1,2,29322.84,14661.42,9413.42,909.3,1300,1202.2,1438.06,4395.56,2580.68,1600,3524,1200,476.3,1283.32,24166.6666666667,12083.3333333333,476.3,0,0,1,0
656029205,82,2,5,16981.33,3396.266,7962.87,0,892,1666.8,241.52,0,3816.1,230,538.15,625,541.25,467.64,18775,3755,0,0,0,0,0
686603753,82,1,2,2256.53,1128.265,1169.1,0,0,530,307.43,0,0,0,250,0,0,0,5416.66666666667,2708.33333333333,0,0,0,0,1
205814122,82,1,4,14513.4424,3628.3606,3368.2204,0,7030,920,1044.95,0,900.64,600,600,0,0,49.632,19001.3333333333,4750.33333333333,0,0,0,0,0
6926883,82,1,1,8154.74,8154.74,1558.8,0,0,650,2136.6,0,0,711.34,300,0,2598,200,7000,7000,0,0,0,0,0
243344617,82,1,4,25287.3684,6321.8421,8674.8519,155.88,1390,7065,672.6655,0,860.804,1929.5,1370,2000,866,302.667,34000,8500,866,0,0,1,0
440396060,82,1,1,5147.2289,5147.2289,2859.2289,0,400,630,68,0,0,200,720,0,0,270,12000,12000,0,0,0,0,1
750406907,82,2,2,30370.9131,15185.45655,2601.5506,0,2053,1775,2898.182,4575.07,3897,1380,4280,1580,3680.5,1650.6105,20000,10000,433,0,0,1,0
536594127,82,2,1,18243.87,18243.87,4775.99,0,2800,996.47,688,328,2165,553.41,5140,0,433,364,23704,23704,0,0,0,0,0
352282902,82,2,5,34373.2361,6874.64722,8953.2276,1688.7,800,8400,125.98,2747.0542,3655.86,1700,1500,500,2641.3,1661.1143,60283.3333333333,12056.6666666667,0,0,0,0,0
209173427,82,2,2,12189.448,6094.724,2700.188,2701.92,700,1040,176,320,2632.16,840,0,0,800,279.18,27666.6666666667,13833.3333333333,207.84,0,0,1,0
773705918,82,1,6,27974.9171,4662.48618333333,10068.8521,0,4430,252,3394.54,0,3150.2,2131.99,2724,16,0,1807.335,13000,2166.66666666667,0,0,0,0,0
863838858,82,2,4,24066.898,6016.7245,10556.54,887.65,700,2400,520,0,1214.368,1300,2532,2700,1039.2,217.14,13700,3425,692.8,0,0,1,0
513362335,82,1,1,25073.7538,25073.7538,3039.0538,303.1,1930,8856,0,2553.65,312.5,300,1580,0,0,6199.45,31000,31000,0,0,0,0,0
764301396,82,1,1,3027.895,3027.895,1175.595,303.1,0,0,0,0,0,350,160,0,1039.2,0,9633.33333333333,9633.33333333333,1039.2,0,0,1,0
632637886,82,2,2,43596.738,21798.369,4243.4,0,1700,11500,0,1260,16068.088,1150,1750,0,4265.05,1660.2,61166.6666666667,30583.3333333333,2359.85,0,0,1,0
339437239,82,1,5,23004.84,4600.968,9469.71,0,2170,1500,416,523.2,2598,650,3070,0,1450.55,1157.38,25563.3333333333,5112.66666666667,1190.75,0,0,1,0
304766079,82,2,5,15609.83,3121.966,2537.38,0,200,1765,1352.6,1242.84,0,3179,2625,0,1732,976.01,17844.3333333333,3568.86666666667,1732,0,0,1,0
404298903,82,1,8,3974.32,496.79,1381.27,0,0,928,64,0,584.55,646.5,370,0,0,0,8939.66666666667,1117.45833333333,0,0,0,0,0
155912517,82,2,4,22826.64,5706.66,4148.14,822.7,5300,350,126,6055.9,2558.8,1140,1709.8,0,0,615.3,20230.17,5057.5425,0,0,0,0,0
583663513,82,1,2,9889.8711,4944.93555,3091.8798,0,100,5660.03,519.0633,0,0,240.73,150,0,0,128.168,11416.6666666667,5708.33333333333,0,0,0,0,0
151469936,82,2,5,28566.03,5713.206,7122.85,0,4250,1996,3133,670,769,3312,6826,0,0,487.18,21955.1666666667,4391.03333333333,0,0,0,0,0
835912117,82,2,2,22948.586,11474.293,3294.264,0,7800,560,3139.25,0,1658.982,2314,1800,0,541.25,1840.84,28833.3333333333,14416.6666666667,0,0,0,0,0
511984567,82,2,1,4049.194,4049.194,736.1,324.75,0,998.5,40,0,1170,0,340,0,216.5,223.344,12615.6666666667,12615.6666666667,0,0,0,0,0
668935261,82,1,6,12089.6132,2014.9355333333301,5284.332,415.68,2780,599,0,0,1089.6445,370,788.2,0,389.7,373.0567,14800,2466.66666666667,0,0,0,0,0
934671477,82,2,2,25372.6694,12686.3347,7329.2178,1948.5,0,968,216,939.927,6368,888.5,556.5,0,4026.9,2131.1246,51300,25650,1212.4,0,0,1,0
690613529,82,2,4,45185.61,11296.4025,3970.61,502.28,300,5740,651.4,1043,7192,1875,14507.6,8600,216.5,587.22,59716.6666666667,14929.1666666667,0,0,0,0,0
431581105,82,1,5,11994.58,2398.916,4737.02,233.82,1400,900,77.94,0,2720,400,400,0,1125.8,0,34333.3333333333,6866.66666666667,0,0,0,0,0
508310555,82,1,3,32476.429,10825.4763333333,4555.16,3897,7500,1039,3146.69,2179.901,1000,200,8448,0,389.7,120.978,24500,8166.66666666667,389.7,0,0,1,0
398189604,82,1,1,23679.9968,23679.9968,3358.2614,0,3850,7672,2077.1567,744.76,532.382,917.5,497.5,3288,0,742.4367,15000,15000,0,0,0,0,0
734661383,82,1,3,7569.79,2523.26333333333,2385.83,0,950,680,486.6,194.85,1004.56,200,1343.2,0,216.5,108.25,20500,6833.33333333333,0,0,0,0,0
330557099,82,1,1,13473.16,13473.16,5841.17,0,0,2518.26,487.125,4308.35,0,0,0,0,0,318.255,37333.3333333333,37333.3333333333,0,0,0,0,0
471490700,82,1,2,17059.9775,8529.98875,2352.2725,0,700,7001.875,440,192,433,700,3965,250,909.3,116.53,2083.33333333333,1041.66666666667,216.5,0,0,1,0
550329793,82,1,1,23647.55,23647.55,346.4,0,240,7600,8464,0,1181.25,850,2050,320,995.9,1600,19500,19500,0,0,0,0,0
543042151,82,1,3,27725.9383,9241.97943333334,7458.6848,502.1068,2475,2774.49,3250.8277,710,1679.744,1610.56,5976.35,0,1082.5,205.675,23191.8333333333,7730.61111111111,1186.3767,960,1,1,0
261665774,82,2,4,12940.72,3235.18,1428.9,0,1885,695,1120,350,2987.7,1088,3200,0,0,186.12,38633.3333333333,9658.33333333333,0,0,0,0,0
102330557,82,2,2,46724.222,23362.111,11426.87,1732,0,1891,3333.4,3723.8,7200.79,2390,6770,0,1732,6524.362,47125,23562.5,1732,0,0,1,0
143044483,82,1,1,5922,5922,3368.74,545.58,0,680,323.24,70,294.44,180,460,0,0,0,6970,6970,0,0,0,0,1
168897885,82,2,5,21447.122,4289.4244,5477.45,0,0,2843.3,5608.5,894,2848.872,0,1653.3,0,1905.2,216.5,30200,6040,779.4,0,0,1,0
970548131,82,1,4,16662.8152,4165.7038,7401.8752,1169.1,1300,940.61,752,0,875.35,1713,500,250,606.2,1154.68,12770,3192.5,519.6,0,0,1,0
669323272,82,1,5,12756.35,2551.27,9028.05,0,1640,490,245.2,0,0,375,891.5,0,86.6,0,10400,2080,0,0,0,0,1
930838107,82,2,4,27973.17,6993.2925,4455.57,0,0,10000,0,1212.4,3464,1800,2510,2320,0,2211.2,58000,14500,0,0,0,0,0
657241572,82,2,6,22153.83,3692.305,6685.52,1407.25,130,643,378,0,4230,1960,1720,0,3507.3,1492.76,16166.6666666667,2694.44444444444,1472.2,0,0,1,0
226608742,82,1,3,22005.405,7335.135,5984.06,0,290,3710,3625.37,120,1114.975,380,2250,3200,0,1331,17166.6666666667,5722.22222222222,0,0,0,0,0
290257,82,1,4,12531.17,3132.7925,3922.98,0,1519,2778.59,0,0,2000,476.3,1258,0,476.3,100,19800,4950,0,0,0,0,0
10117782,82,1,2,24409.7469,12204.87345,1268.2137,0,1600,8360,2892.5834,888,885.7,1727.85,3402.75,0,151.55,3233.0998,26500,13250,0,0,0,0,0
612961523,82,1,3,56745.312,18915.104,2481.09,281.45,1620,12400,300,7802.82,4319.88,3100,21162,48,2078.4,1151.672,18510,6170,779.4,0,0,1,0
36279975,82,1,2,8561.85,4280.925,4425.26,0,0,742.5,173.2,922.29,0,1587,625,0,0,86.6,93000,46500,0,0,0,0,1
710452607,82,1,2,29055.9428,14527.9714,2817.8774,0,0,1101.185,607.1959,20674.0818,0,1342.1,960,0,1212.4,341.1027,16400.5033333333,8200.25166666667,0,0,0,0,0
890434286,82,2,2,35271.42,17635.71,8906.81,238.15,0,1430,1013.22,5585.7,12800,640,835,0,1970.15,1852.39,16000,8000,1104.15,0,0,1,0
543378508,82,1,5,34937.25,6987.45,8573.4,0,9320,290,2258.75,0,1174.4,1250,5532.4,0,4265.05,2273.25,12216.6666666667,2443.33333333333,1363.95,0,0,1,0
749560095,82,2,2,21149.5391,10574.76955,6257.1531,2264.59,2880,3515,2039.45,0,408.2,1109,540,0,0,2136.146,48660.6666666667,24330.3333333333,0,0,0,0,0
513030022,82,2,2,21559.92,10779.96,8755.26,0,0,6835,173.2,0,320,900,4000,0,0,576.46,21362.6666666667,10681.3333333333,0,0,0,0,0
212743095,82,2,5,19652.14,3930.428,4719.7,0,1260,2750,242.85,900,6975,1000,1515,0,0,289.59,44715.6433333333,8943.12866666667,0,0,0,0,0
13006290,82,2,1,52635.295,52635.295,1558.8,368.05,12500,20032.405,923.1,8080,4959.824,1106.475,850,0,822.7,1433.941,35300,35300,0,0,0,0,0
447294590,82,1,2,10151.9534,5075.9767,2472.6898,0,0,876.5,2019.715,3738.6086,0,320,560,0,0,164.44,16515.6666666667,8257.83333333333,0,0,0,0,0
384313166,82,1,2,16738.95,8369.475,11543.78,0,1020,1258.5,601.87,0,0,1000,800,0,0,514.8,38092.1666666667,19046.0833333333,0,0,0,0,1
157264499,82,2,3,17007.5124,5669.1708,4833.6223,324.75,1500,3066,1096.4521,1100,1106.748,1516.5,1286.6,0,649.5,527.34,12500,4166.66666666667,0,0,0,0,0
726581900,82,1,6,11069.78,1844.96333333333,4165.46,0,600,930,672.8,0,729.5,640,1190,0,0,2142.02,12000,2000,0,0,0,0,0
176672022,82,2,3,33445.8706,11148.6235333333,8425.0542,864.4412,955,1371.62,1960.5,6588.0762,240,2611.83,5758.59,1240,2312.22,1118.539,54643.5,18214.5,2165,0,0,1,0
412889103,82,2,2,58698.256,29349.128,7490.9,1732,6660,2897,13712,2917.1,6162.3,1375,11192,0,775.07,3784.886,51446.6666666667,25723.3333333333,775.07,0,0,1,0
947049662,82,1,2,14934.472,7467.236,606.2,0,300,112,0,0,1124.872,2880,1760,4700,2511.4,940,18625.8333333333,9312.91666666667,2035.1,0,0,1,0
392073211,82,2,4,37090.691,9272.67275,3349.255,727.44,3800,5800,1545.5,170,6566.456,1869.5,10705.06,300,1848.91,408.57,27000,6750,692.8,0,0,1,0
962656254,82,3,6,89195.1125,14865.8520833333,28805.8446,303.1,1400,5022.66,2625.6484,7887,12087.2167,3471.18,7985.73,9600,7884.93,2121.8028,118300,19716.6666666667,3312.45,0,0,1,0
55171908,82,1,3,33243.43,11081.1433333333,6880.37,324.75,1100,7764.75,192.8,0,4295.36,1290,990,0,5629,4776.4,57726.6666666667,19242.2222222222,4330,0,0,1,0
562446333,82,1,1,12039.2438,12039.2438,5570.545,0,720,276,816.6,0,558.57,1064,2778,0,0,255.5288,12000,12000,0,0,0,0,0
723171526,82,2,1,19971.9684,19971.9684,3463.6969,0,600,5908,843.9495,3544.6,1545.652,1142.67,1327.5,0,995.9,600,34375,34375,303.1,0,0,1,0
24726425,82,2,2,14105.7567,7052.87835,3334.1,0,0,984.47,2545,4520.5427,0,1336,720,0,0,665.644,41333.3333333333,20666.6666666667,0,0,0,0,0
712519298,82,2,3,11670.17,3890.05666666667,2875.12,0,1490,2304,228,200,228,1060,2220,400,0,665.05,23333.3333333333,7777.77777777778,0,0,0,0,0
392047986,82,2,3,6617.6258,2205.87526666667,3325.44,0,0,1026.56,0,0,217.6258,0,0,0,0,2048,23686.6666666667,7895.55555555555,0,0,0,0,1
646488765,82,2,3,38700.546,12900.182,3606.89,216.5,3600,6092,4806.89,600,6055.56,2690,5090,400,3031,2511.706,35932.64,11977.5466666667,1861.9,960,1,1,0
971205564,82,2,5,29313.85,5862.77,17047.21,0,100,3160,862.08,2217.05,3515.96,700,500,0,86.6,1124.95,20933.3333333333,4186.66666666667,0,0,0,0,1
477303822,82,2,2,8835.6359,4417.81795,3013.3769,0,0,1594.74,960,1115.2781,480,0,760,0,0,912.2409,16575.5,8287.75,0,0,0,0,0
911945958,82,3,3,108760.3305,36253.4435,4563.7334,0,5660,2699,10617.0404,2790,41641,2060,2000,7140,11117,18472.5567,105000,35000,4113.5,0,0,1,0
170743792,82,2,7,21261.3969,3037.34241428571,4408.373,530.7714,1000,2240,120,5600,1212.4,1740,2860,0,0,1549.8525,29666.6666666667,4238.09523809524,0,0,0,0,0
201090235,82,1,1,25272.92,25272.92,6906.35,424.34,5000,355,1873.65,7190,866,2260,0,0,0,397.58,20700,20700,0,0,0,0,0
34750205,82,2,3,8551.0155,2850.3385,5647.186,0,0,1112.71,194.85,0,0,670,580,0,0,346.2695,13450,4483.33333333333,0,0,0,0,1
561747067,82,2,3,32229.057,10743.019,11651.8135,0,1400,6401.73,1548.6295,248,3323.275,3174.65,960,0,2706.25,814.709,32000,10666.6666666667,0,0,0,0,0
418399071,82,1,4,11830.8321,2957.708025,3997.3261,0,1950,1370,532,173.2,402.4,1696.5,1148,12,0,549.406,23700,5925,0,0,0,0,0
255308819,82,1,1,30604.1331,30604.1331,8385.7811,1082.5,3150,2030,2947.16,1908.8,3852.432,1170,2425.5,0,3269.15,382.81,74501.6666666667,74501.6666666667,3074.3,0,0,1,0
548693248,82,2,3,5851.88,1950.62666666667,822.7,0,0,2000,0,100,0,1700,800,0,0,429.18,53250,17750,0,0,0,0,0
894772330,82,1,1,31997.44,31997.44,4992.49,0,2200,1498.14,6143.35,8657,1732,792,807,0,2771.2,2404.26,20116.1666666667,20116.1666666667,0,0,0,0,0
246431062,82,1,1,20036.8305,20036.8305,6561.2923,0,1350,1134.53,2742.54,3400.7387,80,160,1500,0,2598,509.7295,14500,14500,0,0,0,0,0
491722201,82,2,1,8015.4918,8015.4918,1619.42,1342.3,560,640,352,692.8,1411,96,890,0,0,411.9718,11906.6666666667,11906.6666666667,0,0,0,0,0
507477228,82,1,2,24206.060700000002,12103.030350000001,13900.5124,2056.75,900,1569.8,303.1,2078.8463,1561.05,780,0,0,844.35,211.652,14647.1666666667,7323.58333333333,0,0,0,0,1
490785526,82,2,2,17619.8484,8809.9242,2840.48,458.98,500,3129,314.6,5492,305.6,1256,3062,0,0,261.1884,21066.6666666667,10533.3333333333,0,0,0,0,0
137139416,82,1,1,23384.89,23384.89,5693.95,0,6090,2600,4368.86,1504,120,0,2085,0,0,923.08,9500,9500,0,0,0,0,0
182052764,82,3,3,59566.8264,19855.6088,10453.9623,1883.55,8600,10420.81,7749.7942,4316.5,4351.65,1315,6650.6,1600,844.35,1380.6099,38663,12887.6666666667,0,0,0,0,0
378302533,82,1,5,12326.4596,2465.29192,2420.47,0,1000,800,0,0,796.72,750,3218,864,56,2421.2696,21833.3333333333,4366.66666666667,0,0,0,0,0
410075635,82,1,3,7899.38,2633.12666666667,4966.51,194.85,0,465,0,0,1056.52,500,500,0,216.5,0,27400,9133.33333333333,0,0,0,0,1
167426010,82,1,2,28840.702,14420.351,1808.208,0,0,9488.14,611.8,0,7260.804,5069.5,1339.5,1000,324.75,1938,12000,6000,324.75,0,0,1,0
