id,provincia,propauto,cantmiem,gastot,gastotpc,gc_01,gc_02,gc_03,gc_04,gc_05,gc_06,gc_07,gc_08,gc_09,gc_10,gc_11,gc_12,ingtoth,ingpch,tn_restaurant,tn_internet,cat_gastos_internet,cat_gastos_restaurant,cat_gastos_alimentos
546824195,10,1,4,13435.5113,3358.877825,3287.9855,0,2249,943,1174.77,251.14,779.4,600,3400,0,0,750.2158,16016.6666666667,4004.16666666667,0,0,0,0,0
13048565,10,2,4,23766.09,5941.5225,3528.95,519.6,1100,1660,2544,1991.8,3585.24,1340,1500,1450,4546.5,0,48220.3333333333,12055.0833333333,3377.4,0,0,1,0
423132745,10,2,3,12927.27,4309.09,2935.74,0,0,2235,255.035,0,5247.96,1332.5,750,0,0,171.035,16083.3333333333,5361.11111111111,0,0,0,0,0
148485933,10,3,5,22157.01,4431.402,4169.79,0,1000,1430,2081.8,960,6975,566.5,2969.2,0,1818.6,186.12,22217.83,4443.566,649.5,0,0,1,0
785047648,10,3,4,41729.725,10432.43125,13154.54,0,0,4177,0,800,17384.95,433,1300,0,3550.6,929.635,60954.3333333333,15238.5833333333,1732,0,0,1,0
426427550,10,1,5,12319.43,2463.886,7395.64,0,1100,675,164.54,0,962,474.8,486.6,0,519.6,541.25,11248.6666666667,2249.73333333333,0,0,0,0,1
939791495,10,2,4,7790.1,1947.525,2857.8,0,780,450.5,0,22,866,901,1220,0,692.8,0,43233.3333333333,10808.3333333333,0,0,0,0,0
846172152,10,1,4,11707.815,2926.95375,3441.051,259.8,0,1300,0,4280.5,523.064,0,250,8,1645.4,0,32295.3333333333,8073.83333333333,1645.4,0,0,1,0
271356376,10,1,3,8960.681,2986.89366666667,7658.471,0,0,0,0,1100,0,0,0,0,0,202.21,16581.6666666667,5527.22222222222,0,0,0,0,1
911625979,10,2,2,19770.015,9885.0075,5001.15,779.4,0,1028.985,1493.2,2395.31,3031,2750,2720,0,0,570.97,63333.3333333333,31666.6666666667,0,0,0,0,0
831948779,10,2,4,20447.95,5111.9875,7257.08,0,1500,1735,2400,1890,2745.22,900,1669.1,24,151.55,176,35135.6666666667,8783.91666666667,0,0,0,0,0
210163011,10,2,4,22280.688,5570.172,7547.19,0,700,2640,0,300,5480.048,933,1700,1400,1580.45,0,33133.3333333333,8283.33333333333,1688.7,0,0,1,0
854939552,10,1,5,22825,4565,8750.93,0,2050,2530,2362.4,2170,1710.35,0,820,0,0,2431.32,10500,2100,0,0,0,0,0
308398612,10,2,3,48826.92,16275.64,4156.8,0,5350,2378.5,928.46,4376.2,28425.8,315,1715,0,433,748.16,36979.6666666667,12326.5555555556,0,0,0,0,0
905785394,10,1,6,9729.72,1621.62,4022.57,0,300,4481,339.96,186.19,0,370,30,0,0,0,38046.6666666667,6341.11111111111,0,0,0,0,0
980896764,10,1,6,10878.31,1813.05166666667,7581.83,0,600,1185.31,0,0,0,1299,0,0,0,212.17,11674.0866666667,1945.68111111111,0,0,0,0,1
629330791,10,2,6,37877.174,6312.86233333333,18224.97,909.3,1950,3952.8,249.9,0,6062,1504.65,1664.95,260,2056.75,1041.854,47333.3333333333,7888.88888888889,2165,0,0,1,0
148806763,10,2,5,41137.233586,8227.4467172,11006.2105,0,100,2237.34,2338.4,2832,7532.52,1715.05,3162.05,0,8703.3,1510.363086,56536.1666666667,11307.2333333333,6538.3,0,0,1,0
240081969,10,1,2,5437.712,2718.856,909.3,0,0,925,0,0,3184.36,0,419.052,0,0,0,13987.6666666667,6993.83333333333,0,0,0,0,0
510865028,10,1,6,11225.805,1870.9675,5094.245,0,1715,680,0,303.1,736.1,533,943.3,0,0,1221.06,12466.6666666667,2077.77777777778,0,0,0,0,0
181750481,10,1,4,9057.6512,2264.4128,1860.3845,329.08,700,1440,194.5787,0,1548.408,649.5,900,0,1255.7,180,16660.8333333333,4165.20833333333,1039.2,0,0,1,0
525690147,10,2,3,20832.992,6944.33066666666,3031,0,6130,6080,1052.27,950,692.8,200,2175,0,519.6,2.322,26146.7533333333,8715.58444444444,519.6,77.94,1,1,0
740244094,10,1,2,2946.59,1473.295,1528.49,303.1,0,665,0,0,0,0,350,0,0,100,4000,2000,0,0,0,0,1
951048234,10,1,4,12826.8,3206.7,7629.46,757.75,390,632.5,140.44,959.3,1070.8,275,300,0,151.55,520,11450,2862.5,151.55,0,0,1,1
294621882,10,1,3,7584.74,2528.24666666667,2853.47,0,380,1404,0,1662.72,0,0,808.25,0,0,476.3,12400,4133.33333333333,0,0,0,0,0
117446664,10,1,2,17968.7,8984.35,519.6,0,4100,771.5,3930,50,5622.5,954.65,706.45,0,866,448,4200,2100,0,0,0,0,0
829967261,10,1,5,9872.47000000001,1974.494,5330.23,0,550,505,0,164.54,433,1200,1300,0,0,389.7,10791.6666666667,2158.33333333333,0,0,0,0,1
446134069,10,2,4,6534.44,1633.61,2740.89,0,70,1840,151.55,0,1732,0,0,0,0,0,9000,2250,0,0,0,0,0
812720047,10,1,8,7615,951.875,4979.5,0,50,670,0,0,705.5,1020,190,0,0,0,10633.3333333333,1329.16666666667,0,0,0,0,1
81679014,10,3,3,47171.228,15723.7426666667,8482.47,974.25,0,3054,352,1296,22182.6,1500,7380.68,100,238.15,1611.078,41083.3333333333,13694.4444444444,238.15,0,0,1,0
446650704,10,1,1,3845.26,3845.26,1545.81,0,0,885,376.71,207.84,0,0,700,0,0,129.9,7583.33333333333,7583.33333333333,0,0,0,0,0
232805195,10,1,5,12237.726,2447.5452,3974.94,0,0,1047.5,2186,0,1706.886,1123,350,1070,779.4,0,12341.6666666667,2468.33333333333,0,0,0,0,0
734942081,10,2,3,27781.95,9260.65,6811.09,476.3,2450,7275,108.25,80,5443,675,750,1150,1905.2,658.11,25016.6666666667,8338.88888888889,952.6,0,0,1,0
826140816,10,1,2,12008.15,6004.075,3117.6,0,2090,506.5,300,0,238.15,650,2376.1,225,1017.55,1487.25,13000,6500,1017.55,0,0,1,0
504511521,10,3,4,47575.74,11893.935,6538.3,0,3280,3840,110,700,13249.8,1700,16140,0,1645.4,372.24,70600,17650,1212.4,0,0,1,0
982807967,10,2,5,32987.6821,6597.53642,4076.1754,1281.68,1520,8899.5,525.265,9000,3662.4,960,2030,0,411.35,621.3117,32549,6509.8,0,0,0,0,0
199650795,10,2,4,10104.26,2526.065,3992.26,0,0,2280,0,0,1732,1200,700,0,0,200,23833.3333333333,5958.33333333333,0,0,0,0,0
634351166,10,2,6,9777.34,1629.55666666667,2502.74,0,0,925,0,0,3853.7,833,1100,0,562.9,0,28380.0866666667,4730.01444444444,562.9,0,0,1,0
522946080,10,1,3,17833.2,5944.4,5022.8,0,0,3760,557,0,1892,375,850,0,4676.4,700,28916.6666666667,9638.88888888889,0,0,0,0,0
59021081,10,1,2,8050.134,4025.067,1428.9,801.05,0,1972.5,0,0,1316.184,1299,346.4,0,736.1,150,7233.33333333333,3616.66666666667,0,0,0,0,0
520715542,10,1,3,9865.2675,3288.4225,5164.6075,0,1400,736,73.61,200,224,650,400,16,0,1001.05,11750,3916.66666666667,0,0,0,0,1
170351668,10,1,8,18608.024,2326.003,4542.17,692.8,0,280,584.55,0,1423.704,649.5,1840.25,0,8551.75,43.3,29945.0033333333,3743.12541666667,5997.05,216.5,1,1,0
751100441,10,1,4,8196.974,2049.2435,2394.49,0,700,1210,100,0,1779.584,350,1100,0,0,562.9,16600,4150,0,0,0,0,0
748405043,10,1,3,4418.162,1472.72066666667,1537.15,0,450,200,0,0,417.412,464,750,0,519.6,80,7500,2500,519.6,0,0,1,0
879173653,10,1,3,20318.676,6772.892,12864.43,0,870,1922,0,28,762.946,340,1580,1908,43.3,0,44416.6666666667,14805.5555555556,0,0,0,0,1
274333150,10,1,2,18985.84,9492.92,5607.35,0,800,786.5,4200,2879.45,0,1245.99,1083,0,1883.55,500,14383.3333333333,7191.66666666667,627.85,0,0,1,0
136027235,10,2,6,28994.3072,4832.38453333333,12256.065,0,3304.14,1056.3,673.9,5575.9142,1568.562,781.45,1942.72,0,346.4,1488.856,31175.3333333333,5195.88888888889,0,0,0,0,0
803705069,10,1,5,25349.04,5069.808,6910.68,0,7530,1780,1866.16,4179.85,631.4,0,1400,0,0,1050.95,5616.66666666667,1123.33333333333,0,0,0,0,0
612027135,10,1,1,21522.4631,21522.4631,6798.966,0,1190,5525.5,4417.9971,160,0,970,2460,0,0,0,26083.3333333333,26083.3333333333,0,0,0,0,0
471210376,10,1,1,9221.579,9221.579,2932.709,0,0,1875,691.25,130,917.96,400,1400,0,0,874.66,14185.3333333333,14185.3333333333,0,0,0,0,0
417112108,10,1,6,23106.33,3851.055,12942.37,1247.04,0,3108,172.54,389.7,0,736.1,1994.85,0,1970.15,545.58,17669.3333333333,2944.88888888889,0,0,0,0,1
547979944,10,2,5,18938.41,3787.682,8495.46,0,0,761,0,150,3118,3200,1536.6,0,1082.5,594.85,23733.3333333333,4746.66666666667,0,0,0,0,0
935531286,10,2,7,28934.114,4133.44485714285,5429.82,0,850,1957,0,1299,8884.294,3988,3460,2200,866,0,37525,5360.71428571429,346.4,259.8,1,1,0
980206118,10,2,4,18366.75,4591.6875,1234.05,0,80,1805,70.4,0,4330,3000,1320,855,5672.3,0,119383.333333333,29845.8333333333,5672.3,0,0,1,0
503282011,10,2,1,30279.9625,30279.9625,3724.8825,1082.5,0,4070,2154,220.83,7017.6,2706.5,7117,0,2186.65,0,13344.3333333333,13344.3333333333,1667.05,0,0,1,0
304848645,10,1,5,8908.658,1781.7316,4745.68,0,1800,255,245.2,0,1089.428,0,362,0,411.35,0,7650,1530,411.35,0,0,1,1
68423460,10,2,6,4711.1286,785.1881,614.5136,176.231,0,280,0,1600,1480.584,0,300,0,259.8,0,3200,533.333333333333,0,0,0,0,0
839586241,10,1,1,24561.4,24561.4,2909.76,0,4630,8240,104,1810,0,400,5700,0,467.64,300,16216.3333333333,16216.3333333333,467.64,0,0,1,0
366034881,10,1,3,13467.439,4489.14633333333,3126.693,346.4,0,1645,900.64,433,3635.756,1120,840,0,173.2,1246.75,14200,4733.33333333333,0,0,0,0,0
409647058,10,1,6,10472.108,1745.35133333333,5771.89,0,110,238.8,273.2,500,994.168,0,1000,0,801.05,783,20300,3383.33333333333,0,0,0,0,1
315720206,10,1,6,12831.0644,2138.51073333333,5849.83,0,1100,499,310,2146.2944,857.34,0,1550,5.6,433,80,13282.8333333333,2213.80555555556,433,0,0,1,0
839927460,10,1,1,7824.17,7824.17,346.4,129.9,1000,3930,0,43.3,36.32,216.5,67.2,750,1304.55,0,3116.66666666667,3116.66666666667,0,0,0,0,0
697286068,10,1,4,7710.2,1927.55,5629,0,0,225,433,0,0,500,750,0,0,173.2,6106.66666666667,1526.66666666667,0,0,0,0,1
17387829,10,1,3,12123.74,4041.24666666667,7612.14,0,0,2110,22,0,433,360,1500,0,0,86.6,19672,6557.33333333333,0,0,0,0,1
443538704,10,2,3,24094.665,8031.555,6482.01,186.19,860,5060,216.5,250,7577.5,2000,520,0,0,942.465,56993.3333333333,18997.7777777778,0,0,0,0,0
855344012,10,2,1,37896.93,37896.93,5070.43,0,1500,4590,1448,5000,15605,550,1900,0,2078.4,155.1,38216.6666666667,38216.6666666667,0,0,0,0,0
598848572,10,2,3,24287.98,8095.99333333334,4724.03,0,3350,470,1425.8,2488.7,2485,1700,2100,400,2056.75,3087.7,8000,2666.66666666667,1277.35,0,0,1,0
362275137,10,2,4,17446.32,4361.58,5784.88,0,1880,1360,1244.75,450,2660.64,0,1966,0,1688.7,411.35,21850,5462.5,1688.7,0,0,1,0
420303873,10,1,4,14851.45,3712.8625,4169.79,259.8,525,395,408.05,3764,1264.36,1082.5,1554.05,0,1212.4,216.5,7083.33333333333,1770.83333333333,433,0,0,1,0
325508023,10,1,3,17433.58,5811.19333333334,7257.08,1039.2,780,3060,0,0,1299,949.8,950,0,1363.95,734.55,9350,3116.66666666667,1363.95,0,0,1,0
457126743,10,2,5,22014.058,4402.8116,5975.4,0,0,3258,0,189.95,7400,1500,900,2500,0,290.708,57208.3333333333,11441.6666666667,0,0,0,0,0
119233242,10,1,3,14906.812,4968.93733333333,5161.36,0,1420,2160.95,120,1880,1924.252,692.8,400,0,1147.45,0,6820,2273.33333333333,0,0,0,0,0
927848710,10,1,7,6709.352,958.478857142857,2121.7,454.65,800,502,35,0,270.192,200,780,0,1299,246.81,11633.3333333333,1661.90476190476,0,0,0,0,0
922490464,10,2,2,17482.012,8741.006,2511.4,0,2680,2160,2620,50,2748,2346,1080,0,562.9,723.712,33584,16792,562.9,0,0,1,0
874748902,10,1,9,43174.91,4797.21222222222,14808.6,0,370,1586,2108.85,4822.75,4459.9,3831,2301.05,0,7218.11,1668.65,45137.17,5015.24111111111,1775.3,0,0,1,0
378153442,10,1,1,12529.987,12529.987,5024.965,0,0,3320,649.5,0,1606.44,400,0,0,0,1529.082,10066.6666666667,10066.6666666667,0,0,0,0,0
980403106,10,2,4,38040.61,9510.1525,15956.05,3420.7,5450,1006,2141.96,173.2,1962.5,2470,2256,0,3204.2,0,64366.6666666667,16091.6666666667,2771.2,0,0,1,0
276406337,10,1,2,6586.53,3293.265,2602.33,0,0,815,1536,300,173.2,0,1160,0,0,0,22666.6666666667,11333.3333333333,0,0,0,0,0
592370564,10,1,1,4777.2,4777.2,1039.2,0,0,2000,768,0,0,450,520,0,0,0,6383.33333333333,6383.33333333333,0,0,0,0,0
239091901,10,2,3,15990.93,5330.31,3992.26,0,0,792.5,1203.74,0,4096.18,1116.5,2300,0,1970.15,519.6,15022.3333333333,5007.44444444444,1970.15,0,0,1,0
168250029,10,2,3,33036.59,11012.1966666667,10777.37,0,700,1647.3,862.85,0,3574.1,1696.4,5744.6,1794,3286.55,2953.42,45383.3333333333,15127.7777777778,2857.8,0,0,1,0
4356440,10,2,6,9898.92,1649.82,1853.24,519.6,55,722.6,171.24,90.93,2341.06,866,766.91,9.6,1983.14,519.6,7500,1250,1320.65,0,0,1,0
845440979,10,1,1,5899.6,5899.6,2078.4,0,0,400,0,0,2771.2,500,0,0,0,150,7583.33333333333,7583.33333333333,0,0,0,0,0
891454680,10,1,2,5716.7611,2858.38055,1890.478,0,1000,1234,100,0,346.4,216.5,686.6,0,0,242.7831,9008.33333333333,4504.16666666667,0,0,0,0,0
619960140,10,1,10,16005.6,1600.56,5022.8,0,0,776,2385,0,6321.8,0,1500,0,0,0,49219.32,4921.932,0,0,0,0,0
950457526,10,2,3,25485.54,8495.18,7967.2,0,1850,6817.6,3801.24,1020.9,1513.6,1500,895,0,0,120,16203.3333333333,5401.11111111111,0,0,0,0,0
568499875,10,2,2,31877.676,15938.838,9935.185,385.37,0,2000,4821.75,0,6213.55,1833,3468.6,0,2619.65,600.571,45838,22919,2576.35,0,0,1,0
677148540,10,1,2,2304.14,1152.07,272.79,0,0,375,134,629.55,692.8,0,200,0,0,0,18416.6666666667,9208.33333333333,0,0,0,0,0
266231887,10,1,3,8302.05,2767.35,1818.6,173.2,1200,886,0,0,1250,400,800,800,108.25,866,20460,6820,108.25,0,0,1,0
329740002,10,2,5,8140.455,1628.091,3961.95,0,0,763.13,320.8,0,1846.325,480,500,0,0,268.25,7220,1444,0,0,0,0,0
12104318,10,2,3,15467.5323,5155.8441,5004.2243,0,0,1750,675.48,1820,2829,707.8,780,0,1299,602.028,16186.84,5395.61333333333,1299,0,0,1,0
856525242,10,2,3,12018.01,4006.00333333333,3780.09,0,0,3600,108.25,500,1905.2,640,650,600,0,234.47,27500,9166.66666666667,0,0,0,0,0
716745668,10,1,2,12043.125,6021.5625,6549.125,0,0,1130,0,0,433,500,400,0,3031,0,19500,9750,3031,0,0,1,1
370369876,10,2,4,34698.21,8674.5525,11296.97,329.08,5000,3100,1412.32,0,6928,1460,2424.75,0,1472.2,1274.89,27666.6666666667,6916.66666666667,0,0,0,0,0
873307005,10,2,3,17918.244,5972.748,389.7,0,560,1578,0,4085.56,3911.092,350,400.092,0,6495,148.8,28666.6666666667,9555.55555555555,1385.6,0,0,1,0
455126135,10,2,2,29293.46,14646.73,7049.24,0,3000,2205,6394.03,5820.6,1490,230,0,0,2264.59,840,96741.1666666667,48370.5833333333,2264.59,0,0,1,0
963952895,10,1,3,20737.508,6912.50266666667,4819.29,0,3530,1957.13,681.6,2550,3190.55,1430,1516,0,801.05,261.888,35031.3333333333,11677.1111111111,0,0,0,0,0
851107316,10,1,1,18861.86,18861.86,8097.1,151.55,500,1200,396,5263,112,1655.29,0,0,1428.9,58.02,20500,20500,0,0,0,0,0
554829536,10,2,5,12872.26,2574.452,3550.6,0,1810,1570,2390,50,346.4,1510,995.26,500,0,150,24213.3333333333,4842.66666666667,0,0,0,0,0
494862167,10,1,4,25151.946,6287.9865,13856,1342.3,2700,1315,701.46,320,1794.4,300,970,0,1796.95,55.836,22195,5548.75,1688.7,0,0,1,1
149585769,10,3,6,40813.79,6802.29833333333,3901.33,0,3670,4476,9703,590,5227,1640,1136.1,2800,6062,1608.36,100516.666666667,16752.7777777778,6062,0,0,1,0
883615169,10,1,3,10724.9213,3574.97376666667,1504.8915,0,0,1365,285.78,1983.5,1823.796,1905.5,450,0,1212.4,194.0538,18716.6666666667,6238.88888888889,1212.4,0,0,1,0
289599247,10,1,2,13711.944,6855.972,5122.39,0,0,1440,389.7,4048.55,692.8,433,883,0,0,702.504,9200,4600,0,0,0,0,0
914914026,10,2,2,35966.99,17983.495,3347.09,0,8000,3665,0,240,9140.33,700,750,0,9093,1031.57,24243,12121.5,9677.55,0,0,1,0
852262882,10,1,2,7934.4907,3967.24535,3856.731,0,0,890,1123.1587,1110,0,288.5,150,0,0,516.101,19345.8333333333,9672.91666666667,0,0,0,0,0
895659871,10,1,5,11350.79,2270.158,3810.4,519.6,350,1870,1080,0,2104.38,571.56,850,0,194.85,0,12801.3333333333,2560.26666666667,129.9,0,0,1,0
680345495,10,1,3,14237.53,4745.84333333333,5408.17,0,4800,270,0,600,1732,0,950,400,0,77.36,11000,3666.66666666667,0,0,0,0,0
63803773,10,2,2,11076.02,5538.01,3269.15,0,290,328,0,3274.79,3168.93,267,240,0,0,238.15,13774.5,6887.25,0,0,0,0,0
597294685,10,1,4,11103.36,2775.84,6923.67,0,0,2000,295.55,700,467.64,216.5,300,200,0,0,6902,1725.5,0,0,0,0,1
985243998,10,2,2,20151,10075.5,6620.57,0,4010,3040,1488.43,0,2357,1968.7,0,0,476.3,190,21128.6666666667,10564.3333333333,0,0,0,0,0
854136761,10,1,1,18687.93,18687.93,3628.54,0,2900,2700,194.6,0,237.94,1280,5620,0,1796.95,329.9,5125,5125,1190.75,0,0,1,0
815853631,10,2,3,17227.18,5742.39333333333,7187.8,1238.38,2600,1520,0,0,3031,1000,500,0,0,150,45149.3333333333,15049.7777777778,0,0,0,0,0
145024789,10,1,2,5980.7,2990.35,2489.75,0,0,1960,151.55,0,476.3,0,600,0,0,303.1,3116.66666666667,1558.33333333333,0,0,0,0,0
524845677,10,1,3,2783.09,927.696666666667,930.95,0,300,340,48,0,510.94,0,480,0,173.2,0,14913.3366666667,4971.11222222222,173.2,0,0,1,0
870323290,10,2,3,17863.14,5954.38,4083.19,0,3000,2560,303.1,1740,1212.4,733,3950,0,129.9,151.55,32833.3333333333,10944.4444444444,0,1500,1,0,0
390871371,10,1,4,17420.11,4355.0275,7789.67,0,0,885,271.24,649.5,909.3,494.65,900,0,4438.25,1082.5,16800,4200,0,0,0,0,0
720370331,10,1,1,2846.42,2846.42,870.33,0,0,1017,0,0,319.09,360,0,0,0,280,6000,6000,0,0,0,0,0
810896383,10,3,2,30376.1921,15188.09605,2539.5017,0,3780,1564,2502.2,938.56,10148.4444,2100,3685.775,32,2381.5,704.211,18250,9125,2381.5,6610,1,1,0
830084058,10,1,7,12464.41,1780.63,3234.51,0,0,3910,138.56,0,0,2580,1760,18.64,346.4,476.3,28583.3333333333,4083.33333333333,0,0,0,0,0
612342723,10,1,4,4036.974,1009.2435,1225.39,0,60,565,90,0,367.184,779.4,950,0,0,0,25700,6425,0,34.64,1,0,0
165310711,10,1,7,17537.2586,2505.32265714286,9724.314,0,0,1220,248.109,489.29,2234.28,0,779.4,0,1299,1542.8656,20160.4966666667,2880.07095238095,389.7,0,0,1,1
976393175,10,1,1,7667.1389,7667.1389,3108.94,303.1,0,430,0,1049.5,265.5589,909.3,830,0,519.6,251.14,3500,3500,519.6,0,0,1,0
443005721,10,2,3,51087.854,17029.2846666667,4975.17,0,1420,6741,4118.8,3853.7,22281.612,600,2018.6,0,2338.2,2740.772,44683.6666666667,14894.5555555556,2165,0,0,1,0
55751680,10,1,1,9714.45,9714.45,3554.93,0,540,1972,592.15,1140,0,216.5,1280,0,0,418.87,7333.33333333333,7333.33333333333,0,0,0,0,0
122856867,10,1,4,28023.142,7005.7855,14232.71,0,945,446.8,643.24,2091.39,1893.942,350,2544.48,0,3204.2,1671.38,5983.33333333333,1495.83333333333,1125.8,0,0,1,1
925247497,10,2,5,14134.25,2826.85,5131.05,0,0,1165,86.6,100,2165,2860.8,1500,0,1125.8,0,33770,6754,1125.8,0,0,1,0
473485527,10,1,2,5126.96,2563.48,2216.96,0,0,897,90,0,0,790,700,0,433,0,17341.6666666667,8670.83333333333,0,0,0,0,0
259213512,10,2,4,101897.92,25474.48,12946.7,1190.75,1000,2177.36,9003.1,4565,61650,2332.8,2200,2050,1234.05,1548.16,72791.6666666667,18197.9166666667,866,0,0,1,0
811095985,10,2,3,35584.572,11861.524,5338.89,974.25,2230,8200,400,300,6424.572,1850,1843.3,1800,4763,1460.56,48583.3333333333,16194.4444444444,1299,0,0,1,0
467093990,10,1,3,7139.79,2379.93,3199.87,649.5,0,638,320.42,350,1732,0,250,0,0,0,16195,5398.33333333333,0,0,0,0,0
167125717,10,1,1,4646.24,4646.24,597.54,194.85,0,2067.5,0,0,99.2,454.65,0,0,1082.5,150,4800,4800,822.7,0,0,1,0
966428282,10,1,6,13167.52,2194.58666666667,1350.96,0,1770,2060,243.51,600,2380.45,996.5,2886.2,750,129.9,0,34129.3333333333,5688.22222222222,0,0,0,0,0
94867857,10,1,2,11352.26,5676.13,6832.74,0,700,1380,209.9,0,0,713,490,0,389.7,636.92,3200,1600,389.7,0,0,1,1
818959349,10,1,2,18639.37,9319.685,5031.46,2641.3,2500,2181.27,2279.55,45,124.8,1452.49,1646.4,0,129.9,607.2,14083.3333333333,7041.66666666667,0,0,0,0,0
562725103,10,1,3,5485.092,1828.364,3537.61,0,0,280,185,288,0,0,1150,0,0,44.482,8000,2666.66666666667,0,0,0,0,1
591491356,10,3,3,13820.972,4606.99066666667,4866.92,0,0,1104,0,0,5196,800,1489.7,0,0,364.352,43466.6666666667,14488.8888888889,0,0,0,0,0
597932898,10,1,5,18140.39,3628.078,6005.71,0,3170,1570,320.21,779.4,1738.3,1114.5,1315,0,1277.35,849.92,19816.3333333333,3963.26666666667,0,0,0,0,0
487342391,10,2,1,20205.4958,20205.4958,7365.33,0,0,1798,0,0,6495,2225,1180,0,649.5,492.6658,42000,42000,433,0,0,1,0
960562516,10,1,1,5688.446,5688.446,2701.92,129.9,700,546.2,125,300,216.5,0,747,0,0,221.926,8210.33333333333,8210.33333333333,0,0,0,0,0
11811396,10,3,4,45006.8292,11251.7073,5638.6992,0,4300,1105,1496.25,8097.9,12705.78,1473,6507.4,0,2560.2,1122.6,41733.3333333333,10433.3333333333,822.7,3460.8,1,1,0
834427439,10,3,4,19593.6386,4898.40965,4715.4566,476.3,760,1075,0,0,6783.332,1500,1200,1200,1883.55,0,71175.8333333333,17793.9583333333,1558.8,0,0,1,0
285489339,10,2,4,10836.95,2709.2375,3689.16,281.45,150,930,759.05,129.9,1299,1162.9,1340,0,952.6,142.89,23316.6666666667,5829.16666666667,952.6,0,0,1,0
814925386,10,2,2,34780.19,17390.095,4750.01,411.35,2350,1092.5,5477.94,200,5206,3300,5276,0,5512.09,1204.3,64030.0866666667,32015.0433333333,3693.49,0,0,1,0
646674411,10,1,5,7105.53,1421.106,2823.16,0,0,651.16,0,0,1910.56,0,400,0,1320.65,0,7033.33333333333,1406.66666666667,0,0,0,0,0
493130129,10,2,1,15122.56,15122.56,4685.06,2641.3,1600,562.5,96,0,1732,0,1467,0,1688.7,650,8833.33333333333,8833.33333333333,1125.8,0,0,1,0
934734653,10,1,6,16021.13,2670.18833333333,8906.81,0,1080,298.4,246.81,801.05,433,575,1160,0,1991.8,528.26,10761.67,1793.61166666667,649.5,400,1,1,1
134585395,10,1,3,8313.89,2771.29666666667,1796.95,0,0,1630,289.9,150,937.44,1840,1150,0,519.6,0,6000,2000,519.6,0,0,1,0
229700736,10,3,4,57853.2,14463.3,562.9,0,700,10307.5,2720,400,39831,1382.5,840,0,909.3,200,76000,19000,0,0,0,0,0
635602101,10,1,1,21269.8,21269.8,389.7,1104.15,2500,815,2908,0,3449.75,364.72,2140,0,7274.4,324.08,19017,19017,4026.9,0,0,1,0
332584122,10,1,3,11041.89,3680.63,2727.9,0,3500,1210,0,850,545.58,350,300,750,779.4,29.01,16250,5416.66666666667,0,0,0,0,0
505989069,10,1,4,11099.2198,2774.80495,3195.54,0,1520,360,2650,0,224,562.9,2260,0,0,326.7798,10711.17,2677.7925,0,0,0,0,0
514106571,10,2,3,15598.793,5199.59766666667,3324.141,0,1800,1550,0,0,4955.252,1490,1459.8,0,0,1019.6,58166.6666666667,19388.8888888889,0,0,0,0,0
503239143,10,1,1,14029.7873,14029.7873,6154.7053,0,0,451,2406.472,1523.53,1948.5,360,640,0,0,545.58,7583.33333333333,7583.33333333333,0,0,0,0,0
224721178,10,1,1,11311.3977,11311.3977,3528.6036,0,1060,918.13,791.7311,1335.075,1049.34,306.74,1230.128,0,0,1091.65,14695.3333333333,14695.3333333333,0,0,0,0,0
505030749,10,1,5,13946.18,2789.236,6369.43,259.8,0,1590,0,1118,1039.2,631.55,751.55,0,2186.65,0,17456,3491.2,519.6,0,0,1,0
912545147,10,1,2,4974.385,2487.1925,2507.07,0,160,557.315,0,300,0,520,830,0,0,100,18205.8333333333,9102.91666666667,0,0,0,0,1
299839857,10,1,5,16439.006,3287.8012,5776.22,0,5750,423,400,450,1317.186,949.5,1070,0,303.1,0,19166.6666666667,3833.33333333333,0,0,0,0,0
927164687,10,1,3,14346.89,4782.29666666667,3108.94,316.09,300,856,414,45,4149.82,2803.8,0,1200,906.2,247.04,35250,11750,0,0,0,0,0
601634941,10,1,2,8286.15,4143.075,2186.65,0,780,1832,240,198,433,0,2616.5,0,0,0,4200,2100,0,0,0,0,0
11895041,10,2,2,22978.342276,11489.171138,6453.9083,1294.67,0,1567,7013.109,251.14,2598,1880,1700,0,0,220.514976,41250,20625,0,0,0,0,0
238858961,10,3,5,130785.23,26157.046,13531.25,692.8,4700,1750,8000,0,85523,5490,6500,0,3853.7,744.48,2461500,492300,129.9,0,0,1,0
868217550,10,1,1,17932.28,17932.28,5719.93,1515.5,2000,5160,231.55,0,0,230,1799.5,0,562.9,712.9,19500,19500,562.9,0,0,1,0
422004108,10,1,2,4692.4824,2346.2412,1138.0539,0,0,895,0,0,1082.5,250,0,0,0,1326.9285,8329.33333333333,4164.66666666667,0,0,0,0,0
674309903,10,1,6,15840.972,2640.162,8426.18,0,1050,688,467.64,803.1,841.752,1868.5,570,0,0,1125.8,21263.3333333333,3543.88888888889,0,0,0,0,1
778037274,10,1,6,15052.252,2508.70866666667,7131.51,0,2005,3070,1189.49,549.91,222.562,0,240.88,0,0,642.9,14116.6666666667,2352.77777777778,0,0,0,0,0
83039916,10,2,4,22143.5408,5535.8852,3472.66,0,4560,2223.5,494.15,1246.1,4495.6,2931.7,1530,152,0,1037.8308,31108.3333333333,7777.08333333333,0,200,1,0,0
722827777,10,1,2,19640.84,9820.42000000001,6438.71,0,0,1300,173.2,10033.02,497.95,200,917.96,0,0,80,21130.3333333333,10565.1666666667,0,0,0,0,0
303586885,10,1,3,7995.105,2665.035,3279.975,0,1310,728,210,389.7,666.6,112.58,1118.25,0,0,180,3116.66666666667,1038.88888888889,0,0,0,0,0
722300590,10,1,7,30232.241,4318.89157142857,11278.351,0,1050,1232.5,160,3314.5,0,6928.2,3853.79,0,1970.15,444.75,23765,3395,0,0,0,0,0
159239435,10,1,6,6401.258,1066.87633333333,2429.13,0,0,720,0,0,1912.128,300,1040,0,0,0,10083.3333333333,1680.55555555556,0,0,0,0,0
427103857,10,2,4,21036.92,5259.23,4858.26,151.55,1160,1751.5,645.7,47,4113.5,1741.76,950,0,3961.95,1655.7,20083.3333333333,5020.83333333333,3637.2,0,0,1,0
975111864,10,2,7,26767.21,3823.88714285714,10833.66,0,6480,220,792.03,0,0,0,890,0,7551.52,0,9983.35,1426.19285714286,7317.7,0,0,1,0
969656869,10,2,1,38022.34,38022.34,12227.92,0,1830,1430,1092.16,5295.66,6597.092,760,6332,0,0,2457.508,25166.6666666667,25166.6666666667,0,0,0,0,0
123409764,10,1,3,7219.212,2406.404,5239.3,0,0,80,0,400,374.112,346.4,779.4,0,0,0,22316.6666666667,7438.88888888889,0,0,0,0,1
931894691,10,2,6,31243.2396,5207.2066,5130.7036,0,4330,440,2545.6,160.21,7145.3,2316.3,3163.92,25,4913.6,1072.606,21020,3503.33333333333,4849.6,0,0,1,0
871021574,10,1,1,29866.918,29866.918,6256.85,454.65,7100,6500,80,528.05,2869.168,1940,1100,0,1169.1,1869.1,15333.3333333333,15333.3333333333,1039.2,0,0,1,0
55283595,10,2,2,23238.078,11619.039,3951.558,0,11250,2968,809.24,710,1136.52,1100,900,0,0,412.76,7966.66666666667,3983.33333333333,0,0,0,0,0
902453399,10,1,2,6652.5,3326.25,2859.965,259.8,0,540,1054.355,0,173.2,700,0,0,822.7,242.48,14108.3333333333,7054.16666666667,519.6,0,0,1,0
609964611,10,1,4,4562.72,1140.68,3347.09,0,0,465.63,0,0,0,0,550,0,0,200,7583.33333333333,1895.83333333333,0,0,0,0,1
988338197,10,2,4,14116.66,3529.165,8976.09,0,1150,850,311.76,0,1732,400,450,0,151.55,95.26,25183.3333333333,6295.83333333333,0,0,0,0,1
466084880,10,1,2,19649.46,9824.73,2476.76,0,5380,2006.7,4734,250,1540.64,800,2384,0,0,77.36,15250,7625,0,0,0,0,0
147613515,10,1,2,33695.32,16847.66,3961.95,2381.5,1300,10600,160,3348,3933,1800,0,0,3242.75,2968.12,65076.3333333333,32538.1666666667,1428.9,0,0,1,0
777574489,10,1,4,15197.31,3799.3275,7166.15,86.6,0,2010,0,2000,2947.68,0,600,0,0,386.88,17490.3333333333,4372.58333333333,0,0,0,0,0
176183712,10,2,5,13624.916,2724.9832,2494.946,0,410,1001,550,855,1591.62,0,1523.25,0,844.35,4354.75,6083.33333333333,1216.66666666667,844.35,0,0,1,0
343838718,10,2,2,40730.69,20365.345,7936.89,0,0,4444.8,15000,3100,6495,1800,1500,0,0,454,65795.8333333333,32897.9166666667,0,0,0,0,0
483067703,10,1,4,19625.648,4906.412,1879.22,519.6,4800,1735,195.44,0,6294.088,1350,2120,256,0,476.3,31643.6666666667,7910.91666666667,0,0,0,0,0
926304079,10,1,3,5913.934,1971.31133333333,1493.85,0,0,1210,150,80,280.584,850,900,0,649.5,300,24174.1666666667,8058.05555555555,0,0,0,0,0
486569348,10,2,2,26604.4383,13302.21915,6618.405,0,5400,1040.6,1049.5,6044.4876,4066,866,1000,0,0,519.4457,16105,8052.5,0,0,0,0,0
784259669,10,1,4,8723.155,2180.78875,6722.325,0,0,480,0,0,0,300,1000,0,0,220.83,23253.3333333333,5813.33333333333,0,0,0,0,1
621254885,10,1,9,9604.37,1067.15222222222,6828.41,0,140,815,129.9,300,311.76,576,460,0,0,43.3,29623.99,3291.55444444444,0,0,0,0,1
562375978,10,1,3,14834.66,4944.88666666667,7300.38,194.85,0,1700,229.49,0,2944.4,1349.5,700,0,0,416.04,27711.6666666667,9237.22222222222,0,0,0,0,0
483947530,10,2,4,26065.14,6516.285,4161.13,0,8590,2300,768,50,2165,1424,1045,0,2792.85,2769.16,30162.3333333333,7540.58333333333,2792.85,0,0,1,0
657646321,10,2,1,38873.636,38873.636,6954.846,0,550,3984.77,1347.75,2000,19765,1123,900,0,1645.4,602.87,37666.6666666667,37666.6666666667,0,0,0,0,0
46048100,10,1,2,5848.41,2924.205,809.71,0,0,1700,100,50,1688.7,800,700,0,0,0,15166.6666666667,7583.33333333333,0,0,0,0,0
565424309,10,2,2,31117.56,15558.78,7356.67,0,6100,1420,5288,0,3598,1005.99,590,0,2468.1,3290.8,29966.6666666667,14983.3333333333,2792.85,0,0,1,0
570761410,10,1,4,6990.82,1747.705,3719.47,0,20,1112,463.55,0,692.8,433,550,0,0,0,8400,2100,0,0,0,0,1
49164895,10,1,5,20907.4,4181.48,4667.74,0,6530,1548,793,0,1112.81,3769.5,2075,0,411.35,0,41151.1666666667,8230.23333333333,411.35,0,0,1,0
67722150,10,1,1,7053.905,7053.905,833.525,0,0,280,0,549.28,606.2,2266.4,570,0,1385.6,562.9,8666.66666666667,8666.66666666667,1385.6,0,0,1,0
293237767,10,1,12,10543.4,878.616666666667,5672.3,0,2140,1200,144,0,144,0,940,0,0,303.1,137456.666666667,11454.7222222222,0,0,0,0,1
448225730,10,2,5,23910.76,4782.152,8365.56,519.6,50,1720,244.85,0,6762,1753.65,660,1650,2035.1,150,10366.6666666667,2073.33333333333,1688.7,0,0,1,0
250692680,10,2,3,13229.37,4409.79,5382.19,0,0,1720,804,2543.6,721,1250,600,0,0,208.58,25333.3333333333,8444.44444444444,0,0,0,0,0
747193395,10,1,3,9106.26,3035.42,3862.36,0,400,676,414.85,173.2,1679.85,1300,600,0,0,0,9540,3180,64.95,0,0,1,0
856120165,10,2,4,19754.3433,4938.585825,8551.7933,0,0,390.8,217.6,45,4198,280,4850,550,671.15,0,23551.6666666667,5887.91666666667,562.9,0,0,1,0
157829884,10,1,6,12306.49,2051.08166666667,6490.67,0,1500,1445,298.77,0,216.5,1771,303.1,0,108.25,173.2,20080.1666666667,3346.69444444444,0,0,0,0,1
268838029,10,1,4,13338.44,3334.61,4429.59,1299,3000,950,368.05,400,692.8,779.4,900,0,0,519.6,11200,2800,0,0,0,0,0
20221501,10,2,3,14920.857,4973.619,2108.277,173.2,1650,2550,100,400,3013.68,1470,1300,0,1255.7,900,71097.5,23699.1666666667,1255.7,0,0,1,0
585763838,10,2,2,54243.3408,27121.6704,5285.0248,692.8,0,7304,0,1473.2,32005.826,1519,1200,3400,909.3,454.19,22408,11204,909.3,0,0,1,0
985308182,10,1,2,20905.5717,10452.78585,7864.9687,0,0,3600,361.122,5155.616,346.4,1000,1016.5,0,952.6,608.365,10833.3333333333,5416.66666666667,0,0,0,0,0
383251232,10,1,4,16221.2457,4055.311425,3379.565,0,0,1050,2202.974,1325,2927.08,1782.5,1248,76,1385.6,844.5267,25206.5,6301.625,1385.6,0,0,1,0
813722357,10,1,1,5979.4498,5979.4498,2134.9498,0,100,450,0,480,0,1082.5,0,0,1732,0,5891.66666666667,5891.66666666667,1732,0,0,1,0
50711442,10,1,4,5645.35,1411.3375,2143.35,0,1400,370,0,0,1732,0,0,0,0,0,13300,3325,0,0,0,0,0
866733568,10,1,2,8420.2,4210.1,3043.99,216.5,0,3250,194.85,0,0,633,762.99,150,0,168.87,3469.16666666667,1734.58333333333,0,0,0,0,0
690173909,10,2,5,32864.978,6572.9956,6529.64,0,1300,4959,446.6,1700,10576.938,562.9,1580,750,4113.5,346.4,28630.6666666667,5726.13333333333,649.5,1515.5,1,1,0
381193335,10,2,3,46531.802,15510.6006666667,562.9,0,10390,9355,10758,0,9895.912,2070,1250,700,974.25,575.74,92975,30991.6666666667,974.25,0,0,1,0
254404556,10,2,4,24615.254,6153.8135,5178.68,0,2000,1300,1553,1299,4731.664,800,4760,0,2056.75,936.16,51887.3333333333,12971.8333333333,995.9,2240,1,1,0
595604824,10,2,2,35533.291,17766.6455,6999.445,614.86,5950,5101,844.13,0,873.1,925,12682,0,1125.8,417.956,24083.3333333333,12041.6666666667,0,0,0,0,0
788526579,10,1,2,6459.18,3229.59,3022.34,0,890,466,0,0,389.7,240.5,550,0,129.9,770.74,5100,2550,281.45,0,0,1,0
647225456,10,2,4,16763.112,4190.778,2970.38,0,3340,852,320,800,4755.022,500,1100,0,1775.3,350.41,15150,3787.5,389.7,0,0,1,0
582302663,10,1,10,5271.495,527.1495,2818.83,0,0,1876.15,0,0,433,0,0,100,0,43.515,17353.3333333333,1735.33333333333,0,0,0,0,1
360431466,10,1,5,12193.262,2438.6524,5815.19,0,240,722.8,1255.55,0,772.472,960,1115.26,0,0,1311.99,5200,1040,0,0,0,0,0
602684086,10,1,2,4210.66,2105.33,532.59,0,600,1270,43.3,0,458.98,433,600,0,272.79,0,13050,6525,272.79,0,0,1,0
767348146,10,1,1,3260.41,3260.41,1684.37,173.2,360,835,0,0,0,207.84,0,0,0,0,4000,4000,0,0,0,0,1
484107646,10,2,9,13083.432,1453.71466666667,3199.87,151.55,0,4656.4,0,270,2755.612,1600,450,0,0,0,45393,5043.66666666667,0,0,0,0,0
918363223,10,1,3,16179.89,5393.29666666667,8945.78,606.2,950,2340,182.89,150,1299,433,0,0,0,1273.02,12293.3333333333,4097.77777777778,0,0,0,0,1
981884813,10,1,3,8993.69,2997.89666666667,3775.76,909.3,1100,695.6,194.85,100,216.5,1065.18,720,0,151.55,64.95,7383.33333333333,2461.11111111111,259.8,0,0,1,0
430587517,10,2,1,13629.34,13629.34,1723.34,0,1420,1345,552,0,3897,410,2450,0,1732,100,12546.6666666667,12546.6666666667,1732,0,0,1,0
980905632,10,1,8,8239.35,1029.91875,7252.75,0,0,570,308.35,0,0,0,0,0,0,108.25,6716.66666666667,839.583333333333,0,0,0,0,1
266904503,10,1,4,15233.67,3808.4175,5213.32,0,600,2690,554.24,0,2242.94,0,690,0,2424.8,818.37,5566.66666666667,1391.66666666667,649.5,0,0,1,0
819042204,10,2,4,19860.8406,4965.21015,4727.3641,573.3786,3069,1000,3280.704,649.5,4034.52,796.1,600,0,562.9,567.3739,31883.3333333333,7970.83333333333,0,0,0,0,0
169496111,10,1,4,13137.1,3284.275,4555.16,0,1100,245,259.8,3144.35,467.64,846.5,765,0,0,1753.65,13041.6666666667,3260.41666666667,0,0,0,0,0
614705681,10,3,3,75590.3336,25196.7778666667,5737.25,1299,3100,1973.5,12295.72,14000,14223.32,2727,9760,0,9006.4,1468.1436,59185.5,19728.5,7534.2,0,0,1,0
566100580,10,2,2,38126.597,19063.2985,12193.28,0,1560,2717,2492.8,1337.2,4391.6,3058,1812.8,0,5347.55,3216.367,64382,32191,4113.5,0,0,1,0
777686073,10,1,2,16707.46,8353.73,9543.32,0,24,2116,900.34,2238.7,480,829.5,56,0,0,519.6,14093.8333333333,7046.91666666667,0,0,0,0,1
957575224,10,1,1,21159.652,21159.652,4236.472,0,6720,3451,5782.18,0,120,310,440,0,0,100,15831.5,15831.5,0,0,0,0,0
880106069,10,1,7,17696.44,2528.06285714286,6702.84,1602.1,2800,576,0,0,1731.4,0,950,0,3334.1,0,24266.6666666667,3466.66666666667,3204.2,0,0,1,0
359750196,10,3,7,126789.2577,18112.7511,20744.164,225.16,25330,9225,11865.44,12549.58,20637.932,8244.84,6974.67,0,6627.65,4364.8217,96493.3333333333,13784.7619047619,5022.8,8791.52,1,1,0
469131290,10,2,3,17840.97,5946.99,2814.5,0,0,2659.42,0,1817,3355.75,1581.76,2274.25,0,2966.05,372.24,52000,17333.3333333333,1299,0,0,1,0
573774383,10,1,6,11547.96,1924.66,2879.45,4243.4,0,290,480,2240,43.3,0,650,0,692.8,29.01,34108.3333333333,5684.72222222222,692.8,0,0,1,0
377127317,10,2,5,21086.038,4217.2076,6313.14,0,0,825,0,374,2730.498,1300,6045.4,0,2598,900,21250,4250,1299,0,0,1,0
74567961,10,3,5,16932.13,3386.426,6607.58,0,0,2000.3,433,0,4330,2553,900,0,108.25,0,65233.3333333333,13046.6666666667,0,0,0,0,0
415182201,10,1,3,20831.6466,6943.8822,3743.285,346.4,1500,5300.105,0,0,6697.828,976.5,1430,80.8,500,256.7286,10300,3433.33333333333,0,0,0,0,0
440177196,10,1,2,9597.1332,4798.5666,4574.3852,0,0,234,114.312,1684.4,1212.4,230,382,0,324.75,840.886,12973.6666666667,6486.83333333333,324.75,0,0,1,0
767003233,10,2,3,11621.73,3873.91,3100.28,0,0,1830,64,45,2683.05,1433,1500,0,562.9,403.5,54166.6666666667,18055.5555555556,822.7,0,0,1,0
615674167,10,1,3,10580.75,3526.91666666667,3615.55,0,0,603,0,0,649.5,966,546.6,0,4113.5,86.6,15516.6666666667,5172.22222222222,4113.5,0,0,1,0
5981828,10,2,3,20275.162,6758.38733333333,8040.81,0,1160,1200,0,0,4979.5,1553,0,0,3230.18,111.672,26500,8833.33333333333,2208.3,0,0,1,0
843563526,10,2,4,25493.64,6373.41,7438.94,0,2100,6620,0,1000,2338.2,0,3398.5,0,2598,0,24500,6125,2598,0,0,1,0
556947285,10,1,4,13723.76,3430.94,4858.26,0,900,858,621,2818.5,0,48,3320,0,0,300,17533.3333333333,4383.33333333333,0,0,0,0,0
745770939,10,1,4,14649.698,3662.4245,6334.79,606.2,0,1065,528,2100,1437.56,840,984.212,0,649.5,104.436,26433.3333333333,6608.33333333333,0,0,0,0,0
860832681,10,1,3,8898.45,2966.15,1385.6,0,200,1185,192,1700,1775.3,476.5,1984.05,0,0,0,8283.33333333333,2761.11111111111,0,0,0,0,0
683539152,10,2,3,12920.54,4306.84666666667,3593.9,0,0,2461.5,0,950,2598,2000,1000,0,0,317.14,28750,9583.33333333333,0,0,0,0,0
826987819,10,1,3,11940.63,3980.21,4858.26,0,2625,1269.2,0,0,497.95,1070,1306.3,0,0,313.92,23266.6666666667,7755.55555555555,0,0,0,0,0
521817952,10,2,5,19668.698,3933.7396,8488.099,0,4460,1130,775.411,1680,210.438,120,1200,300,0,1304.75,47924.6666666667,9584.93333333333,0,0,0,0,0
850143793,10,2,4,14335.8304,3583.9576,3490.1099,0,0,715,0,0,3308.12,900,950,2700,2152.01,120.5905,11816.6666666667,2954.16666666667,1350.96,0,0,1,0
79935322,10,2,4,21907.2278,5476.80695,2241.4678,0,0,2400,0,0,8627,1150,1300,1000,562.9,4625.86,26791.6666666667,6697.91666666667,562.9,0,0,1,0
533067424,10,3,4,43435.575,10858.89375,6594.59,0,2690,2248,1380,1515.5,18584.75,1000,1824.95,2950,3767.1,880.685,46950,11737.5,2901.1,0,0,1,0
977921599,10,1,1,22119.93,22119.93,1537.15,649.5,0,8450,2320,2500,909.3,450,1750,0,1515.5,2038.48,28666,28666,1299,0,0,1,0
353715347,10,1,4,9025.83,2256.4575,4360.31,0,800,505,280,0,969.92,433,725,0,952.6,0,7500,1875,519.6,0,0,1,0
250048116,10,1,1,4071.19,4071.19,3087.29,0,170,432.5,99,0,83.2,0,80,0,0,119.2,6344.33333333333,6344.33333333333,0,0,0,0,1
601523317,10,1,6,10306.824,1717.804,4226.08,0,1050,789.2,1810.08,442,649.5,649.5,500,0,0,190.464,19226.1666666667,3204.36111111111,0,0,0,0,0
49112548,10,2,3,74658.028,24886.0093333333,15544.7,1277.35,5700,17520,952.6,10402.7,6004.528,1719.6,2629.9,1100,8573.4,3233.25,57100,19033.3333333333,8421.85,0,0,1,0
779749270,10,2,8,17608.21,2201.02625,10660.46,2143.35,300,1100,173.94,0,2366,0,596,0,0,268.46,8366.66666666667,1045.83333333333,0,0,0,0,1
378152092,10,1,3,25328.36,8442.78666666667,7828.64,779.4,3745,747,294.85,0,605.25,1740,3658.6,0,5325.9,603.72,17890,5963.33333333333,4849.6,0,0,1,0
602856451,10,1,3,26845.79,8948.59666666667,10140.86,844.35,1600,1629,1250.79,7232.7,519.6,800,1559.8,0,64.95,1203.74,14083.3333333333,4694.44444444444,0,0,0,0,0
893506390,10,2,7,15420.35,2202.90714285714,1948.5,0,1130,1820,50,0,3094.4,3181.5,1403.1,0,1970.15,822.7,45016.6666666667,6430.95238095238,1450.55,0,0,1,0
800253775,10,2,6,15917.22,2652.87,3502.97,866,2000,2860,240,45,1753.65,1000,880,2250,519.6,0,28266.6666666667,4711.11111111111,519.6,0,0,1,0
410406542,10,2,3,22420.0044,7473.3348,3380.6908,0,500,570,1812.4,5653.9926,2488.884,565,3606.85,0,3446.68,395.507,26250,8750,3446.68,0,0,1,0
526006901,10,1,2,50022.56,25011.28,1004.56,0,0,1470,8000,0,37722,1126,700,0,0,0,21666.6666666667,10833.3333333333,0,0,0,0,0
47875537,10,1,4,32446.272,8111.568,20775.34,0,1530,5960,697.5,0,649.5,433,814.75,0,0,1586.182,32150,8037.5,0,0,0,0,1
466820613,10,3,2,14343.5066,7171.7533,2511.4,0,0,2800,0,650,1840.25,760,4151.55,0,1385.6,244.7066,37916.6666666667,18958.3333333333,1385.6,0,0,1,0
619020661,10,1,6,14622.9475,2437.15791666667,8787.0855,0,100,406.2,367.21,0,426.072,300,3863.18,32,0,341.2,19602.6566666667,3267.10944444444,155.88,0,0,1,1
939052389,10,1,4,17997.976,4499.494,7858.95,0,0,1271.2,1801.09,1205.38,1951.216,240,2656.1,0,692.8,321.24,15000,3750,0,0,0,0,0
882218331,10,1,3,8267.24,2755.74666666667,2143.35,0,0,2290,281.45,0,866,1242.5,121.24,500,822.7,0,8300,2766.66666666667,0,0,0,0,0
79374053,10,1,1,12524.434,12524.434,5399.51,0,1300,415,1692,384,383.1,1199.6,1131,0,433,187.224,16583.3333333333,16583.3333333333,779.4,0,0,1,0
300465926,10,2,2,38470.19,19235.095,2208.3,0,2650,3050,7108.8,1968,9461,1900,4765.5,0,2922.75,2435.84,62533.3333333333,31266.6666666667,2229.95,0,0,1,0
901489474,10,1,1,8709.3282,8709.3282,2935.2637,0,500,685,30,0,987.24,1549.5,950,0,822.7,249.6245,10916.6666666667,10916.6666666667,433,0,0,1,0
504206262,10,1,6,7235.09999999999,1205.85,2173.66,433,0,385.5,225.16,0,1402.92,0,1200,800,108.25,506.61,23040.0033333333,3840.00055555556,0,0,0,0,0
997014127,10,1,6,10474.2701,1745.71168333333,3728.0867,0,100,1642,200,550,1486.056,1732,700,8,0,328.1274,42172.6666666667,7028.77777777778,0,0,0,0,0
776052726,10,2,4,31129.362,7782.3405,6356.44,1697.36,1820,2595,584,40,2607.25,1200,6962.4,1300,5737.25,229.662,45750,11437.5,5737.25,0,0,1,0
761258081,10,1,2,25973.94,12986.97,9153.62,2403.15,7490,3216.5,233.82,0,1633,350,0,0,1299,194.85,33883.3333333333,16941.6666666667,0,0,0,0,0
401175533,10,1,3,11568.075,3856.025,8105.0239,0,0,635,595.8211,0,0,1142,900,0,0,190.23,35613.5,11871.1666666667,0,0,0,0,1
523897116,10,2,1,21258.22,21258.22,1654.06,1333.64,4550,1120,352,0,6408.4,800,900,0,3204.2,935.92,19000,19000,0,0,0,0,0
715452604,10,1,3,11867.07,3955.69,6187.57,0,0,3430,0,0,649.5,1120,480,0,0,0,19916.6666666667,6638.88888888889,0,0,0,0,1
843579491,10,2,3,54084.71,18028.2366666667,2961.72,0,4000,3068,1056.8,150,20147.86,1313,18881.8,0,866,1639.53,36621.6666666667,12207.2222222222,0,0,0,0,0
859952902,10,1,2,6047.53,3023.765,1892.21,0,680,660,757.75,0,1125.8,200,0,0,0,731.77,3050,1525,0,0,0,0,0
290969049,10,1,3,8522.35,2840.78333333333,2533.05,0,620,2040,0,0,433,720,1500,0,476.3,200,54603.3333333333,18201.1111111111,476.3,0,0,1,0
522167274,10,1,5,12032.75,2406.55,3680.5,0,350,1670,0,1240,779.4,1700,1568.05,3.2,519.6,522,17708.3333333333,3541.66666666667,519.6,0,0,1,0
950200763,10,1,1,5524.7172,5524.7172,2894.605,0,0,427.72,532.59,586.0222,710.12,0,0,0,0,373.66,2877.5,2877.5,0,0,0,0,1
130198627,10,1,4,6733.698,1683.4245,3654.52,0,120,940,396.45,129.9,93.528,324.75,490,0,0,584.55,6050,1512.5,0,0,0,0,1
422215763,10,2,3,7837.975,2612.65833333333,3539.775,303.1,60,530,458.6,1000,713.5,433,800,0,0,0,17048.5,5682.83333333333,0,0,0,0,0
412404793,10,2,11,19116.574,1737.87036363636,2888.11,0,3750,2300,180,0,3820.564,2325.8,1950,0,1493.85,408.25,58916.6666666667,5356.06060606061,1169.1,0,0,1,0
178450785,10,1,4,4302.85,1075.7125,1926.85,0,0,1350,0,160,389.7,0,0,0,476.3,0,18633.3333333333,4658.33333333333,476.3,0,0,1,0
530390359,10,3,5,9063.765,1812.753,6575.105,0,0,1000,225.16,0,0,288.5,975,0,0,0,79045,15809,0,0,0,0,1
901972994,10,1,1,15281.36,15281.36,1190.75,0,2300,855,0,0,6099,0,0,0,3767.1,1069.51,18633.3333333333,18633.3333333333,3767.1,0,0,1,0
287270365,10,1,6,18708.735,3118.1225,5973.235,129.9,3790,1268,4026.4,0,1299,0,750,0,1082.5,389.7,19333.3333333333,3222.22222222222,692.8,0,0,1,0
561043037,10,1,4,31091.7753,7772.943825,17844.4063,0,2000,1452.5,2195.879,3312.45,866,0,630,0,562.9,2227.64,6383.33333333333,1595.83333333333,562.9,0,0,1,1
195987837,10,1,1,8297.3,8297.3,2035.1,0,350,1181,377.45,0,173.2,1009,1288,0,779.4,1104.15,7183.33333333333,7183.33333333333,779.4,0,0,1,0
15489948,10,1,5,12255.41,2451.082,3147.91,173.2,1990,1430,40,0,866,1779.4,1400,0,1299,129.9,47683.3366666667,9536.66733333333,0,0,0,0,0
825259056,10,1,1,10861.44,10861.44,1333.64,909.3,2500,2300,1904,0,232,0,600,0,1082.5,0,5300,5300,1082.5,0,0,1,0
905123776,10,3,4,24041.65536,6010.41384,8205.35,519.6,3960,1740,844.8,920,2121.7,270,3461.91,100,0,1898.29536,38507,9626.75,0,0,0,0,0
132812541,10,1,1,16149.9,16149.9,3334.1,0,2190,1541,2612,355.06,583.5,0,1578,0,3204.2,752.04,32858.3333333333,32858.3333333333,0,0,0,0,0
